1,-1.500,-0.700,0.000,0.000,0.000,-0.007,-1
2,-1.500,-0.700,0.000,0.000,0.000,-0.009,-1
3,-1.500,-0.700,0.000,0.000,0.000,-0.006,-1
4,-1.500,-0.700,0.000,0.000,0.000,-0.006,-1
5,-1.500,-0.700,0.000,0.000,0.000,-0.007,-1
6,-1.500,-0.700,0.000,0.000,0.000,-0.007,-1
7,-1.500,-0.700,0.000,0.000,0.000,-0.006,-1
8,-1.498,-0.700,0.000,0.001,-0.011,-0.006,8.0
9,-1.494,-0.700,0.000,0.006,-0.031,-0.006,8.0
10,-1.489,-0.700,0.000,0.013,-0.054,-0.006,8.0
11,-1.484,-0.700,0.000,0.023,-0.078,-0.006,8.0
12,-1.480,-0.700,0.000,0.038,-0.102,-0.006,8.0
13,-1.475,-0.700,0.000,0.059,-0.126,-0.006,8.0
14,-1.473,-0.700,0.000,0.079,-0.140,-0.006,11.0
15,-1.472,-0.700,0.000,0.090,-0.145,-0.006,11.0
16,-1.472,-0.700,0.000,0.092,-0.148,-0.006,11.0
17,-1.472,-0.700,0.000,0.086,-0.151,-0.005,11.0
18,-1.473,-0.700,0.000,0.073,-0.153,0.009,11.0
19,-1.473,-0.700,0.000,0.053,-0.156,0.012,11.0
20,-1.474,-0.700,0.000,0.025,-0.160,0.005,11.0
21,-1.474,-0.700,0.000,-0.012,-0.165,0.004,11.0
22,-1.475,-0.700,0.000,-0.056,-0.171,0.007,11.0
23,-1.475,-0.700,0.000,-0.109,-0.178,0.007,11.0
24,-1.475,-0.700,0.000,-0.171,-0.186,0.006,11.0
25,-1.476,-0.700,0.000,-0.240,-0.194,0.005,11.0
26,-1.476,-0.700,0.000,-0.318,-0.203,0.005,11.0
27,-1.476,-0.700,0.000,-0.404,-0.213,0.005,11.0
28,-1.477,-0.700,0.000,-0.498,-0.224,0.004,11.0
29,-1.477,-0.700,0.000,-0.600,-0.236,0.004,11.0
30,-1.477,-0.700,0.000,-0.711,-0.248,0.003,11.0
31,-1.478,-0.700,0.000,-0.830,-0.262,0.003,11.0
32,-1.478,-0.700,0.000,-0.958,-0.277,0.002,11.0
33,-1.478,-0.700,0.000,-1.095,-0.293,0.001,11.0
34,-1.479,-0.700,0.000,-1.241,-0.310,-0.000,11.0
35,-1.479,-0.700,0.000,-1.397,-0.329,-0.002,11.0
36,-1.479,-0.699,0.000,-1.563,-0.349,-0.003,11.0
37,-1.480,-0.699,0.000,-1.739,-0.370,-0.005,11.0
38,-1.480,-0.699,0.000,-1.925,-0.392,-0.007,11.0
39,-1.480,-0.699,0.000,-2.123,-0.417,-0.009,11.0
40,-1.481,-0.699,0.000,-2.331,-0.443,-0.012,11.0
41,-1.481,-0.699,0.000,-2.550,-0.470,-0.015,11.0
42,-1.481,-0.699,0.000,-2.781,-0.500,-0.018,11.0
43,-1.482,-0.699,0.000,-3.024,-0.531,-0.022,11.0
44,-1.482,-0.699,0.000,-3.279,-0.565,-0.026,11.0
45,-1.482,-0.699,0.000,-3.545,-0.601,-0.031,11.0
46,-1.483,-0.699,0.000,-3.824,-0.639,-0.036,11.0
47,-1.483,-0.699,0.000,-4.115,-0.680,-0.043,11.0
48,-1.484,-0.699,0.000,-4.417,-0.724,-0.050,11.0
49,-1.484,-0.698,0.000,-4.732,-0.770,-0.057,11.0
50,-1.485,-0.698,0.000,-5.060,-0.819,-0.066,11.0
51,-1.485,-0.698,0.000,-5.399,-0.872,-0.076,11.0
52,-1.485,-0.698,0.000,-5.750,-0.928,-0.087,11.0
53,-1.486,-0.698,0.000,-6.114,-0.987,-0.099,11.0
54,-1.486,-0.698,0.000,-6.489,-1.051,-0.113,11.0
55,-1.487,-0.698,0.000,-6.876,-1.118,-0.128,11.0
56,-1.487,-0.698,0.000,-7.275,-1.190,-0.146,11.0
57,-1.488,-0.698,0.000,-7.685,-1.266,-0.165,11.0
58,-1.488,-0.698,0.000,-8.107,-1.348,-0.186,11.0
59,-1.489,-0.698,0.000,-8.541,-1.434,-0.209,11.0
60,-1.489,-0.698,0.000,-8.985,-1.526,-0.235,11.0
61,-1.490,-0.697,0.000,-9.442,-1.624,-0.264,11.0
62,-1.490,-0.697,0.000,-9.909,-1.728,-0.295,11.0
63,-1.491,-0.697,0.000,-10.387,-1.839,-0.331,11.0
64,-1.491,-0.697,0.000,-10.877,-1.956,-0.369,11.0
65,-1.491,-0.697,0.000,-11.365,-1.999,-0.406,11.0
66,-1.491,-0.698,0.000,-11.844,-1.904,-0.387,11.0
67,-1.491,-0.698,0.000,-12.324,-1.800,-0.390,11.0
68,-1.491,-0.697,0.000,-12.814,-1.705,-0.383,11.0
69,-1.491,-0.697,0.000,-13.314,-1.618,-0.375,11.0
70,-1.492,-0.697,0.000,-13.825,-1.537,-0.371,11.0
71,-1.493,-0.697,0.000,-14.346,-1.464,-0.368,11.0
72,-1.493,-0.697,0.000,-14.878,-1.399,-0.366,11.0
73,-1.494,-0.697,0.000,-15.420,-1.341,-0.363,11.0
74,-1.495,-0.696,0.000,-15.972,-1.289,-0.362,11.0
75,-1.495,-0.696,0.000,-16.533,-1.243,-0.362,11.0
76,-1.496,-0.696,0.000,-17.104,-1.203,-0.364,11.0
77,-1.497,-0.696,0.000,-17.685,-1.169,-0.367,11.0
78,-1.498,-0.695,0.000,-18.274,-1.141,-0.367,11.0
79,-1.498,-0.695,0.000,-18.872,-1.117,-0.375,11.0
80,-1.500,-0.695,0.000,-19.477,-1.089,-0.403,11.0
81,-1.500,-0.694,0.000,-20.083,-1.083,-0.392,11.0
82,-1.502,-0.694,0.000,-20.689,-1.068,-0.412,11.0
83,-1.503,-0.693,0.000,-21.299,-1.061,-0.426,11.0
84,-1.504,-0.693,0.000,-21.914,-1.063,-0.433,11.0
85,-1.505,-0.693,0.000,-22.538,-1.069,-0.448,11.0
86,-1.506,-0.692,0.000,-23.170,-1.079,-0.469,11.0
87,-1.507,-0.692,0.000,-23.810,-1.093,-0.490,11.0
88,-1.508,-0.692,0.000,-24.458,-1.113,-0.513,11.0
89,-1.509,-0.691,0.000,-25.114,-1.137,-0.540,11.0
90,-1.509,-0.691,0.000,-25.778,-1.165,-0.570,11.0
91,-1.510,-0.690,0.000,-26.449,-1.198,-0.603,11.0
92,-1.511,-0.690,0.000,-27.128,-1.235,-0.640,11.0
93,-1.512,-0.690,0.000,-27.814,-1.276,-0.680,11.0
94,-1.513,-0.689,0.000,-28.505,-1.333,-0.706,11.0
95,-1.514,-0.689,0.000,-29.195,-1.379,-0.763,11.0
96,-1.515,-0.688,0.000,-29.885,-1.418,-0.836,11.0
97,-1.516,-0.687,0.000,-30.576,-1.488,-0.878,11.0
98,-1.517,-0.687,0.000,-31.268,-1.549,-0.944,11.0
99,-1.518,-0.686,0.000,-31.964,-1.615,-1.019,11.0
100,-1.519,-0.685,0.000,-32.669,-1.691,-1.091,11.0
101,-1.519,-0.686,0.000,-33.370,-1.680,-1.106,11.0
102,-1.520,-0.685,0.000,-34.065,-1.584,-1.075,11.0
103,-1.521,-0.684,0.000,-34.768,-1.495,-1.049,11.0
104,-1.523,-0.684,0.000,-35.481,-1.419,-1.020,11.0
105,-1.523,-0.683,0.000,-36.201,-1.363,-0.979,11.0
106,-1.525,-0.682,0.000,-36.922,-1.288,-0.970,11.0
107,-1.526,-0.681,0.000,-37.648,-1.232,-0.950,11.0
108,-1.528,-0.680,0.000,-38.374,-1.179,-0.941,11.0
109,-1.529,-0.678,0.000,-39.103,-1.128,-0.935,11.0
110,-1.531,-0.677,0.000,-39.833,-1.099,-0.916,11.0
111,-1.532,-0.676,0.000,-40.570,-1.065,-0.912,11.0
112,-1.534,-0.675,0.000,-41.308,-1.034,-0.914,11.0
113,-1.535,-0.673,0.000,-42.048,-1.003,-0.924,11.0
114,-1.537,-0.672,0.000,-42.791,-0.992,-0.924,11.0
115,-1.538,-0.671,0.000,-43.542,-0.980,-0.935,11.0
116,-1.539,-0.670,0.000,-44.300,-0.968,-0.954,11.0
117,-1.540,-0.669,0.000,-45.066,-0.962,-0.975,11.0
118,-1.542,-0.668,0.000,-45.838,-0.962,-0.999,11.0
119,-1.543,-0.667,0.000,-46.616,-0.978,-1.017,11.0
120,-1.544,-0.665,0.000,-47.394,-0.958,-1.070,11.0
121,-1.545,-0.664,0.000,-48.172,-0.987,-1.094,11.0
122,-1.547,-0.662,0.000,-48.948,-0.981,-1.151,11.0
123,-1.548,-0.661,0.000,-49.727,-1.004,-1.195,11.0
124,-1.549,-0.659,0.000,-50.507,-1.033,-1.241,11.0
125,-1.551,-0.658,0.000,-51.289,-1.047,-1.307,11.0
126,-1.552,-0.656,0.000,-52.073,-1.078,-1.371,11.0
127,-1.553,-0.655,0.000,-52.862,-1.108,-1.447,11.0
128,-1.553,-0.654,0.000,-53.656,-1.136,-1.533,11.0
129,-1.554,-0.653,0.000,-54.455,-1.167,-1.625,11.0
130,-1.555,-0.652,0.000,-55.248,-1.147,-1.655,11.0
131,-1.556,-0.652,0.000,-56.032,-1.071,-1.606,11.0
132,-1.557,-0.651,0.000,-56.821,-1.007,-1.556,11.0
133,-1.558,-0.649,0.000,-57.614,-0.952,-1.509,11.0
134,-1.558,-0.648,0.000,-58.412,-0.899,-1.471,11.0
135,-1.559,-0.647,0.000,-59.214,-0.850,-1.440,11.0
136,-1.560,-0.645,0.000,-60.020,-0.808,-1.413,11.0
137,-1.561,-0.644,0.000,-60.829,-0.771,-1.393,11.0
138,-1.562,-0.642,0.000,-61.642,-0.737,-1.378,11.0
139,-1.563,-0.641,0.000,-62.458,-0.707,-1.370,11.0
140,-1.563,-0.640,0.000,-63.278,-0.681,-1.367,11.0
141,-1.564,-0.638,0.000,-64.100,-0.659,-1.370,11.0
142,-1.565,-0.637,0.000,-64.924,-0.639,-1.380,11.0
143,-1.565,-0.635,0.000,-65.751,-0.622,-1.395,11.0
144,-1.566,-0.634,0.000,-66.580,-0.607,-1.417,11.0
145,-1.567,-0.632,0.000,-67.411,-0.594,-1.444,11.0
146,-1.567,-0.631,0.000,-68.244,-0.583,-1.478,11.0
147,-1.568,-0.629,0.000,-69.079,-0.574,-1.519,11.0
148,-1.569,-0.628,0.000,-69.915,-0.587,-1.559,11.0
149,-1.569,-0.626,0.000,-70.747,-0.570,-1.617,11.0
150,-1.570,-0.624,0.000,-71.579,-0.563,-1.679,11.0
151,-1.570,-0.623,0.000,-72.413,-0.561,-1.748,11.0
152,-1.571,-0.622,0.000,-73.248,-0.557,-1.824,11.0
153,-1.571,-0.620,0.000,-74.084,-0.550,-1.910,11.0
154,-1.572,-0.620,0.000,-74.909,-0.520,-1.908,11.0
155,-1.572,-0.619,0.000,-75.725,-0.470,-1.847,11.0
156,-1.573,-0.618,0.000,-76.539,-0.440,-1.789,11.0
157,-1.573,-0.616,0.000,-77.353,-0.400,-1.742,11.0
158,-1.573,-0.615,0.000,-78.166,-0.361,-1.703,11.0
159,-1.574,-0.613,0.000,-78.980,-0.331,-1.669,11.0
160,-1.574,-0.612,0.000,-79.793,-0.303,-1.643,11.0
161,-1.574,-0.610,0.000,-80.607,-0.276,-1.625,11.0
162,-1.575,-0.609,0.000,-81.418,-0.228,-1.617,11.0
163,-1.575,-0.607,0.000,-82.226,-0.218,-1.611,11.0
164,-1.575,-0.605,0.000,-83.031,-0.195,-1.614,11.0
165,-1.575,-0.604,0.000,-83.835,-0.168,-1.626,11.0
166,-1.575,-0.603,0.000,-84.637,-0.147,-1.644,11.0
167,-1.575,-0.601,0.000,-85.437,-0.128,-1.670,11.0
168,-1.575,-0.600,0.000,-86.235,-0.106,-1.703,11.0
169,-1.576,-0.599,0.000,-87.031,-0.084,-1.744,11.0
170,-1.576,-0.598,0.000,-87.825,-0.062,-1.792,11.0
171,-1.576,-0.597,0.000,-88.616,-0.056,-1.848,11.0
172,-1.576,-0.595,0.000,-89.401,-0.019,-1.912,11.0
173,-1.576,-0.594,0.000,-90.182,0.001,-1.983,11.0
174,-1.576,-0.594,0.000,-90.957,0.025,-2.010,11.0
175,-1.576,-0.594,0.000,-91.720,0.059,-1.911,11.0
176,-1.576,-0.593,0.000,-92.478,0.070,-1.812,11.0
177,-1.576,-0.592,0.000,-93.234,0.088,-1.720,11.0
178,-1.576,-0.591,0.000,-93.988,0.108,-1.635,11.0
179,-1.576,-0.590,0.000,-94.739,0.124,-1.559,11.0
180,-1.576,-0.589,0.000,-95.489,0.137,-1.489,11.0
181,-1.576,-0.588,0.000,-96.237,0.149,-1.427,11.0
182,-1.575,-0.587,0.000,-96.983,0.162,-1.372,11.0
183,-1.575,-0.586,0.000,-97.727,0.174,-1.324,11.0
184,-1.575,-0.585,0.000,-98.469,0.184,-1.281,11.0
185,-1.575,-0.584,0.000,-99.208,0.195,-1.245,11.0
186,-1.575,-0.583,0.000,-99.945,0.207,-1.215,11.0
187,-1.575,-0.582,0.000,-100.680,0.218,-1.190,11.0
188,-1.574,-0.580,0.000,-101.412,0.230,-1.171,11.0
189,-1.574,-0.579,0.000,-102.141,0.243,-1.158,11.0
190,-1.574,-0.578,0.000,-102.868,0.256,-1.149,11.0
191,-1.574,-0.577,0.000,-103.591,0.271,-1.146,11.0
192,-1.573,-0.576,0.000,-104.311,0.286,-1.147,11.0
193,-1.573,-0.575,0.000,-105.027,0.303,-1.153,11.0
194,-1.573,-0.574,0.000,-105.740,0.322,-1.165,11.0
195,-1.572,-0.572,0.000,-106.449,0.342,-1.181,11.0
196,-1.572,-0.571,0.000,-107.154,0.365,-1.202,11.0
197,-1.572,-0.570,0.000,-107.855,0.389,-1.228,11.0
198,-1.571,-0.569,0.000,-108.552,0.416,-1.259,11.0
199,-1.571,-0.568,0.000,-109.245,0.446,-1.295,11.0
200,-1.571,-0.567,0.000,-109.933,0.478,-1.336,11.0
201,-1.570,-0.566,0.000,-110.618,0.513,-1.382,11.0
202,-1.570,-0.565,0.000,-111.298,0.552,-1.433,11.0
203,-1.569,-0.563,0.000,-111.974,0.594,-1.490,11.0
204,-1.569,-0.562,0.000,-112.647,0.641,-1.552,11.0
205,-1.568,-0.561,0.000,-113.315,0.691,-1.620,11.0
206,-1.568,-0.560,0.000,-113.979,0.747,-1.694,11.0
207,-1.568,-0.559,0.000,-114.639,0.807,-1.774,11.0
208,-1.568,-0.559,0.000,-115.291,0.872,-1.814,11.0
209,-1.568,-0.559,0.000,-115.933,0.837,-1.746,11.0
210,-1.567,-0.558,0.000,-116.568,0.822,-1.660,11.0
211,-1.567,-0.557,0.000,-117.200,0.808,-1.581,11.0
212,-1.566,-0.556,0.000,-117.829,0.793,-1.513,11.0
213,-1.566,-0.555,0.000,-118.454,0.780,-1.453,11.0
214,-1.565,-0.554,0.000,-119.076,0.771,-1.400,11.0
215,-1.565,-0.554,0.000,-119.694,0.765,-1.354,11.0
216,-1.564,-0.553,0.000,-120.309,0.762,-1.315,11.0
217,-1.564,-0.552,0.000,-120.921,0.761,-1.282,11.0
218,-1.563,-0.551,0.000,-121.530,0.763,-1.256,11.0
219,-1.563,-0.550,0.000,-122.135,0.769,-1.236,11.0
220,-1.562,-0.550,0.000,-122.736,0.778,-1.222,11.0
221,-1.562,-0.549,0.000,-123.333,0.790,-1.213,11.0
222,-1.561,-0.548,0.000,-123.926,0.806,-1.210,11.0
223,-1.561,-0.547,0.000,-124.515,0.826,-1.212,11.0
224,-1.560,-0.547,0.000,-125.100,0.849,-1.219,11.0
225,-1.560,-0.546,0.000,-125.680,0.876,-1.231,11.0
226,-1.559,-0.545,0.000,-126.256,0.908,-1.248,11.0
227,-1.559,-0.544,0.000,-126.827,0.944,-1.271,11.0
228,-1.558,-0.544,0.000,-127.393,0.985,-1.298,11.0
229,-1.558,-0.543,0.000,-127.955,1.030,-1.331,11.0
230,-1.557,-0.542,0.000,-128.513,1.081,-1.368,11.0
231,-1.557,-0.542,0.000,-129.066,1.137,-1.411,11.0
232,-1.556,-0.541,0.000,-129.614,1.199,-1.458,11.0
233,-1.556,-0.540,0.000,-130.158,1.267,-1.511,11.0
234,-1.556,-0.540,0.000,-130.693,1.303,-1.507,11.0
235,-1.556,-0.539,0.000,-131.222,1.259,-1.446,11.0
236,-1.555,-0.539,0.000,-131.746,1.223,-1.388,11.0
237,-1.555,-0.538,0.000,-132.266,1.201,-1.330,11.0
238,-1.554,-0.538,0.000,-132.783,1.181,-1.281,11.0
239,-1.554,-0.537,0.000,-133.295,1.162,-1.243,11.0
240,-1.553,-0.537,0.000,-133.804,1.150,-1.209,11.0
241,-1.553,-0.536,0.000,-134.309,1.144,-1.181,11.0
242,-1.552,-0.536,0.000,-134.810,1.142,-1.158,11.0
243,-1.552,-0.535,0.000,-135.307,1.146,-1.142,11.0
244,-1.551,-0.535,0.000,-135.801,1.154,-1.131,11.0
245,-1.551,-0.534,0.000,-136.290,1.168,-1.125,11.0
246,-1.550,-0.534,0.000,-136.776,1.202,-1.108,11.0
247,-1.549,-0.533,0.000,-137.258,1.217,-1.121,11.0
248,-1.549,-0.533,0.000,-137.736,1.248,-1.130,11.0
249,-1.548,-0.532,0.000,-138.211,1.287,-1.140,11.0
250,-1.548,-0.532,0.000,-138.681,1.330,-1.159,11.0
251,-1.547,-0.531,0.000,-139.148,1.377,-1.183,11.0
252,-1.547,-0.531,0.000,-139.611,1.432,-1.210,11.0
253,-1.546,-0.530,0.000,-140.069,1.494,-1.242,11.0
254,-1.546,-0.530,0.000,-140.524,1.553,-1.276,11.0
255,-1.546,-0.530,0.000,-140.974,1.550,-1.238,11.0
256,-1.546,-0.529,0.000,-141.419,1.498,-1.193,11.0
257,-1.546,-0.529,0.000,-141.860,1.462,-1.143,11.0
258,-1.545,-0.529,0.000,-142.298,1.434,-1.097,11.0
259,-1.545,-0.528,0.000,-142.731,1.408,-1.062,11.0
260,-1.544,-0.528,0.000,-143.161,1.388,-1.033,11.0
261,-1.544,-0.527,0.000,-143.588,1.362,-1.025,11.0
262,-1.543,-0.527,0.000,-144.010,1.365,-0.995,11.0
263,-1.543,-0.527,0.000,-144.429,1.365,-0.980,11.0
264,-1.542,-0.526,0.000,-144.844,1.370,-0.973,11.0
265,-1.542,-0.526,0.000,-145.256,1.396,-0.951,11.0
266,-1.541,-0.526,0.000,-145.664,1.409,-0.959,11.0
267,-1.541,-0.525,0.000,-146.068,1.436,-0.962,11.0
268,-1.540,-0.525,0.000,-146.469,1.471,-0.966,11.0
269,-1.540,-0.525,0.000,-146.867,1.499,-0.996,11.0
270,-1.539,-0.524,0.000,-147.261,1.550,-1.006,11.0
271,-1.539,-0.524,0.000,-147.651,1.607,-1.022,11.0
272,-1.538,-0.524,0.000,-148.037,1.669,-1.047,11.0
273,-1.538,-0.524,0.000,-148.417,1.689,-1.044,11.0
274,-1.538,-0.523,0.000,-148.789,1.645,-1.008,11.0
275,-1.538,-0.523,0.000,-149.157,1.611,-0.970,11.0
276,-1.538,-0.523,0.000,-149.522,1.595,-0.918,11.0
277,-1.537,-0.523,0.000,-149.884,1.569,-0.903,11.0
278,-1.537,-0.522,0.000,-150.242,1.554,-0.887,11.0
279,-1.536,-0.522,0.000,-150.597,1.550,-0.866,11.0
280,-1.536,-0.522,0.000,-150.949,1.553,-0.853,11.0
281,-1.535,-0.522,0.000,-151.297,1.560,-0.847,11.0
282,-1.535,-0.521,0.000,-151.641,1.575,-0.844,11.0
283,-1.535,-0.521,0.000,-151.983,1.597,-0.843,11.0
284,-1.534,-0.521,0.000,-152.320,1.627,-0.846,11.0
285,-1.534,-0.521,0.000,-152.655,1.664,-0.853,11.0
286,-1.533,-0.520,0.000,-152.986,1.709,-0.864,11.0
287,-1.533,-0.520,0.000,-153.313,1.761,-0.878,11.0
288,-1.533,-0.520,0.000,-153.637,1.804,-0.902,11.0
289,-1.533,-0.520,0.000,-153.955,1.782,-0.850,11.0
290,-1.533,-0.520,0.000,-154.270,1.738,-0.837,11.0
291,-1.532,-0.520,0.000,-154.582,1.711,-0.810,11.0
292,-1.532,-0.520,0.000,-154.891,1.694,-0.784,11.0
293,-1.532,-0.519,0.000,-155.197,1.681,-0.768,11.0
294,-1.532,-0.519,0.000,-155.501,1.675,-0.757,11.0
295,-1.531,-0.519,0.000,-155.802,1.678,-0.748,11.0
296,-1.531,-0.519,0.000,-156.101,1.689,-0.741,11.0
297,-1.531,-0.519,0.000,-156.398,1.707,-0.738,11.0
298,-1.530,-0.519,0.000,-156.692,1.732,-0.740,11.0
299,-1.530,-0.519,0.000,-156.984,1.766,-0.743,11.0
300,-1.530,-0.518,0.000,-157.274,1.807,-0.750,11.0
301,-1.529,-0.518,0.000,-157.561,1.855,-0.760,11.0
302,-1.529,-0.518,0.000,-157.844,1.850,-0.745,11.0
303,-1.529,-0.518,0.000,-158.123,1.813,-0.729,11.0
304,-1.529,-0.518,0.000,-158.400,1.791,-0.701,11.0
305,-1.528,-0.518,0.000,-158.673,1.775,-0.683,11.0
306,-1.528,-0.517,0.000,-158.944,1.764,-0.673,11.0
307,-1.528,-0.517,0.000,-159.211,1.763,-0.664,11.0
308,-1.527,-0.517,0.000,-159.475,1.770,-0.656,11.0
309,-1.527,-0.517,0.000,-159.736,1.786,-0.652,11.0
310,-1.527,-0.517,0.000,-159.993,1.809,-0.652,11.0
311,-1.526,-0.517,0.000,-160.247,1.840,-0.654,11.0
312,-1.526,-0.517,0.000,-160.498,1.880,-0.659,11.0
313,-1.526,-0.517,0.000,-160.744,1.891,-0.664,11.0
314,-1.526,-0.516,0.000,-160.985,1.864,-0.639,11.0
315,-1.526,-0.516,0.000,-161.223,1.844,-0.616,11.0
316,-1.525,-0.516,0.000,-161.457,1.830,-0.606,11.0
317,-1.525,-0.516,0.000,-161.689,1.824,-0.598,11.0
318,-1.525,-0.516,0.000,-161.917,1.828,-0.591,11.0
319,-1.525,-0.516,0.000,-162.142,1.840,-0.585,11.0
320,-1.524,-0.516,0.000,-162.365,1.860,-0.584,11.0
321,-1.524,-0.516,0.000,-162.585,1.888,-0.586,11.0
322,-1.524,-0.516,0.000,-162.801,1.919,-0.594,11.0
323,-1.524,-0.515,0.000,-163.013,1.906,-0.569,11.0
324,-1.523,-0.515,0.000,-163.221,1.883,-0.562,11.0
325,-1.523,-0.515,0.000,-163.427,1.871,-0.553,11.0
326,-1.523,-0.515,0.000,-163.630,1.868,-0.542,11.0
327,-1.523,-0.515,0.000,-163.831,1.874,-0.536,11.0
328,-1.522,-0.515,0.000,-164.029,1.887,-0.534,11.0
329,-1.522,-0.515,0.000,-164.225,1.910,-0.533,11.0
330,-1.522,-0.515,0.000,-164.418,1.933,-0.540,11.0
331,-1.522,-0.515,0.000,-164.606,1.921,-0.517,11.0
332,-1.522,-0.515,0.000,-164.790,1.906,-0.511,11.0
333,-1.521,-0.515,0.000,-164.973,1.900,-0.506,11.0
334,-1.521,-0.515,0.000,-165.153,1.903,-0.498,11.0
335,-1.521,-0.514,0.000,-165.330,1.915,-0.494,11.0
336,-1.521,-0.514,0.000,-165.506,1.936,-0.494,11.0
337,-1.520,-0.514,0.000,-165.677,1.938,-0.492,11.0
338,-1.520,-0.514,0.000,-165.845,1.926,-0.482,11.0
339,-1.520,-0.514,0.000,-166.010,1.923,-0.471,11.0
340,-1.520,-0.514,0.000,-166.173,1.928,-0.467,11.0
341,-1.520,-0.514,0.000,-166.333,1.941,-0.466,11.0
342,-1.520,-0.514,0.000,-166.490,1.945,-0.466,11.0
343,-1.519,-0.514,0.000,-166.644,1.938,-0.455,11.0
344,-1.519,-0.514,0.000,-166.796,1.939,-0.446,11.0
345,-1.519,-0.514,0.000,-166.945,1.948,-0.445,11.0
346,-1.519,-0.514,0.000,-167.091,1.949,-0.443,11.0
347,-1.519,-0.514,0.000,-167.234,1.945,-0.436,11.0
348,-1.519,-0.514,0.000,-167.374,1.950,-0.429,11.0
349,-1.518,-0.513,0.000,-167.512,1.953,-0.428,11.0
350,-1.518,-0.513,0.000,-167.646,1.950,-0.421,11.0
351,-1.518,-0.513,0.000,-167.779,1.954,-0.417,11.0
352,-1.518,-0.513,0.000,-167.909,1.955,-0.413,11.0
353,-1.518,-0.513,0.000,-168.035,1.954,-0.408,11.0
354,-1.518,-0.513,0.000,-168.160,1.957,-0.406,11.0
355,-1.518,-0.513,0.000,-168.282,1.956,-0.399,11.0
356,-1.518,-0.513,0.000,-168.402,1.959,-0.397,11.0
357,-1.518,-0.513,0.000,-168.519,1.959,-0.392,11.0
358,-1.518,-0.513,0.000,-168.634,1.960,-0.388,11.0
359,-1.517,-0.513,0.000,-168.746,1.961,-0.385,11.0
360,-1.517,-0.513,0.000,-168.857,1.961,-0.380,11.0
361,-1.517,-0.513,0.000,-168.965,1.962,-0.377,11.0
362,-1.517,-0.513,0.000,-169.070,1.962,-0.373,11.0
363,-1.517,-0.513,0.000,-169.174,1.964,-0.370,11.0
364,-1.517,-0.513,0.000,-169.275,1.964,-0.366,11.0
365,-1.517,-0.513,0.000,-169.374,1.965,-0.363,11.0
366,-1.517,-0.513,0.000,-169.471,1.965,-0.359,11.0
367,-1.517,-0.512,0.000,-169.565,1.966,-0.356,11.0
368,-1.517,-0.512,0.000,-169.658,1.966,-0.353,11.0
369,-1.517,-0.512,0.000,-169.748,1.967,-0.350,11.0
370,-1.517,-0.512,0.000,-169.837,1.968,-0.347,11.0
371,-1.517,-0.512,0.000,-169.923,1.968,-0.344,11.0
372,-1.517,-0.512,0.000,-170.007,1.969,-0.341,11.0
373,-1.517,-0.512,0.000,-170.089,1.969,-0.338,11.0
374,-1.516,-0.512,0.000,-170.169,1.969,-0.336,11.0
375,-1.516,-0.512,0.000,-170.247,1.970,-0.333,11.0
376,-1.516,-0.512,0.000,-170.324,1.970,-0.330,11.0
377,-1.516,-0.512,0.000,-170.398,1.971,-0.328,11.0
378,-1.516,-0.512,0.000,-170.470,1.971,-0.325,11.0
379,-1.516,-0.512,0.000,-170.541,1.972,-0.323,11.0
380,-1.516,-0.512,0.000,-170.609,1.972,-0.320,11.0
381,-1.516,-0.512,0.000,-170.676,1.972,-0.318,11.0
382,-1.516,-0.512,0.000,-170.741,1.973,-0.316,11.0
383,-1.516,-0.512,0.000,-170.804,1.973,-0.314,11.0
384,-1.516,-0.512,0.000,-170.865,1.973,-0.312,11.0
385,-1.516,-0.512,0.000,-170.925,1.974,-0.310,11.0
386,-1.516,-0.512,0.000,-170.983,1.974,-0.308,11.0
387,-1.516,-0.512,0.000,-171.039,1.974,-0.306,11.0
388,-1.516,-0.512,0.000,-171.093,1.975,-0.304,11.0
389,-1.516,-0.512,0.000,-171.146,1.975,-0.302,11.0
390,-1.516,-0.512,0.000,-171.197,1.975,-0.300,11.0
391,-1.516,-0.512,0.000,-171.247,1.975,-0.298,11.0
392,-1.516,-0.512,0.000,-171.295,1.976,-0.297,11.0
393,-1.516,-0.512,0.000,-171.341,1.976,-0.295,11.0
394,-1.516,-0.511,0.000,-171.386,1.976,-0.294,11.0
395,-1.516,-0.511,0.000,-171.430,1.976,-0.292,11.0
396,-1.516,-0.511,0.000,-171.473,1.977,-0.291,11.0
397,-1.516,-0.511,0.000,-171.515,1.977,-0.289,11.0
398,-1.516,-0.511,0.000,-171.555,1.977,-0.288,11.0
399,-1.516,-0.511,0.000,-171.595,1.977,-0.286,11.0
400,-1.516,-0.511,0.000,-171.634,1.977,-0.285,11.0
401,-1.516,-0.511,0.000,-171.672,1.978,-0.284,11.0
402,-1.516,-0.511,0.000,-171.709,1.978,-0.283,11.0
403,-1.516,-0.511,0.000,-171.745,1.978,-0.281,11.0
404,-1.516,-0.511,0.000,-171.781,1.978,-0.280,11.0
405,-1.516,-0.511,0.000,-171.816,1.978,-0.279,11.0
406,-1.516,-0.511,0.000,-171.851,1.978,-0.278,11.0
407,-1.515,-0.511,0.000,-171.885,1.979,-0.276,11.0
408,-1.515,-0.511,0.000,-171.919,1.979,-0.275,11.0
409,-1.515,-0.511,0.000,-171.953,1.979,-0.274,11.0
410,-1.515,-0.511,0.000,-171.986,1.979,-0.273,11.0
411,-1.515,-0.511,0.000,-172.018,1.979,-0.272,11.0
412,-1.515,-0.511,0.000,-172.050,1.979,-0.271,11.0
413,-1.515,-0.511,0.000,-172.082,1.980,-0.270,11.0
414,-1.515,-0.511,0.000,-172.114,1.980,-0.269,11.0
415,-1.515,-0.511,0.000,-172.145,1.980,-0.267,11.0
416,-1.515,-0.511,0.000,-172.176,1.980,-0.266,11.0
417,-1.515,-0.511,0.000,-172.206,1.980,-0.265,11.0
418,-1.515,-0.511,0.000,-172.237,1.980,-0.264,11.0
419,-1.515,-0.511,0.000,-172.267,1.980,-0.263,11.0
420,-1.515,-0.511,0.000,-172.297,1.981,-0.262,11.0
421,-1.515,-0.511,0.000,-172.326,1.981,-0.261,11.0
422,-1.515,-0.511,0.000,-172.356,1.981,-0.260,11.0
423,-1.515,-0.511,0.000,-172.385,1.981,-0.259,11.0
424,-1.515,-0.511,0.000,-172.414,1.981,-0.258,11.0
425,-1.515,-0.511,0.000,-172.443,1.981,-0.257,11.0
426,-1.515,-0.511,0.000,-172.472,1.981,-0.256,11.0
427,-1.515,-0.511,0.000,-172.500,1.981,-0.255,11.0
428,-1.515,-0.511,0.000,-172.529,1.982,-0.254,11.0
429,-1.515,-0.511,0.000,-172.557,1.982,-0.253,11.0
430,-1.515,-0.511,0.000,-172.585,1.982,-0.252,11.0
431,-1.515,-0.511,0.000,-172.613,1.982,-0.251,11.0
432,-1.515,-0.511,0.000,-172.640,1.982,-0.250,11.0
433,-1.515,-0.511,0.000,-172.668,1.982,-0.249,11.0
434,-1.515,-0.511,0.000,-172.695,1.982,-0.248,11.0
435,-1.515,-0.511,0.000,-172.723,1.982,-0.247,11.0
436,-1.515,-0.510,0.000,-172.750,1.983,-0.247,11.0
437,-1.515,-0.510,0.000,-172.777,1.983,-0.246,11.0
438,-1.515,-0.510,0.000,-172.804,1.983,-0.245,11.0
439,-1.515,-0.510,0.000,-172.830,1.983,-0.244,11.0
440,-1.515,-0.510,0.000,-172.857,1.983,-0.243,11.0
441,-1.515,-0.510,0.000,-172.884,1.983,-0.242,11.0
442,-1.515,-0.510,0.000,-172.910,1.983,-0.241,11.0
443,-1.515,-0.510,0.000,-172.936,1.983,-0.240,11.0
444,-1.515,-0.510,0.000,-172.962,1.983,-0.239,11.0
445,-1.515,-0.510,0.000,-172.988,1.984,-0.238,11.0
446,-1.515,-0.510,0.000,-173.014,1.984,-0.237,11.0
447,-1.515,-0.510,0.000,-173.040,1.984,-0.236,11.0
448,-1.515,-0.510,0.000,-173.066,1.984,-0.236,11.0
449,-1.515,-0.510,0.000,-173.091,1.984,-0.235,11.0
450,-1.515,-0.510,0.000,-173.117,1.984,-0.234,11.0
451,-1.515,-0.510,0.000,-173.142,1.984,-0.233,11.0
452,-1.515,-0.510,0.000,-173.167,1.984,-0.232,11.0
453,-1.515,-0.510,0.000,-173.193,1.984,-0.231,11.0
454,-1.515,-0.510,0.000,-173.218,1.984,-0.230,11.0
455,-1.515,-0.510,0.000,-173.243,1.985,-0.229,11.0
456,-1.515,-0.510,0.000,-173.267,1.985,-0.229,11.0
457,-1.515,-0.510,0.000,-173.292,1.985,-0.228,11.0
458,-1.515,-0.510,0.000,-173.317,1.985,-0.227,11.0
459,-1.515,-0.510,0.000,-173.341,1.985,-0.226,11.0
460,-1.515,-0.510,0.000,-173.366,1.985,-0.225,11.0
461,-1.515,-0.510,0.000,-173.390,1.985,-0.224,11.0
462,-1.515,-0.510,0.000,-173.414,1.985,-0.224,11.0
463,-1.515,-0.510,0.000,-173.438,1.985,-0.223,11.0
464,-1.515,-0.510,0.000,-173.462,1.985,-0.222,11.0
465,-1.515,-0.510,0.000,-173.486,1.986,-0.221,11.0
466,-1.515,-0.510,0.000,-173.510,1.986,-0.220,11.0
467,-1.515,-0.510,0.000,-173.534,1.986,-0.219,11.0
468,-1.515,-0.510,0.000,-173.557,1.986,-0.219,11.0
469,-1.515,-0.510,0.000,-173.581,1.986,-0.218,11.0
470,-1.515,-0.510,0.000,-173.604,1.986,-0.217,11.0
471,-1.515,-0.510,0.000,-173.628,1.986,-0.216,11.0
472,-1.515,-0.510,0.000,-173.651,1.986,-0.215,11.0
473,-1.515,-0.510,0.000,-173.674,1.986,-0.215,11.0
474,-1.515,-0.510,0.000,-173.697,1.986,-0.214,11.0
475,-1.514,-0.510,0.000,-173.720,1.986,-0.213,11.0
476,-1.514,-0.510,0.000,-173.743,1.986,-0.212,11.0
477,-1.514,-0.510,0.000,-173.766,1.987,-0.211,11.0
478,-1.514,-0.510,0.000,-173.789,1.987,-0.211,11.0
479,-1.514,-0.510,0.000,-173.811,1.987,-0.210,11.0
480,-1.514,-0.510,0.000,-173.834,1.987,-0.209,11.0
481,-1.514,-0.510,0.000,-173.856,1.987,-0.208,11.0
482,-1.514,-0.510,0.000,-173.879,1.987,-0.207,11.0
483,-1.514,-0.510,0.000,-173.901,1.987,-0.207,11.0
484,-1.514,-0.510,0.000,-173.923,1.987,-0.206,11.0
485,-1.514,-0.510,0.000,-173.945,1.987,-0.205,11.0
486,-1.514,-0.510,0.000,-173.967,1.987,-0.204,11.0
487,-1.514,-0.510,0.000,-173.989,1.987,-0.204,11.0
488,-1.514,-0.510,0.000,-174.011,1.987,-0.203,11.0
489,-1.514,-0.510,0.000,-174.033,1.988,-0.202,11.0
490,-1.514,-0.510,0.000,-174.054,1.988,-0.201,11.0
491,-1.514,-0.510,0.000,-174.076,1.988,-0.201,11.0
492,-1.514,-0.510,0.000,-174.098,1.988,-0.200,11.0
493,-1.514,-0.510,0.000,-174.119,1.988,-0.199,11.0
494,-1.514,-0.510,0.000,-174.140,1.988,-0.198,11.0
495,-1.514,-0.510,0.000,-174.162,1.988,-0.198,11.0
496,-1.514,-0.509,0.000,-174.183,1.988,-0.197,11.0
497,-1.514,-0.509,0.000,-174.204,1.988,-0.196,11.0
498,-1.514,-0.509,0.000,-174.225,1.988,-0.195,11.0
499,-1.514,-0.509,0.000,-174.246,1.988,-0.195,11.0
500,-1.514,-0.509,0.000,-174.267,1.988,-0.194,11.0
501,-1.514,-0.509,0.000,-174.288,1.988,-0.193,11.0
502,-1.514,-0.509,0.000,-174.308,1.988,-0.193,11.0
503,-1.514,-0.509,0.000,-174.329,1.989,-0.192,11.0
504,-1.514,-0.509,0.000,-174.350,1.989,-0.191,11.0
505,-1.514,-0.509,0.000,-174.370,1.989,-0.190,11.0
506,-1.514,-0.509,0.000,-174.391,1.989,-0.190,11.0
507,-1.514,-0.509,0.000,-174.411,1.989,-0.189,11.0
508,-1.514,-0.509,0.000,-174.431,1.989,-0.188,11.0
509,-1.514,-0.509,0.000,-174.451,1.989,-0.188,11.0
510,-1.514,-0.509,0.000,-174.472,1.989,-0.187,11.0
511,-1.514,-0.509,0.000,-174.492,1.989,-0.186,11.0
512,-1.514,-0.509,0.000,-174.512,1.989,-0.185,11.0
513,-1.514,-0.509,0.000,-174.531,1.989,-0.185,11.0
514,-1.514,-0.509,0.000,-174.551,1.989,-0.184,11.0
515,-1.514,-0.509,0.000,-174.571,1.989,-0.183,11.0
516,-1.514,-0.509,0.000,-174.591,1.989,-0.183,11.0
517,-1.514,-0.509,0.000,-174.610,1.989,-0.182,11.0
518,-1.514,-0.509,0.000,-174.630,1.990,-0.181,11.0
519,-1.514,-0.509,0.000,-174.649,1.990,-0.181,11.0
520,-1.514,-0.509,0.000,-174.669,1.990,-0.180,11.0
521,-1.514,-0.509,0.000,-174.688,1.990,-0.179,11.0
522,-1.514,-0.509,0.000,-174.707,1.990,-0.179,11.0
523,-1.514,-0.509,0.000,-174.727,1.990,-0.178,11.0
524,-1.514,-0.509,0.000,-174.746,1.990,-0.177,11.0
525,-1.514,-0.509,0.000,-174.765,1.990,-0.177,11.0
526,-1.514,-0.509,0.000,-174.784,1.990,-0.176,11.0
527,-1.514,-0.509,0.000,-174.803,1.990,-0.175,11.0
528,-1.514,-0.509,0.000,-174.822,1.990,-0.175,11.0
529,-1.514,-0.509,0.000,-174.840,1.990,-0.174,11.0
530,-1.514,-0.509,0.000,-174.859,1.990,-0.173,11.0
531,-1.514,-0.509,0.000,-174.878,1.990,-0.173,11.0
532,-1.514,-0.509,0.000,-174.896,1.990,-0.172,11.0
533,-1.514,-0.509,0.000,-174.915,1.990,-0.171,11.0
534,-1.514,-0.509,0.000,-174.933,1.990,-0.171,11.0
535,-1.514,-0.509,0.000,-174.952,1.991,-0.170,11.0
536,-1.514,-0.509,0.000,-174.970,1.991,-0.170,11.0
537,-1.514,-0.509,0.000,-174.988,1.991,-0.169,11.0
538,-1.514,-0.509,0.000,-175.007,1.991,-0.168,11.0
539,-1.514,-0.509,0.000,-175.025,1.991,-0.168,11.0
540,-1.514,-0.509,0.000,-175.043,1.991,-0.167,11.0
541,-1.514,-0.509,0.000,-175.061,1.991,-0.166,11.0
542,-1.514,-0.509,0.000,-175.079,1.991,-0.166,11.0
543,-1.514,-0.509,0.000,-175.097,1.991,-0.165,11.0
544,-1.514,-0.509,0.000,-175.114,1.991,-0.165,11.0
545,-1.514,-0.509,0.000,-175.132,1.991,-0.164,11.0
546,-1.514,-0.509,0.000,-175.150,1.991,-0.163,11.0
547,-1.514,-0.509,0.000,-175.168,1.991,-0.163,11.0
548,-1.514,-0.509,0.000,-175.185,1.991,-0.162,11.0
549,-1.514,-0.509,0.000,-175.203,1.991,-0.161,11.0
550,-1.514,-0.509,0.000,-175.220,1.991,-0.161,11.0
551,-1.514,-0.509,0.000,-175.237,1.991,-0.160,11.0
552,-1.514,-0.509,0.000,-175.255,1.991,-0.160,11.0
553,-1.514,-0.509,0.000,-175.272,1.991,-0.159,11.0
554,-1.514,-0.509,0.000,-175.289,1.991,-0.158,11.0
555,-1.514,-0.509,0.000,-175.306,1.992,-0.158,11.0
556,-1.514,-0.509,0.000,-175.324,1.992,-0.157,11.0
557,-1.514,-0.509,0.000,-175.341,1.992,-0.157,11.0
558,-1.514,-0.509,0.000,-175.358,1.992,-0.156,11.0
559,-1.514,-0.509,0.000,-175.375,1.992,-0.156,11.0
560,-1.514,-0.509,0.000,-175.391,1.992,-0.155,11.0
561,-1.514,-0.509,0.000,-175.408,1.992,-0.154,11.0
562,-1.514,-0.509,0.000,-175.425,1.992,-0.154,11.0
563,-1.514,-0.509,0.000,-175.442,1.992,-0.153,11.0
564,-1.514,-0.509,0.000,-175.458,1.992,-0.153,11.0
565,-1.513,-0.509,0.000,-175.475,1.992,-0.152,11.0
566,-1.513,-0.509,0.000,-175.492,1.992,-0.151,11.0
567,-1.513,-0.509,0.000,-175.508,1.992,-0.151,11.0
568,-1.513,-0.509,0.000,-175.524,1.992,-0.150,11.0
569,-1.513,-0.509,0.000,-175.541,1.992,-0.150,11.0
570,-1.513,-0.509,0.000,-175.557,1.992,-0.149,11.0
571,-1.513,-0.509,0.000,-175.573,1.992,-0.149,11.0
572,-1.513,-0.509,0.000,-175.590,1.992,-0.148,11.0
573,-1.513,-0.509,0.000,-175.606,1.992,-0.147,11.0
574,-1.513,-0.509,0.000,-175.622,1.992,-0.147,11.0
575,-1.513,-0.509,0.000,-175.638,1.992,-0.146,11.0
576,-1.513,-0.508,0.000,-175.654,1.992,-0.146,11.0
577,-1.513,-0.508,0.000,-175.670,1.992,-0.145,11.0
578,-1.513,-0.508,0.000,-175.686,1.993,-0.145,11.0
579,-1.513,-0.508,0.000,-175.702,1.993,-0.144,11.0
580,-1.513,-0.508,0.000,-175.718,1.993,-0.144,11.0
581,-1.513,-0.508,0.000,-175.733,1.993,-0.143,11.0
582,-1.513,-0.508,0.000,-175.749,1.993,-0.142,11.0
583,-1.513,-0.508,0.000,-175.765,1.993,-0.142,11.0
584,-1.513,-0.508,0.000,-175.780,1.993,-0.141,11.0
585,-1.513,-0.508,0.000,-175.796,1.993,-0.141,11.0
586,-1.513,-0.508,0.000,-175.811,1.993,-0.140,11.0
587,-1.513,-0.508,0.000,-175.827,1.993,-0.140,11.0
588,-1.513,-0.508,0.000,-175.842,1.993,-0.139,11.0
589,-1.513,-0.508,0.000,-175.857,1.993,-0.139,11.0
590,-1.513,-0.508,0.000,-175.873,1.993,-0.138,11.0
591,-1.513,-0.508,0.000,-175.888,1.993,-0.138,11.0
592,-1.513,-0.508,0.000,-175.903,1.993,-0.137,11.0
593,-1.513,-0.508,0.000,-175.918,1.993,-0.137,11.0
594,-1.513,-0.508,0.000,-175.933,1.993,-0.136,11.0
595,-1.513,-0.508,0.000,-175.949,1.993,-0.136,11.0
596,-1.513,-0.508,0.000,-175.964,1.993,-0.135,11.0
597,-1.513,-0.508,0.000,-175.979,1.993,-0.135,11.0
598,-1.513,-0.508,0.000,-175.993,1.993,-0.134,11.0
599,-1.513,-0.508,0.000,-176.008,1.993,-0.133,11.0
600,-1.513,-0.508,0.000,-176.023,1.993,-0.133,11.0
601,-1.513,-0.508,0.000,-176.038,1.993,-0.132,11.0
602,-1.513,-0.508,0.000,-176.053,1.993,-0.132,11.0
603,-1.513,-0.508,0.000,-176.067,1.993,-0.131,11.0
604,-1.513,-0.508,0.000,-176.082,1.993,-0.131,11.0
605,-1.513,-0.508,0.000,-176.097,1.994,-0.130,11.0
606,-1.513,-0.508,0.000,-176.111,1.994,-0.130,11.0
607,-1.513,-0.508,0.000,-176.126,1.994,-0.129,11.0
608,-1.513,-0.508,0.000,-176.140,1.994,-0.129,11.0
609,-1.513,-0.508,0.000,-176.155,1.994,-0.128,11.0
610,-1.513,-0.508,0.000,-176.169,1.994,-0.128,11.0
611,-1.513,-0.508,0.000,-176.183,1.994,-0.127,11.0
612,-1.513,-0.508,0.000,-176.198,1.994,-0.127,11.0
613,-1.513,-0.508,0.000,-176.212,1.994,-0.126,11.0
614,-1.513,-0.508,0.000,-176.226,1.994,-0.126,11.0
615,-1.513,-0.508,0.000,-176.240,1.994,-0.125,11.0
616,-1.513,-0.508,0.000,-176.254,1.994,-0.125,11.0
617,-1.513,-0.508,0.000,-176.268,1.994,-0.124,11.0
618,-1.513,-0.508,0.000,-176.282,1.994,-0.124,11.0
619,-1.513,-0.508,0.000,-176.296,1.994,-0.123,11.0
620,-1.513,-0.508,0.000,-176.310,1.994,-0.123,11.0
621,-1.513,-0.508,0.000,-176.324,1.994,-0.122,11.0
622,-1.513,-0.508,0.000,-176.338,1.994,-0.122,11.0
623,-1.513,-0.508,0.000,-176.352,1.994,-0.122,11.0
624,-1.513,-0.508,0.000,-176.365,1.994,-0.121,11.0
625,-1.513,-0.508,0.000,-176.379,1.994,-0.121,11.0
626,-1.513,-0.508,0.000,-176.393,1.994,-0.120,11.0
627,-1.513,-0.508,0.000,-176.406,1.994,-0.120,11.0
628,-1.513,-0.508,0.000,-176.420,1.994,-0.119,11.0
629,-1.513,-0.508,0.000,-176.433,1.994,-0.119,11.0
630,-1.513,-0.508,0.000,-176.447,1.994,-0.118,11.0
631,-1.513,-0.508,0.000,-176.460,1.994,-0.118,11.0
632,-1.513,-0.508,0.000,-176.474,1.994,-0.117,11.0
633,-1.513,-0.508,0.000,-176.487,1.994,-0.117,11.0
634,-1.513,-0.508,0.000,-176.500,1.994,-0.116,11.0
635,-1.513,-0.508,0.000,-176.514,1.994,-0.116,11.0
636,-1.513,-0.508,0.000,-176.527,1.994,-0.115,11.0
637,-1.513,-0.508,0.000,-176.540,1.994,-0.115,11.0
638,-1.513,-0.508,0.000,-176.553,1.994,-0.115,11.0
639,-1.513,-0.508,0.000,-176.566,1.995,-0.114,11.0
640,-1.513,-0.508,0.000,-176.580,1.995,-0.114,11.0
641,-1.513,-0.508,0.000,-176.593,1.995,-0.113,11.0
642,-1.513,-0.508,0.000,-176.606,1.995,-0.113,11.0
643,-1.513,-0.508,0.000,-176.619,1.995,-0.112,11.0
644,-1.513,-0.508,0.000,-176.631,1.995,-0.112,11.0
645,-1.513,-0.508,0.000,-176.644,1.995,-0.111,11.0
646,-1.513,-0.508,0.000,-176.657,1.995,-0.111,11.0
647,-1.513,-0.508,0.000,-176.670,1.995,-0.110,11.0
648,-1.513,-0.508,0.000,-176.683,1.995,-0.110,11.0
649,-1.513,-0.508,0.000,-176.695,1.995,-0.110,11.0
650,-1.513,-0.508,0.000,-176.708,1.995,-0.109,11.0
651,-1.513,-0.508,0.000,-176.721,1.995,-0.109,11.0
652,-1.513,-0.508,0.000,-176.733,1.995,-0.108,11.0
653,-1.513,-0.508,0.000,-176.746,1.995,-0.108,11.0
654,-1.513,-0.508,0.000,-176.758,1.995,-0.107,11.0
655,-1.513,-0.508,0.000,-176.771,1.995,-0.107,11.0
656,-1.513,-0.508,0.000,-176.783,1.995,-0.106,11.0
657,-1.513,-0.508,0.000,-176.796,1.995,-0.106,11.0
658,-1.513,-0.508,0.000,-176.808,1.995,-0.106,11.0
659,-1.513,-0.508,0.000,-176.821,1.995,-0.105,11.0
660,-1.513,-0.508,0.000,-176.833,1.995,-0.105,11.0
661,-1.513,-0.508,0.000,-176.845,1.995,-0.104,11.0
662,-1.513,-0.508,0.000,-176.857,1.995,-0.104,11.0
663,-1.513,-0.508,0.000,-176.870,1.995,-0.103,11.0
664,-1.513,-0.508,0.000,-176.882,1.995,-0.103,11.0
665,-1.513,-0.508,0.000,-176.894,1.995,-0.103,11.0
666,-1.513,-0.508,0.000,-176.906,1.995,-0.102,11.0
667,-1.513,-0.508,0.000,-176.918,1.995,-0.102,11.0
668,-1.513,-0.508,0.000,-176.930,1.995,-0.101,11.0
669,-1.513,-0.508,0.000,-176.942,1.995,-0.101,11.0
670,-1.513,-0.508,0.000,-176.954,1.995,-0.101,11.0
671,-1.513,-0.508,0.000,-176.966,1.995,-0.100,11.0
672,-1.513,-0.508,0.000,-176.978,1.995,-0.100,11.0
673,-1.513,-0.508,0.000,-176.990,1.995,-0.099,11.0
674,-1.513,-0.508,0.000,-177.001,1.995,-0.099,11.0
675,-1.513,-0.508,0.000,-177.013,1.995,-0.098,11.0
676,-1.513,-0.508,0.000,-177.025,1.995,-0.098,11.0
677,-1.513,-0.508,0.000,-177.037,1.995,-0.098,11.0
678,-1.513,-0.508,0.000,-177.048,1.995,-0.097,11.0
679,-1.513,-0.508,0.000,-177.060,1.995,-0.097,11.0
680,-1.513,-0.508,0.000,-177.071,1.995,-0.096,11.0
681,-1.513,-0.508,0.000,-177.083,1.995,-0.096,11.0
682,-1.513,-0.508,0.000,-177.095,1.995,-0.096,11.0
683,-1.513,-0.508,0.000,-177.106,1.996,-0.095,11.0
684,-1.513,-0.508,0.000,-177.118,1.996,-0.095,11.0
685,-1.513,-0.508,0.000,-177.129,1.996,-0.094,11.0
686,-1.513,-0.507,0.000,-177.140,1.996,-0.094,11.0
687,-1.513,-0.507,0.000,-177.152,1.996,-0.094,11.0
688,-1.512,-0.507,0.000,-177.163,1.996,-0.093,11.0
689,-1.512,-0.507,0.000,-177.174,1.996,-0.093,11.0
690,-1.512,-0.507,0.000,-177.186,1.996,-0.092,11.0
691,-1.512,-0.507,0.000,-177.197,1.996,-0.092,11.0
692,-1.512,-0.507,0.000,-177.208,1.996,-0.092,11.0
693,-1.512,-0.507,0.000,-177.219,1.996,-0.091,11.0
694,-1.512,-0.507,0.000,-177.230,1.996,-0.091,11.0
695,-1.512,-0.507,0.000,-177.241,1.996,-0.091,11.0
696,-1.512,-0.507,0.000,-177.252,1.996,-0.090,11.0
697,-1.512,-0.507,0.000,-177.263,1.996,-0.090,11.0
698,-1.512,-0.507,0.000,-177.274,1.996,-0.089,11.0
699,-1.512,-0.507,0.000,-177.285,1.996,-0.089,11.0
700,-1.512,-0.507,0.000,-177.296,1.996,-0.089,11.0
701,-1.512,-0.507,0.000,-177.307,1.996,-0.088,11.0
702,-1.512,-0.507,0.000,-177.318,1.996,-0.088,11.0
703,-1.512,-0.507,0.000,-177.329,1.996,-0.087,11.0
704,-1.512,-0.507,0.000,-177.340,1.996,-0.087,11.0
705,-1.512,-0.507,0.000,-177.351,1.996,-0.087,11.0
706,-1.512,-0.507,0.000,-177.361,1.996,-0.086,11.0
707,-1.512,-0.507,0.000,-177.372,1.996,-0.086,11.0
708,-1.512,-0.507,0.000,-177.383,1.996,-0.086,11.0
709,-1.512,-0.507,0.000,-177.393,1.996,-0.085,11.0
710,-1.512,-0.507,0.000,-177.404,1.996,-0.085,11.0
711,-1.512,-0.507,0.000,-177.415,1.996,-0.085,11.0
712,-1.512,-0.507,0.000,-177.425,1.996,-0.084,11.0
713,-1.512,-0.507,0.000,-177.436,1.996,-0.084,11.0
714,-1.512,-0.507,0.000,-177.446,1.996,-0.083,11.0
715,-1.512,-0.507,0.000,-177.457,1.996,-0.083,11.0
716,-1.512,-0.507,0.000,-177.467,1.996,-0.083,11.0
717,-1.512,-0.507,0.000,-177.477,1.996,-0.082,11.0
718,-1.512,-0.507,0.000,-177.488,1.996,-0.082,11.0
719,-1.512,-0.507,0.000,-177.498,1.996,-0.082,11.0
720,-1.512,-0.507,0.000,-177.508,1.996,-0.081,11.0
721,-1.512,-0.507,0.000,-177.519,1.996,-0.081,11.0
722,-1.512,-0.507,0.000,-177.529,1.996,-0.081,11.0
723,-1.512,-0.507,0.000,-177.539,1.996,-0.080,11.0
724,-1.512,-0.507,0.000,-177.549,1.996,-0.080,11.0
725,-1.512,-0.507,0.000,-177.560,1.996,-0.079,11.0
726,-1.512,-0.507,0.000,-177.570,1.996,-0.079,11.0
727,-1.512,-0.507,0.000,-177.580,1.996,-0.079,11.0
728,-1.512,-0.507,0.000,-177.590,1.996,-0.078,11.0
729,-1.512,-0.507,0.000,-177.600,1.996,-0.078,11.0
730,-1.512,-0.507,0.000,-177.610,1.996,-0.078,11.0
731,-1.512,-0.507,0.000,-177.620,1.996,-0.077,11.0
732,-1.512,-0.507,0.000,-177.630,1.996,-0.077,11.0
733,-1.512,-0.507,0.000,-177.640,1.996,-0.077,11.0
734,-1.512,-0.507,0.000,-177.650,1.996,-0.076,11.0
735,-1.512,-0.507,0.000,-177.660,1.996,-0.076,11.0
736,-1.512,-0.507,0.000,-177.669,1.996,-0.076,11.0
737,-1.512,-0.507,0.000,-177.679,1.996,-0.075,11.0
738,-1.512,-0.507,0.000,-177.689,1.996,-0.075,11.0
739,-1.512,-0.507,0.000,-177.699,1.996,-0.075,11.0
740,-1.512,-0.507,0.000,-177.708,1.996,-0.074,11.0
741,-1.512,-0.507,0.000,-177.718,1.996,-0.074,11.0
742,-1.512,-0.507,0.000,-177.728,1.996,-0.074,11.0
743,-1.512,-0.507,0.000,-177.737,1.996,-0.073,11.0
744,-1.512,-0.507,0.000,-177.747,1.996,-0.073,11.0
745,-1.512,-0.507,0.000,-177.757,1.996,-0.073,11.0
746,-1.512,-0.507,0.000,-177.766,1.996,-0.072,11.0
747,-1.512,-0.507,0.000,-177.776,1.996,-0.072,11.0
748,-1.512,-0.507,0.000,-177.785,1.996,-0.072,11.0
749,-1.512,-0.507,0.000,-177.795,1.997,-0.071,11.0
750,-1.512,-0.507,0.000,-177.804,1.997,-0.071,11.0
751,-1.512,-0.507,0.000,-177.814,1.997,-0.071,11.0
752,-1.512,-0.507,0.000,-177.823,1.997,-0.070,11.0
753,-1.512,-0.507,0.000,-177.832,1.997,-0.070,11.0
754,-1.512,-0.507,0.000,-177.842,1.997,-0.070,11.0
755,-1.512,-0.507,0.000,-177.851,1.997,-0.069,11.0
756,-1.512,-0.507,0.000,-177.860,1.997,-0.069,11.0
757,-1.512,-0.507,0.000,-177.869,1.997,-0.069,11.0
758,-1.512,-0.507,0.000,-177.878,1.997,-0.068,11.0
759,-1.512,-0.507,0.000,-177.888,1.997,-0.068,11.0
760,-1.512,-0.507,0.000,-177.897,1.997,-0.068,11.0
761,-1.512,-0.507,0.000,-177.906,1.997,-0.067,11.0
762,-1.512,-0.507,0.000,-177.915,1.997,-0.067,11.0
763,-1.512,-0.507,0.000,-177.924,1.997,-0.067,11.0
764,-1.512,-0.507,0.000,-177.933,1.997,-0.066,11.0
765,-1.512,-0.507,0.000,-177.942,1.997,-0.066,11.0
766,-1.512,-0.507,0.000,-177.951,1.997,-0.066,11.0
767,-1.512,-0.507,0.000,-177.960,1.997,-0.066,11.0
768,-1.512,-0.507,0.000,-177.969,1.997,-0.065,11.0
769,-1.512,-0.507,0.000,-177.978,1.997,-0.065,11.0
770,-1.512,-0.507,0.000,-177.986,1.997,-0.065,11.0
771,-1.512,-0.507,0.000,-177.995,1.997,-0.064,11.0
772,-1.512,-0.507,0.000,-178.004,1.997,-0.064,11.0
773,-1.512,-0.507,0.000,-178.013,1.997,-0.064,11.0
774,-1.512,-0.507,0.000,-178.022,1.997,-0.063,11.0
775,-1.512,-0.507,0.000,-178.030,1.997,-0.063,11.0
776,-1.512,-0.507,0.000,-178.039,1.997,-0.063,11.0
777,-1.512,-0.507,0.000,-178.048,1.997,-0.062,11.0
778,-1.512,-0.507,0.000,-178.056,1.997,-0.062,11.0
779,-1.512,-0.507,0.000,-178.065,1.997,-0.062,11.0
780,-1.512,-0.507,0.000,-178.073,1.997,-0.062,11.0
781,-1.512,-0.507,0.000,-178.082,1.997,-0.061,11.0
782,-1.512,-0.507,0.000,-178.090,1.997,-0.061,11.0
783,-1.512,-0.507,0.000,-178.099,1.997,-0.061,11.0
784,-1.512,-0.507,0.000,-178.107,1.997,-0.060,11.0
785,-1.512,-0.507,0.000,-178.116,1.997,-0.060,11.0
786,-1.512,-0.507,0.000,-178.124,1.997,-0.060,11.0
787,-1.512,-0.507,0.000,-178.132,1.997,-0.060,11.0
788,-1.512,-0.507,0.000,-178.141,1.997,-0.059,11.0
789,-1.512,-0.507,0.000,-178.149,1.997,-0.059,11.0
790,-1.512,-0.507,0.000,-178.157,1.997,-0.059,11.0
791,-1.512,-0.507,0.000,-178.166,1.997,-0.058,11.0
792,-1.512,-0.507,0.000,-178.174,1.997,-0.058,11.0
793,-1.512,-0.507,0.000,-178.182,1.997,-0.058,11.0
794,-1.512,-0.507,0.000,-178.190,1.997,-0.058,11.0
795,-1.512,-0.507,0.000,-178.198,1.997,-0.057,11.0
796,-1.512,-0.507,0.000,-178.206,1.997,-0.057,11.0
797,-1.512,-0.507,0.000,-178.214,1.997,-0.057,11.0
798,-1.512,-0.507,0.000,-178.223,1.997,-0.056,11.0
799,-1.512,-0.507,0.000,-178.231,1.997,-0.056,11.0
800,-1.512,-0.507,0.000,-178.239,1.997,-0.056,11.0
801,-1.512,-0.507,0.000,-178.247,1.997,-0.056,11.0
802,-1.512,-0.507,0.000,-178.254,1.997,-0.055,11.0
803,-1.512,-0.507,0.000,-178.262,1.997,-0.055,11.0
804,-1.512,-0.507,0.000,-178.270,1.997,-0.055,11.0
805,-1.512,-0.507,0.000,-178.278,1.997,-0.054,11.0
806,-1.512,-0.507,0.000,-178.286,1.997,-0.054,11.0
807,-1.512,-0.507,0.000,-178.294,1.997,-0.054,11.0
808,-1.512,-0.507,0.000,-178.302,1.997,-0.054,11.0
809,-1.512,-0.507,0.000,-178.309,1.997,-0.053,11.0
810,-1.512,-0.507,0.000,-178.317,1.997,-0.053,11.0
811,-1.512,-0.507,0.000,-178.325,1.997,-0.053,11.0
812,-1.512,-0.507,0.000,-178.332,1.997,-0.053,11.0
813,-1.512,-0.507,0.000,-178.340,1.997,-0.052,11.0
814,-1.512,-0.507,0.000,-178.348,1.997,-0.052,11.0
815,-1.512,-0.507,0.000,-178.355,1.997,-0.052,11.0
816,-1.512,-0.507,0.000,-178.363,1.997,-0.051,11.0
817,-1.512,-0.507,0.000,-178.370,1.997,-0.051,11.0
818,-1.512,-0.507,0.000,-178.378,1.997,-0.051,11.0
819,-1.512,-0.507,0.000,-178.385,1.997,-0.051,11.0
820,-1.512,-0.507,0.000,-178.393,1.997,-0.050,11.0
821,-1.512,-0.507,0.000,-178.400,1.997,-0.050,11.0
822,-1.512,-0.507,0.000,-178.408,1.997,-0.050,11.0
823,-1.512,-0.507,0.000,-178.415,1.997,-0.050,11.0
824,-1.512,-0.507,0.000,-178.422,1.997,-0.049,11.0
825,-1.512,-0.507,0.000,-178.430,1.997,-0.049,11.0
826,-1.512,-0.507,0.000,-178.437,1.997,-0.049,11.0
827,-1.512,-0.507,0.000,-178.444,1.997,-0.049,11.0
828,-1.512,-0.507,0.000,-178.452,1.997,-0.048,11.0
829,-1.512,-0.507,0.000,-178.459,1.997,-0.048,11.0
830,-1.512,-0.507,0.000,-178.466,1.997,-0.048,11.0
831,-1.512,-0.507,0.000,-178.473,1.997,-0.048,11.0
832,-1.512,-0.507,0.000,-178.480,1.997,-0.047,11.0
833,-1.512,-0.507,0.000,-178.488,1.997,-0.047,11.0
834,-1.512,-0.507,0.000,-178.495,1.997,-0.047,11.0
835,-1.512,-0.507,0.000,-178.502,1.997,-0.047,11.0
836,-1.512,-0.507,0.000,-178.509,1.997,-0.046,11.0
837,-1.512,-0.507,0.000,-178.516,1.997,-0.046,11.0
838,-1.512,-0.507,0.000,-178.523,1.997,-0.046,11.0
839,-1.512,-0.507,0.000,-178.530,1.997,-0.046,11.0
840,-1.512,-0.507,0.000,-178.537,1.997,-0.045,11.0
841,-1.512,-0.507,0.000,-178.544,1.997,-0.045,11.0
842,-1.512,-0.507,0.000,-178.550,1.997,-0.045,11.0
843,-1.512,-0.507,0.000,-178.557,1.997,-0.045,11.0
844,-1.512,-0.507,0.000,-178.564,1.997,-0.044,11.0
845,-1.512,-0.507,0.000,-178.571,1.997,-0.044,11.0
846,-1.512,-0.507,0.000,-178.578,1.997,-0.044,11.0
847,-1.512,-0.507,0.000,-178.585,1.997,-0.044,11.0
848,-1.512,-0.507,0.000,-178.591,1.997,-0.044,11.0
849,-1.512,-0.507,0.000,-178.598,1.997,-0.043,11.0
850,-1.512,-0.507,0.000,-178.605,1.997,-0.043,11.0
851,-1.512,-0.507,0.000,-178.611,1.997,-0.043,11.0
852,-1.512,-0.507,0.000,-178.618,1.997,-0.043,11.0
853,-1.512,-0.507,0.000,-178.625,1.997,-0.042,11.0
854,-1.512,-0.507,0.000,-178.631,1.997,-0.042,11.0
855,-1.512,-0.507,0.000,-178.638,1.997,-0.042,11.0
856,-1.512,-0.507,0.000,-178.644,1.997,-0.042,11.0
857,-1.512,-0.507,0.000,-178.651,1.997,-0.041,11.0
858,-1.512,-0.507,0.000,-178.657,1.997,-0.041,11.0
859,-1.512,-0.506,0.000,-178.664,1.997,-0.041,11.0
860,-1.512,-0.506,0.000,-178.670,1.997,-0.041,11.0
861,-1.512,-0.506,0.000,-178.677,1.997,-0.041,11.0
862,-1.512,-0.506,0.000,-178.683,1.997,-0.040,11.0
863,-1.512,-0.506,0.000,-178.689,1.997,-0.040,11.0
864,-1.512,-0.506,0.000,-178.696,1.997,-0.040,11.0
865,-1.512,-0.506,0.000,-178.702,1.997,-0.040,11.0
866,-1.512,-0.506,0.000,-178.708,1.997,-0.039,11.0
867,-1.512,-0.506,0.000,-178.715,1.997,-0.039,11.0
868,-1.512,-0.506,0.000,-178.721,1.997,-0.039,11.0
869,-1.512,-0.506,0.000,-178.727,1.997,-0.039,11.0
870,-1.512,-0.506,0.000,-178.733,1.997,-0.039,11.0
871,-1.512,-0.506,0.000,-178.739,1.997,-0.038,11.0
872,-1.512,-0.506,0.000,-178.746,1.997,-0.038,11.0
873,-1.512,-0.506,0.000,-178.752,1.997,-0.038,11.0
874,-1.512,-0.506,0.000,-178.758,1.997,-0.038,11.0
875,-1.512,-0.506,0.000,-178.764,1.997,-0.038,11.0
876,-1.512,-0.506,0.000,-178.770,1.997,-0.037,11.0
877,-1.512,-0.506,0.000,-178.776,1.997,-0.037,11.0
878,-1.512,-0.506,0.000,-178.782,1.997,-0.037,11.0
879,-1.512,-0.506,0.000,-178.788,1.997,-0.037,11.0
880,-1.512,-0.506,0.000,-178.794,1.997,-0.036,11.0
881,-1.512,-0.506,0.000,-178.800,1.997,-0.036,11.0
882,-1.511,-0.506,0.000,-178.806,1.997,-0.036,11.0
883,-1.511,-0.506,0.000,-178.812,1.997,-0.036,11.0
884,-1.511,-0.506,0.000,-178.817,1.997,-0.036,11.0
885,-1.511,-0.506,0.000,-178.823,1.997,-0.035,11.0
886,-1.511,-0.506,0.000,-178.829,1.997,-0.035,11.0
887,-1.511,-0.506,0.000,-178.835,1.997,-0.035,11.0
888,-1.511,-0.506,0.000,-178.841,1.997,-0.035,11.0
889,-1.511,-0.506,0.000,-178.846,1.997,-0.035,11.0
890,-1.511,-0.506,0.000,-178.852,1.997,-0.034,11.0
891,-1.511,-0.506,0.000,-178.858,1.997,-0.034,11.0
892,-1.511,-0.506,0.000,-178.863,1.997,-0.034,11.0
893,-1.511,-0.506,0.000,-178.869,1.997,-0.034,11.0
894,-1.511,-0.506,0.000,-178.875,1.997,-0.034,11.0
895,-1.511,-0.506,0.000,-178.880,1.998,-0.033,11.0
896,-1.511,-0.506,0.000,-178.886,1.998,-0.033,11.0
897,-1.511,-0.506,0.000,-178.891,1.998,-0.033,11.0
898,-1.511,-0.506,0.000,-178.897,1.998,-0.033,11.0
899,-1.511,-0.506,0.000,-178.902,1.998,-0.033,11.0
900,-1.511,-0.506,0.000,-178.908,1.998,-0.032,11.0
901,-1.511,-0.506,0.000,-178.913,1.998,-0.032,11.0
902,-1.511,-0.506,0.000,-178.919,1.998,-0.032,11.0
903,-1.511,-0.506,0.000,-178.924,1.998,-0.032,11.0
904,-1.511,-0.506,0.000,-178.930,1.998,-0.032,11.0
905,-1.511,-0.506,0.000,-178.935,1.998,-0.032,11.0
906,-1.511,-0.506,0.000,-178.940,1.998,-0.031,11.0
907,-1.511,-0.506,0.000,-178.946,1.998,-0.031,11.0
908,-1.511,-0.506,0.000,-178.951,1.998,-0.031,11.0
909,-1.511,-0.506,0.000,-178.956,1.998,-0.031,11.0
910,-1.511,-0.506,0.000,-178.961,1.998,-0.031,11.0
911,-1.511,-0.506,0.000,-178.967,1.998,-0.030,11.0
912,-1.511,-0.506,0.000,-178.972,1.998,-0.030,11.0
913,-1.511,-0.506,0.000,-178.977,1.998,-0.030,11.0
914,-1.511,-0.506,0.000,-178.982,1.998,-0.030,11.0
915,-1.511,-0.506,0.000,-178.987,1.998,-0.030,11.0
916,-1.511,-0.506,0.000,-178.992,1.998,-0.030,11.0
917,-1.511,-0.506,0.000,-178.998,1.998,-0.029,11.0
918,-1.511,-0.506,0.000,-179.003,1.998,-0.029,11.0
919,-1.511,-0.506,0.000,-179.008,1.998,-0.029,11.0
920,-1.511,-0.506,0.000,-179.013,1.998,-0.029,11.0
921,-1.511,-0.506,0.000,-179.018,1.998,-0.029,11.0
922,-1.511,-0.506,0.000,-179.023,1.998,-0.028,11.0
923,-1.511,-0.506,0.000,-179.028,1.998,-0.028,11.0
924,-1.511,-0.506,0.000,-179.033,1.998,-0.028,11.0
925,-1.511,-0.506,0.000,-179.038,1.998,-0.028,11.0
926,-1.511,-0.506,0.000,-179.042,1.998,-0.028,11.0
927,-1.511,-0.506,0.000,-179.047,1.998,-0.028,11.0
928,-1.511,-0.506,0.000,-179.052,1.998,-0.027,11.0
929,-1.511,-0.506,0.000,-179.057,1.998,-0.027,11.0
930,-1.511,-0.506,0.000,-179.062,1.998,-0.027,11.0
931,-1.511,-0.506,0.000,-179.067,1.998,-0.027,11.0
932,-1.511,-0.506,0.000,-179.071,1.998,-0.027,11.0
933,-1.511,-0.506,0.000,-179.076,1.998,-0.027,11.0
934,-1.511,-0.506,0.000,-179.081,1.998,-0.026,11.0
935,-1.511,-0.506,0.000,-179.086,1.998,-0.026,11.0
936,-1.511,-0.506,0.000,-179.090,1.998,-0.026,11.0
937,-1.511,-0.506,0.000,-179.095,1.998,-0.026,11.0
938,-1.511,-0.506,0.000,-179.100,1.998,-0.026,11.0
939,-1.511,-0.506,0.000,-179.104,1.998,-0.026,11.0
940,-1.511,-0.506,0.000,-179.109,1.998,-0.025,11.0
941,-1.511,-0.506,0.000,-179.113,1.998,-0.025,11.0
942,-1.511,-0.506,0.000,-179.118,1.998,-0.025,11.0
943,-1.511,-0.506,0.000,-179.122,1.998,-0.025,11.0
944,-1.511,-0.506,0.000,-179.127,1.998,-0.025,11.0
945,-1.511,-0.506,0.000,-179.131,1.998,-0.025,11.0
946,-1.511,-0.506,0.000,-179.136,1.998,-0.025,11.0
947,-1.511,-0.506,0.000,-179.140,1.998,-0.024,11.0
948,-1.511,-0.506,0.000,-179.145,1.998,-0.024,11.0
949,-1.511,-0.506,0.000,-179.149,1.998,-0.024,11.0
950,-1.511,-0.506,0.000,-179.154,1.998,-0.024,11.0
951,-1.511,-0.506,0.000,-179.158,1.998,-0.024,11.0
952,-1.511,-0.506,0.000,-179.162,1.998,-0.024,11.0
953,-1.511,-0.506,0.000,-179.167,1.998,-0.023,11.0
954,-1.511,-0.506,0.000,-179.171,1.998,-0.023,11.0
955,-1.511,-0.506,0.000,-179.175,1.998,-0.023,11.0
956,-1.511,-0.506,0.000,-179.180,1.998,-0.023,11.0
957,-1.511,-0.506,0.000,-179.184,1.998,-0.023,11.0
958,-1.511,-0.506,0.000,-179.188,1.998,-0.023,11.0
959,-1.511,-0.506,0.000,-179.192,1.998,-0.023,11.0
960,-1.511,-0.506,0.000,-179.196,1.998,-0.022,11.0
961,-1.511,-0.506,0.000,-179.201,1.998,-0.022,11.0
962,-1.511,-0.506,0.000,-179.205,1.998,-0.022,11.0
963,-1.511,-0.506,0.000,-179.209,1.998,-0.022,11.0
964,-1.511,-0.506,0.000,-179.213,1.998,-0.022,11.0
965,-1.511,-0.506,0.000,-179.217,1.998,-0.022,11.0
966,-1.511,-0.506,0.000,-179.221,1.998,-0.022,11.0
967,-1.511,-0.506,0.000,-179.225,1.998,-0.021,11.0
968,-1.511,-0.506,0.000,-179.229,1.998,-0.021,11.0
969,-1.511,-0.506,0.000,-179.233,1.998,-0.021,11.0
970,-1.511,-0.506,0.000,-179.237,1.998,-0.021,11.0
971,-1.511,-0.506,0.000,-179.241,1.998,-0.021,11.0
972,-1.511,-0.506,0.000,-179.245,1.998,-0.021,11.0
973,-1.511,-0.506,0.000,-179.249,1.998,-0.021,11.0
974,-1.511,-0.506,0.000,-179.253,1.998,-0.020,11.0
975,-1.511,-0.506,0.000,-179.257,1.998,-0.020,11.0
976,-1.511,-0.506,0.000,-179.261,1.998,-0.020,11.0
977,-1.511,-0.506,0.000,-179.265,1.998,-0.020,11.0
978,-1.511,-0.506,0.000,-179.269,1.998,-0.020,11.0
979,-1.511,-0.506,0.000,-179.272,1.998,-0.020,11.0
980,-1.511,-0.506,0.000,-179.276,1.998,-0.020,11.0
981,-1.511,-0.506,0.000,-179.280,1.998,-0.020,11.0
982,-1.511,-0.506,0.000,-179.284,1.998,-0.019,11.0
983,-1.511,-0.506,0.000,-179.288,1.998,-0.019,11.0
984,-1.511,-0.506,0.000,-179.291,1.998,-0.019,11.0
985,-1.511,-0.506,0.000,-179.295,1.998,-0.019,11.0
986,-1.511,-0.506,0.000,-179.299,1.998,-0.019,11.0
987,-1.511,-0.506,0.000,-179.302,1.998,-0.019,11.0
988,-1.511,-0.506,0.000,-179.306,1.998,-0.019,11.0
989,-1.511,-0.506,0.000,-179.310,1.998,-0.018,11.0
990,-1.511,-0.506,0.000,-179.313,1.998,-0.018,11.0
991,-1.511,-0.506,0.000,-179.317,1.998,-0.018,11.0
992,-1.511,-0.506,0.000,-179.321,1.998,-0.018,11.0
993,-1.511,-0.506,0.000,-179.324,1.998,-0.018,11.0
994,-1.511,-0.506,0.000,-179.328,1.998,-0.018,11.0
995,-1.511,-0.506,0.000,-179.331,1.998,-0.018,11.0
996,-1.511,-0.506,0.000,-179.335,1.998,-0.018,11.0
997,-1.511,-0.506,0.000,-179.338,1.998,-0.017,11.0
998,-1.511,-0.506,0.000,-179.342,1.998,-0.017,11.0
999,-1.511,-0.506,0.000,-179.345,1.998,-0.017,11.0
1000,-1.511,-0.506,0.000,-179.349,1.998,-0.017,11.0
1001,-1.511,-0.506,0.000,-179.352,1.998,-0.017,11.0
1002,-1.511,-0.506,0.000,-179.356,1.998,-0.017,11.0
1003,-1.511,-0.506,0.000,-179.359,1.998,-0.017,11.0
1004,-1.511,-0.506,0.000,-179.362,1.998,-0.017,11.0
1005,-1.511,-0.506,0.000,-179.366,1.998,-0.017,11.0
1006,-1.511,-0.506,0.000,-179.369,1.998,-0.016,11.0
1007,-1.511,-0.506,0.000,-179.372,1.998,-0.016,11.0
1008,-1.511,-0.506,0.000,-179.376,1.998,-0.016,11.0
1009,-1.511,-0.506,0.000,-179.379,1.998,-0.016,11.0
1010,-1.511,-0.506,0.000,-179.382,1.998,-0.016,11.0
1011,-1.511,-0.506,0.000,-179.386,1.998,-0.016,11.0
1012,-1.511,-0.506,0.000,-179.389,1.998,-0.016,11.0
1013,-1.511,-0.506,0.000,-179.392,1.998,-0.016,11.0
1014,-1.511,-0.506,0.000,-179.395,1.998,-0.015,11.0
1015,-1.511,-0.506,0.000,-179.399,1.998,-0.015,11.0
1016,-1.511,-0.506,0.000,-179.402,1.998,-0.015,11.0
1017,-1.511,-0.506,0.000,-179.405,1.998,-0.015,11.0
1018,-1.511,-0.506,0.000,-179.408,1.998,-0.015,11.0
1019,-1.511,-0.506,0.000,-179.411,1.998,-0.015,11.0
1020,-1.511,-0.506,0.000,-179.414,1.998,-0.015,11.0
1021,-1.511,-0.506,0.000,-179.418,1.998,-0.015,11.0
1022,-1.511,-0.506,0.000,-179.421,1.998,-0.015,11.0
1023,-1.511,-0.506,0.000,-179.424,1.998,-0.015,11.0
1024,-1.511,-0.506,0.000,-179.427,1.998,-0.014,11.0
1025,-1.511,-0.506,0.000,-179.430,1.998,-0.014,11.0
1026,-1.511,-0.506,0.000,-179.433,1.998,-0.014,11.0
1027,-1.511,-0.506,0.000,-179.436,1.998,-0.014,11.0
1028,-1.511,-0.506,0.000,-179.439,1.998,-0.014,11.0
1029,-1.511,-0.506,0.000,-179.442,1.998,-0.014,11.0
1030,-1.511,-0.506,0.000,-179.445,1.998,-0.014,11.0
1031,-1.511,-0.506,0.000,-179.448,1.998,-0.014,11.0
1032,-1.511,-0.506,0.000,-179.451,1.998,-0.014,11.0
1033,-1.511,-0.506,0.000,-179.454,1.998,-0.013,11.0
1034,-1.511,-0.506,0.000,-179.457,1.998,-0.013,11.0
1035,-1.511,-0.506,0.000,-179.459,1.998,-0.013,11.0
1036,-1.511,-0.506,0.000,-179.462,1.998,-0.013,11.0
1037,-1.511,-0.506,0.000,-179.465,1.998,-0.013,11.0
1038,-1.511,-0.506,0.000,-179.468,1.998,-0.013,11.0
1039,-1.511,-0.506,0.000,-179.471,1.998,-0.013,11.0
1040,-1.511,-0.506,0.000,-179.474,1.998,-0.013,11.0
1041,-1.511,-0.506,0.000,-179.477,1.998,-0.013,11.0
1042,-1.511,-0.506,0.000,-179.479,1.998,-0.013,11.0
1043,-1.511,-0.506,0.000,-179.482,1.998,-0.012,11.0
1044,-1.511,-0.506,0.000,-179.485,1.998,-0.012,11.0
1045,-1.511,-0.506,0.000,-179.488,1.998,-0.012,11.0
1046,-1.511,-0.506,0.000,-179.490,1.998,-0.012,11.0
1047,-1.511,-0.506,0.000,-179.493,1.998,-0.012,11.0
1048,-1.511,-0.506,0.000,-179.496,1.998,-0.012,11.0
1049,-1.511,-0.506,0.000,-179.499,1.998,-0.012,11.0
1050,-1.511,-0.506,0.000,-179.501,1.998,-0.012,11.0
1051,-1.511,-0.506,0.000,-179.504,1.998,-0.012,11.0
1052,-1.511,-0.506,0.000,-179.507,1.998,-0.012,11.0
1053,-1.511,-0.506,0.000,-179.509,1.998,-0.012,11.0
1054,-1.511,-0.506,0.000,-179.512,1.998,-0.011,11.0
1055,-1.511,-0.506,0.000,-179.514,1.998,-0.011,11.0
1056,-1.511,-0.506,0.000,-179.517,1.998,-0.011,11.0
1057,-1.511,-0.506,0.000,-179.520,1.998,-0.011,11.0
1058,-1.511,-0.506,0.000,-179.522,1.998,-0.011,11.0
1059,-1.511,-0.506,0.000,-179.525,1.998,-0.011,11.0
1060,-1.511,-0.506,0.000,-179.527,1.998,-0.011,11.0
1061,-1.511,-0.506,0.000,-179.530,1.998,-0.011,11.0
1062,-1.511,-0.506,0.000,-179.532,1.998,-0.011,11.0
1063,-1.511,-0.506,0.000,-179.535,1.998,-0.011,11.0
1064,-1.511,-0.506,0.000,-179.537,1.998,-0.011,11.0
1065,-1.511,-0.506,0.000,-179.540,1.998,-0.010,11.0
1066,-1.511,-0.506,0.000,-179.542,1.998,-0.010,11.0
1067,-1.511,-0.506,0.000,-179.545,1.998,-0.010,11.0
1068,-1.511,-0.506,0.000,-179.547,1.998,-0.010,11.0
1069,-1.511,-0.506,0.000,-179.550,1.998,-0.010,11.0
1070,-1.511,-0.506,0.000,-179.552,1.998,-0.010,11.0
1071,-1.511,-0.506,0.000,-179.555,1.998,-0.010,11.0
1072,-1.511,-0.506,0.000,-179.557,1.998,-0.010,11.0
1073,-1.511,-0.506,0.000,-179.559,1.998,-0.010,11.0
1074,-1.511,-0.506,0.000,-179.562,1.998,-0.010,11.0
1075,-1.511,-0.506,0.000,-179.564,1.998,-0.010,11.0
1076,-1.511,-0.506,0.000,-179.566,1.998,-0.010,11.0
1077,-1.511,-0.506,0.000,-179.569,1.998,-0.009,11.0
1078,-1.511,-0.506,0.000,-179.571,1.998,-0.009,11.0
1079,-1.511,-0.506,0.000,-179.573,1.998,-0.009,11.0
1080,-1.511,-0.506,0.000,-179.576,1.998,-0.009,11.0
1081,-1.511,-0.506,0.000,-179.578,1.998,-0.009,11.0
1082,-1.511,-0.506,0.000,-179.580,1.998,-0.009,11.0
1083,-1.511,-0.506,0.000,-179.582,1.998,-0.009,11.0
1084,-1.511,-0.506,0.000,-179.585,1.998,-0.009,11.0
1085,-1.511,-0.506,0.000,-179.587,1.998,-0.009,11.0
1086,-1.511,-0.506,0.000,-179.589,1.998,-0.009,11.0
1087,-1.511,-0.506,0.000,-179.591,1.998,-0.009,11.0
1088,-1.511,-0.506,0.000,-179.594,1.998,-0.009,11.0
1089,-1.511,-0.506,0.000,-179.596,1.998,-0.009,11.0
1090,-1.511,-0.506,0.000,-179.598,1.998,-0.008,11.0
1091,-1.511,-0.506,0.000,-179.600,1.998,-0.008,11.0
1092,-1.511,-0.506,0.000,-179.602,1.998,-0.008,11.0
1093,-1.511,-0.506,0.000,-179.604,1.998,-0.008,11.0
1094,-1.511,-0.506,0.000,-179.607,1.998,-0.008,11.0
1095,-1.511,-0.506,0.000,-179.609,1.998,-0.008,11.0
1096,-1.511,-0.506,0.000,-179.611,1.998,-0.008,11.0
1097,-1.511,-0.506,0.000,-179.613,1.998,-0.008,11.0
1098,-1.511,-0.506,0.000,-179.615,1.998,-0.008,11.0
1099,-1.511,-0.506,0.000,-179.617,1.998,-0.008,11.0
1100,-1.511,-0.506,0.000,-179.619,1.998,-0.008,11.0
1101,-1.511,-0.506,0.000,-179.621,1.998,-0.008,11.0
1102,-1.511,-0.506,0.000,-179.623,1.998,-0.008,11.0
1103,-1.511,-0.506,0.000,-179.625,1.998,-0.007,11.0
1104,-1.511,-0.506,0.000,-179.627,1.998,-0.007,11.0
1105,-1.511,-0.506,0.000,-179.629,1.998,-0.007,11.0
1106,-1.511,-0.506,0.000,-179.631,1.998,-0.007,11.0
1107,-1.511,-0.506,0.000,-179.633,1.998,-0.007,11.0
1108,-1.511,-0.506,0.000,-179.635,1.998,-0.007,11.0
1109,-1.511,-0.506,0.000,-179.637,1.998,-0.007,11.0
1110,-1.511,-0.506,0.000,-179.639,1.998,-0.007,11.0
1111,-1.511,-0.506,0.000,-179.641,1.998,-0.007,11.0
1112,-1.511,-0.506,0.000,-179.643,1.998,-0.007,11.0
1113,-1.511,-0.506,0.000,-179.645,1.998,-0.007,11.0
1114,-1.511,-0.506,0.000,-179.647,1.998,-0.007,11.0
1115,-1.511,-0.506,0.000,-179.649,1.998,-0.007,11.0
1116,-1.511,-0.506,0.000,-179.651,1.998,-0.007,11.0
1117,-1.511,-0.506,0.000,-179.653,1.998,-0.007,11.0
1118,-1.511,-0.506,0.000,-179.654,1.998,-0.006,11.0
1119,-1.511,-0.506,0.000,-179.656,1.998,-0.006,11.0
1120,-1.511,-0.506,0.000,-179.658,1.998,-0.006,11.0
1121,-1.511,-0.506,0.000,-179.660,1.998,-0.006,11.0
1122,-1.511,-0.506,0.000,-179.662,1.998,-0.006,11.0
1123,-1.511,-0.506,0.000,-179.664,1.998,-0.006,11.0
1124,-1.511,-0.506,0.000,-179.666,1.998,-0.006,11.0
1125,-1.511,-0.506,0.000,-179.667,1.998,-0.006,11.0
1126,-1.511,-0.506,0.000,-179.669,1.998,-0.006,11.0
1127,-1.511,-0.506,0.000,-179.671,1.998,-0.006,11.0
1128,-1.511,-0.506,0.000,-179.673,1.998,-0.006,11.0
1129,-1.511,-0.506,0.000,-179.674,1.998,-0.006,11.0
1130,-1.511,-0.506,0.000,-179.676,1.998,-0.006,11.0
1131,-1.511,-0.506,0.000,-179.678,1.998,-0.006,11.0
1132,-1.511,-0.506,0.000,-179.680,1.998,-0.006,11.0
1133,-1.511,-0.506,0.000,-179.681,1.998,-0.006,11.0
1134,-1.511,-0.506,0.000,-179.683,1.998,-0.005,11.0
1135,-1.511,-0.506,0.000,-179.685,1.998,-0.005,11.0
1136,-1.511,-0.506,0.000,-179.687,1.998,-0.005,11.0
1137,-1.511,-0.506,0.000,-179.688,1.998,-0.005,11.0
1138,-1.511,-0.506,0.000,-179.690,1.998,-0.005,11.0
1139,-1.511,-0.506,0.000,-179.692,1.998,-0.005,11.0
1140,-1.511,-0.506,0.000,-179.693,1.998,-0.005,11.0
1141,-1.511,-0.506,0.000,-179.695,1.998,-0.005,11.0
1142,-1.511,-0.506,0.000,-179.697,1.998,-0.005,11.0
1143,-1.511,-0.506,0.000,-179.698,1.998,-0.005,11.0
1144,-1.511,-0.506,0.000,-179.700,1.998,-0.005,11.0
1145,-1.511,-0.506,0.000,-179.702,1.998,-0.005,11.0
1146,-1.511,-0.506,0.000,-179.703,1.998,-0.005,11.0
1147,-1.511,-0.506,0.000,-179.705,1.998,-0.005,11.0
1148,-1.511,-0.506,0.000,-179.706,1.998,-0.005,11.0
1149,-1.511,-0.506,0.000,-179.708,1.998,-0.005,11.0
1150,-1.511,-0.506,0.000,-179.710,1.998,-0.005,11.0
1151,-1.511,-0.506,0.000,-179.711,1.998,-0.004,11.0
1152,-1.511,-0.506,0.000,-179.713,1.998,-0.004,11.0
1153,-1.511,-0.506,0.000,-179.714,1.998,-0.004,11.0
1154,-1.511,-0.506,0.000,-179.716,1.998,-0.004,11.0
1155,-1.511,-0.506,0.000,-179.717,1.998,-0.004,11.0
1156,-1.511,-0.506,0.000,-179.719,1.998,-0.004,11.0
1157,-1.511,-0.506,0.000,-179.720,1.998,-0.004,11.0
1158,-1.511,-0.506,0.000,-179.722,1.998,-0.004,11.0
1159,-1.511,-0.506,0.000,-179.723,1.998,-0.004,11.0
1160,-1.511,-0.506,0.000,-179.725,1.998,-0.004,11.0
1161,-1.511,-0.506,0.000,-179.726,1.998,-0.004,11.0
1162,-1.511,-0.506,0.000,-179.728,1.998,-0.004,11.0
1163,-1.511,-0.506,0.000,-179.729,1.998,-0.004,11.0
1164,-1.511,-0.506,0.000,-179.731,1.998,-0.004,11.0
1165,-1.511,-0.506,0.000,-179.732,1.998,-0.004,11.0
1166,-1.511,-0.506,0.000,-179.734,1.998,-0.004,11.0
1167,-1.511,-0.506,0.000,-179.735,1.998,-0.004,11.0
1168,-1.511,-0.506,0.000,-179.737,1.998,-0.004,11.0
1169,-1.511,-0.506,0.000,-179.738,1.998,-0.004,11.0
1170,-1.511,-0.506,0.000,-179.740,1.998,-0.003,11.0
1171,-1.511,-0.506,0.000,-179.741,1.998,-0.003,11.0
1172,-1.511,-0.506,0.000,-179.742,1.998,-0.003,11.0
1173,-1.511,-0.506,0.000,-179.744,1.998,-0.003,11.0
1174,-1.511,-0.506,0.000,-179.745,1.998,-0.003,11.0
1175,-1.511,-0.506,0.000,-179.747,1.998,-0.003,11.0
1176,-1.511,-0.506,0.000,-179.748,1.998,-0.003,11.0
1177,-1.511,-0.506,0.000,-179.749,1.998,-0.003,11.0
1178,-1.511,-0.506,0.000,-179.751,1.998,-0.003,11.0
1179,-1.511,-0.506,0.000,-179.752,1.998,-0.003,11.0
1180,-1.511,-0.506,0.000,-179.753,1.998,-0.003,11.0
1181,-1.511,-0.506,0.000,-179.755,1.998,-0.003,11.0
1182,-1.511,-0.506,0.000,-179.756,1.998,-0.003,11.0
1183,-1.511,-0.506,0.000,-179.757,1.998,-0.003,11.0
1184,-1.511,-0.506,0.000,-179.759,1.998,-0.003,11.0
1185,-1.511,-0.506,0.000,-179.760,1.998,-0.003,11.0
1186,-1.511,-0.506,0.000,-179.761,1.998,-0.003,11.0
1187,-1.511,-0.506,0.000,-179.763,1.998,-0.003,11.0
1188,-1.511,-0.506,0.000,-179.764,1.998,-0.003,11.0
1189,-1.511,-0.506,0.000,-179.765,1.998,-0.003,11.0
1190,-1.511,-0.506,0.000,-179.766,1.998,-0.003,11.0
1191,-1.511,-0.506,0.000,-179.768,1.998,-0.003,11.0
1192,-1.511,-0.506,0.000,-179.769,1.998,-0.002,11.0
1193,-1.511,-0.506,0.000,-179.770,1.998,-0.002,11.0
1194,-1.511,-0.506,0.000,-179.771,1.998,-0.002,11.0
1195,-1.511,-0.506,0.000,-179.773,1.998,-0.002,11.0
1196,-1.511,-0.506,0.000,-179.774,1.998,-0.002,11.0
1197,-1.511,-0.506,0.000,-179.775,1.998,-0.002,11.0
1198,-1.511,-0.506,0.000,-179.776,1.998,-0.002,11.0
1199,-1.511,-0.506,0.000,-179.778,1.998,-0.002,11.0
1200,-1.511,-0.506,0.000,-179.779,1.998,-0.002,11.0
1201,-1.511,-0.506,0.000,-179.780,1.998,-0.002,11.0
1202,-1.511,-0.506,0.000,-179.781,1.998,-0.002,11.0
1203,-1.511,-0.506,0.000,-179.782,1.998,-0.002,11.0
1204,-1.511,-0.506,0.000,-179.784,1.998,-0.002,11.0
1205,-1.511,-0.506,0.000,-179.785,1.998,-0.002,11.0
1206,-1.511,-0.506,0.000,-179.786,1.998,-0.002,11.0
1207,-1.511,-0.506,0.000,-179.787,1.998,-0.002,11.0
1208,-1.511,-0.506,0.000,-179.788,1.998,-0.002,11.0
1209,-1.511,-0.506,0.000,-179.789,1.998,-0.002,11.0
1210,-1.511,-0.506,0.000,-179.791,1.998,-0.002,11.0
1211,-1.511,-0.506,0.000,-179.792,1.998,-0.002,11.0
1212,-1.511,-0.506,0.000,-179.793,1.998,-0.002,11.0
1213,-1.511,-0.506,0.000,-179.794,1.998,-0.002,11.0
1214,-1.511,-0.506,0.000,-179.795,1.998,-0.002,11.0
1215,-1.511,-0.506,0.000,-179.796,1.998,-0.002,11.0
1216,-1.511,-0.506,0.000,-179.797,1.998,-0.001,11.0
1217,-1.511,-0.506,0.000,-179.798,1.998,-0.001,11.0
1218,-1.511,-0.506,0.000,-179.799,1.998,-0.001,11.0
1219,-1.511,-0.506,0.000,-179.801,1.998,-0.001,11.0
1220,-1.511,-0.506,0.000,-179.802,1.998,-0.001,11.0
1221,-1.511,-0.506,0.000,-179.803,1.998,-0.001,11.0
1222,-1.511,-0.506,0.000,-179.804,1.998,-0.001,11.0
1223,-1.511,-0.506,0.000,-179.805,1.998,-0.001,11.0
1224,-1.511,-0.506,0.000,-179.806,1.998,-0.001,11.0
1225,-1.511,-0.506,0.000,-179.807,1.998,-0.001,11.0
1226,-1.511,-0.506,0.000,-179.808,1.998,-0.001,11.0
1227,-1.511,-0.506,0.000,-179.809,1.998,-0.001,11.0
1228,-1.511,-0.506,0.000,-179.810,1.998,-0.001,11.0
1229,-1.511,-0.506,0.000,-179.811,1.998,-0.001,11.0
1230,-1.511,-0.506,0.000,-179.812,1.998,-0.001,11.0
1231,-1.511,-0.506,0.000,-179.813,1.998,-0.001,11.0
1232,-1.511,-0.506,0.000,-179.814,1.998,-0.001,11.0
1233,-1.511,-0.506,0.000,-179.815,1.998,-0.001,11.0
1234,-1.511,-0.506,0.000,-179.816,1.998,-0.001,11.0
1235,-1.511,-0.506,0.000,-179.817,1.998,-0.001,11.0
1236,-1.511,-0.506,0.000,-179.818,1.998,-0.001,11.0
1237,-1.511,-0.506,0.000,-179.819,1.998,-0.001,11.0
1238,-1.511,-0.506,0.000,-179.820,1.998,-0.001,11.0
1239,-1.511,-0.506,0.000,-179.821,1.998,-0.001,11.0
1240,-1.511,-0.506,0.000,-179.822,1.998,-0.001,11.0
1241,-1.511,-0.506,0.000,-179.823,1.998,-0.001,11.0
1242,-1.511,-0.506,0.000,-179.824,1.998,-0.001,11.0
1243,-1.511,-0.506,0.000,-179.825,1.998,-0.001,11.0
1244,-1.511,-0.506,0.000,-179.826,1.998,-0.000,11.0
1245,-1.511,-0.506,0.000,-179.827,1.998,-0.000,11.0
1246,-1.511,-0.506,0.000,-179.828,1.998,-0.000,11.0
1247,-1.511,-0.506,0.000,-179.829,1.998,-0.000,11.0
1248,-1.511,-0.506,0.000,-179.830,1.998,-0.000,11.0
1249,-1.511,-0.506,0.000,-179.831,1.998,-0.000,11.0
1250,-1.511,-0.506,0.000,-179.832,1.998,-0.000,11.0
1251,-1.511,-0.506,0.000,-179.833,1.998,-0.000,11.0
1252,-1.511,-0.506,0.000,-179.833,1.998,-0.000,11.0
1253,-1.511,-0.506,0.000,-179.834,1.998,-0.000,11.0
1254,-1.511,-0.506,0.000,-179.835,1.998,-0.000,11.0
1255,-1.511,-0.506,0.000,-179.836,1.998,-0.000,11.0
1256,-1.511,-0.506,0.000,-179.837,1.998,-0.000,11.0
1257,-1.511,-0.506,0.000,-179.838,1.998,-0.000,11.0
1258,-1.511,-0.506,0.000,-179.839,1.998,-0.000,11.0
1259,-1.511,-0.506,0.000,-179.840,1.998,-0.000,11.0
1260,-1.511,-0.506,0.000,-179.841,1.998,0.000,11.0
1261,-1.511,-0.506,0.000,-179.841,1.998,0.000,11.0
1262,-1.511,-0.506,0.000,-179.842,1.998,0.000,11.0
1263,-1.511,-0.506,0.000,-179.843,1.998,0.000,11.0
1264,-1.511,-0.506,0.000,-179.844,1.998,0.000,11.0
1265,-1.511,-0.506,0.000,-179.845,1.998,0.000,11.0
1266,-1.511,-0.506,0.000,-179.846,1.998,0.000,11.0
1267,-1.511,-0.506,0.000,-179.847,1.998,0.000,11.0
1268,-1.511,-0.506,0.000,-179.847,1.998,0.000,11.0
1269,-1.511,-0.506,0.000,-179.848,1.998,0.000,11.0
1270,-1.511,-0.506,0.000,-179.849,1.998,0.000,11.0
1271,-1.511,-0.506,0.000,-179.850,1.998,0.000,11.0
1272,-1.511,-0.506,0.000,-179.851,1.998,0.000,11.0
1273,-1.511,-0.506,0.000,-179.851,1.998,0.000,11.0
1274,-1.511,-0.506,0.000,-179.852,1.998,0.000,11.0
1275,-1.511,-0.506,0.000,-179.853,1.998,0.000,11.0
1276,-1.511,-0.506,0.000,-179.854,1.998,0.000,11.0
1277,-1.511,-0.506,0.000,-179.855,1.998,0.001,11.0
1278,-1.511,-0.506,0.000,-179.855,1.998,0.001,11.0
1279,-1.511,-0.506,0.000,-179.856,1.998,0.001,11.0
1280,-1.511,-0.506,0.000,-179.857,1.998,0.001,11.0
1281,-1.511,-0.506,0.000,-179.858,1.998,0.001,11.0
1282,-1.511,-0.506,0.000,-179.859,1.998,0.001,11.0
1283,-1.511,-0.506,0.000,-179.859,1.998,0.001,11.0
1284,-1.511,-0.506,0.000,-179.860,1.998,0.001,11.0
1285,-1.511,-0.506,0.000,-179.861,1.998,0.001,11.0
1286,-1.511,-0.506,0.000,-179.862,1.998,0.001,11.0
1287,-1.511,-0.506,0.000,-179.862,1.998,0.001,11.0
1288,-1.511,-0.506,0.000,-179.863,1.998,0.001,11.0
1289,-1.511,-0.506,0.000,-179.864,1.998,0.001,11.0
1290,-1.511,-0.506,0.000,-179.865,1.998,0.001,11.0
1291,-1.511,-0.506,0.000,-179.865,1.998,0.001,11.0
1292,-1.511,-0.506,0.000,-179.866,1.998,0.001,11.0
1293,-1.511,-0.506,0.000,-179.867,1.998,0.001,11.0
1294,-1.511,-0.506,0.000,-179.868,1.998,0.001,11.0
1295,-1.511,-0.506,0.000,-179.868,1.998,0.001,11.0
1296,-1.511,-0.506,0.000,-179.869,1.998,0.001,11.0
1297,-1.511,-0.506,0.000,-179.870,1.998,0.001,11.0
1298,-1.511,-0.506,0.000,-179.870,1.998,0.001,11.0
1299,-1.511,-0.506,0.000,-179.871,1.998,0.001,11.0
1300,-1.511,-0.506,0.000,-179.872,1.998,0.001,11.0
1301,-1.511,-0.506,0.000,-179.873,1.998,0.001,11.0
1302,-1.511,-0.506,0.000,-179.873,1.998,0.001,11.0
1303,-1.511,-0.506,0.000,-179.874,1.998,0.001,11.0
1304,-1.511,-0.506,0.000,-179.875,1.998,0.001,11.0
1305,-1.511,-0.506,0.000,-179.875,1.998,0.001,11.0
1306,-1.511,-0.506,0.000,-179.876,1.998,0.001,11.0
1307,-1.511,-0.506,0.000,-179.877,1.998,0.001,11.0
1308,-1.511,-0.506,0.000,-179.877,1.998,0.001,11.0
1309,-1.511,-0.506,0.000,-179.878,1.998,0.001,11.0
1310,-1.511,-0.506,0.000,-179.879,1.998,0.001,11.0
1311,-1.511,-0.506,0.000,-179.879,1.998,0.001,11.0
1312,-1.511,-0.506,0.000,-179.880,1.998,0.001,11.0
1313,-1.511,-0.506,0.000,-179.881,1.998,0.001,11.0
1314,-1.511,-0.506,0.000,-179.881,1.998,0.001,11.0
1315,-1.511,-0.506,0.000,-179.882,1.998,0.001,11.0
1316,-1.511,-0.506,0.000,-179.883,1.998,0.001,11.0
1317,-1.511,-0.506,0.000,-179.883,1.998,0.002,11.0
1318,-1.511,-0.506,0.000,-179.884,1.998,0.002,11.0
1319,-1.511,-0.506,0.000,-179.885,1.998,0.002,11.0
1320,-1.511,-0.506,0.000,-179.885,1.998,0.002,11.0
1321,-1.511,-0.506,0.000,-179.886,1.998,0.002,11.0
1322,-1.511,-0.506,0.000,-179.886,1.998,0.002,11.0
1323,-1.511,-0.506,0.000,-179.887,1.998,0.002,11.0
1324,-1.511,-0.506,0.000,-179.888,1.998,0.002,11.0
1325,-1.511,-0.506,0.000,-179.888,1.998,0.002,11.0
1326,-1.511,-0.506,0.000,-179.889,1.998,0.002,11.0
1327,-1.511,-0.506,0.000,-179.889,1.998,0.002,11.0
1328,-1.511,-0.506,0.000,-179.890,1.998,0.002,11.0
1329,-1.511,-0.506,0.000,-179.891,1.998,0.002,11.0
1330,-1.511,-0.506,0.000,-179.891,1.998,0.002,11.0
1331,-1.511,-0.506,0.000,-179.892,1.998,0.002,11.0
1332,-1.511,-0.506,0.000,-179.892,1.998,0.002,11.0
1333,-1.511,-0.506,0.000,-179.893,1.998,0.002,11.0
1334,-1.511,-0.506,0.000,-179.894,1.998,0.002,11.0
1335,-1.511,-0.506,0.000,-179.894,1.998,0.002,11.0
1336,-1.511,-0.506,0.000,-179.895,1.998,0.002,11.0
1337,-1.511,-0.506,0.000,-179.895,1.998,0.002,11.0
1338,-1.511,-0.506,0.000,-179.896,1.998,0.002,11.0
1339,-1.511,-0.506,0.000,-179.897,1.998,0.002,11.0
1340,-1.511,-0.506,0.000,-179.897,1.998,0.002,11.0
1341,-1.511,-0.506,0.000,-179.898,1.998,0.002,11.0
1342,-1.511,-0.506,0.000,-179.898,1.998,0.002,11.0
1343,-1.511,-0.506,0.000,-179.899,1.998,0.002,11.0
1344,-1.511,-0.506,0.000,-179.899,1.998,0.002,11.0
1345,-1.511,-0.506,0.000,-179.900,1.998,0.002,11.0
1346,-1.511,-0.506,0.000,-179.900,1.998,0.002,11.0
1347,-1.511,-0.506,0.000,-179.901,1.998,0.002,11.0
1348,-1.511,-0.506,0.000,-179.902,1.998,0.002,11.0
1349,-1.511,-0.506,0.000,-179.902,1.998,0.002,11.0
1350,-1.511,-0.506,0.000,-179.903,1.998,0.002,11.0
1351,-1.511,-0.506,0.000,-179.903,1.998,0.002,11.0
1352,-1.511,-0.506,0.000,-179.904,1.998,0.002,11.0
1353,-1.511,-0.506,0.000,-179.904,1.998,0.002,11.0
1354,-1.511,-0.506,0.000,-179.905,1.998,0.002,11.0
1355,-1.511,-0.506,0.000,-179.905,1.998,0.002,11.0
1356,-1.511,-0.506,0.000,-179.906,1.998,0.002,11.0
1357,-1.511,-0.506,0.000,-179.906,1.998,0.002,11.0
1358,-1.511,-0.506,0.000,-179.907,1.998,0.002,11.0
1359,-1.511,-0.506,0.000,-179.907,1.998,0.002,11.0
1360,-1.511,-0.506,0.000,-179.908,1.998,0.002,11.0
1361,-1.511,-0.506,0.000,-179.908,1.998,0.002,11.0
1362,-1.511,-0.506,0.000,-179.909,1.998,0.002,11.0
1363,-1.511,-0.506,0.000,-179.909,1.998,0.002,11.0
1364,-1.511,-0.506,0.000,-179.910,1.998,0.002,11.0
1365,-1.511,-0.506,0.000,-179.910,1.998,0.002,11.0
1366,-1.511,-0.506,0.000,-179.911,1.998,0.002,11.0
1367,-1.511,-0.506,0.000,-179.911,1.998,0.002,11.0
1368,-1.511,-0.506,0.000,-179.912,1.998,0.003,11.0
1369,-1.511,-0.506,0.000,-179.912,1.998,0.003,11.0
1370,-1.511,-0.506,0.000,-179.913,1.998,0.003,11.0
1371,-1.511,-0.506,0.000,-179.913,1.998,0.003,11.0
1372,-1.511,-0.506,0.000,-179.914,1.998,0.003,11.0
1373,-1.511,-0.506,0.000,-179.914,1.998,0.003,11.0
1374,-1.511,-0.506,0.000,-179.915,1.998,0.003,11.0
1375,-1.511,-0.506,0.000,-179.915,1.998,0.003,11.0
1376,-1.511,-0.506,0.000,-179.916,1.998,0.003,11.0
1377,-1.511,-0.506,0.000,-179.916,1.998,0.003,11.0
1378,-1.511,-0.506,0.000,-179.917,1.998,0.003,11.0
1379,-1.511,-0.506,0.000,-179.917,1.998,0.003,11.0
1380,-1.511,-0.506,0.000,-179.917,1.998,0.003,11.0
1381,-1.511,-0.506,0.000,-179.918,1.998,0.003,11.0
1382,-1.511,-0.506,0.000,-179.918,1.998,0.003,11.0
1383,-1.511,-0.506,0.000,-179.919,1.998,0.003,11.0
1384,-1.511,-0.506,0.000,-179.919,1.998,0.003,11.0
1385,-1.511,-0.506,0.000,-179.920,1.998,0.003,11.0
1386,-1.511,-0.506,0.000,-179.920,1.998,0.003,11.0
1387,-1.511,-0.506,0.000,-179.921,1.998,0.003,11.0
1388,-1.511,-0.506,0.000,-179.921,1.998,0.003,11.0
1389,-1.511,-0.506,0.000,-179.921,1.998,0.003,11.0
1390,-1.511,-0.506,0.000,-179.922,1.998,0.003,11.0
1391,-1.511,-0.506,0.000,-179.922,1.998,0.003,11.0
1392,-1.511,-0.506,0.000,-179.923,1.998,0.003,11.0
1393,-1.511,-0.506,0.000,-179.923,1.998,0.003,11.0
1394,-1.511,-0.506,0.000,-179.924,1.998,0.003,11.0
1395,-1.511,-0.506,0.000,-179.924,1.998,0.003,11.0
1396,-1.511,-0.506,0.000,-179.924,1.998,0.003,11.0
1397,-1.511,-0.506,0.000,-179.925,1.998,0.003,11.0
1398,-1.511,-0.506,0.000,-179.925,1.998,0.003,11.0
1399,-1.511,-0.506,0.000,-179.926,1.998,0.003,11.0
1400,-1.511,-0.506,0.000,-179.926,1.998,0.003,11.0
1401,-1.511,-0.506,0.000,-179.926,1.998,0.003,11.0
1402,-1.511,-0.506,0.000,-179.927,1.998,0.003,11.0
1403,-1.511,-0.506,0.000,-179.927,1.998,0.003,11.0
1404,-1.511,-0.506,0.000,-179.928,1.998,0.003,11.0
1405,-1.511,-0.506,0.000,-179.928,1.998,0.003,11.0
1406,-1.511,-0.506,0.000,-179.928,1.998,0.003,11.0
1407,-1.511,-0.506,0.000,-179.929,1.998,0.003,11.0
1408,-1.511,-0.506,0.000,-179.929,1.998,0.003,11.0
1409,-1.511,-0.506,0.000,-179.930,1.998,0.003,11.0
1410,-1.511,-0.506,0.000,-179.930,1.998,0.003,11.0
1411,-1.511,-0.506,0.000,-179.930,1.998,0.003,11.0
1412,-1.511,-0.506,0.000,-179.931,1.998,0.003,11.0
1413,-1.511,-0.506,0.000,-179.931,1.998,0.003,11.0
1414,-1.511,-0.506,0.000,-179.932,1.998,0.003,11.0
1415,-1.511,-0.506,0.000,-179.932,1.998,0.003,11.0
1416,-1.511,-0.506,0.000,-179.932,1.998,0.003,11.0
1417,-1.511,-0.506,0.000,-179.933,1.998,0.003,11.0
1418,-1.511,-0.506,0.000,-179.933,1.998,0.003,11.0
1419,-1.511,-0.506,0.000,-179.933,1.998,0.003,11.0
1420,-1.511,-0.506,0.000,-179.934,1.998,0.003,11.0
1421,-1.511,-0.506,0.000,-179.934,1.998,0.003,11.0
1422,-1.511,-0.506,0.000,-179.935,1.998,0.003,11.0
1423,-1.511,-0.506,0.000,-179.935,1.998,0.003,11.0
1424,-1.511,-0.506,0.000,-179.935,1.998,0.003,11.0
1425,-1.511,-0.506,0.000,-179.936,1.998,0.003,11.0
1426,-1.511,-0.506,0.000,-179.936,1.998,0.003,11.0
1427,-1.511,-0.506,0.000,-179.936,1.998,0.003,11.0
1428,-1.511,-0.506,0.000,-179.937,1.998,0.003,11.0
1429,-1.511,-0.506,0.000,-179.937,1.998,0.003,11.0
1430,-1.511,-0.506,0.000,-179.937,1.998,0.003,11.0
1431,-1.511,-0.506,0.000,-179.938,1.998,0.003,11.0
1432,-1.511,-0.506,0.000,-179.938,1.998,0.003,11.0
1433,-1.511,-0.506,0.000,-179.938,1.998,0.003,11.0
1434,-1.511,-0.506,0.000,-179.939,1.998,0.003,11.0
1435,-1.511,-0.506,0.000,-179.939,1.998,0.003,11.0
1436,-1.511,-0.506,0.000,-179.939,1.998,0.003,11.0
1437,-1.511,-0.506,0.000,-179.940,1.998,0.003,11.0
1438,-1.511,-0.506,0.000,-179.940,1.998,0.003,11.0
1439,-1.511,-0.506,0.000,-179.940,1.998,0.004,11.0
1440,-1.511,-0.506,0.000,-179.941,1.998,0.004,11.0
1441,-1.511,-0.506,0.000,-179.941,1.998,0.004,11.0
1442,-1.511,-0.506,0.000,-179.941,1.998,0.004,11.0
1443,-1.511,-0.506,0.000,-179.942,1.998,0.004,11.0
1444,-1.511,-0.506,0.000,-179.942,1.998,0.004,11.0
1445,-1.511,-0.506,0.000,-179.942,1.998,0.004,11.0
1446,-1.511,-0.506,0.000,-179.943,1.998,0.004,11.0
1447,-1.511,-0.506,0.000,-179.943,1.998,0.004,11.0
1448,-1.511,-0.506,0.000,-179.943,1.998,0.004,11.0
1449,-1.511,-0.506,0.000,-179.944,1.998,0.004,11.0
1450,-1.511,-0.506,0.000,-179.944,1.998,0.004,11.0
1451,-1.511,-0.506,0.000,-179.944,1.998,0.004,11.0
1452,-1.511,-0.506,0.000,-179.945,1.998,0.004,11.0
1453,-1.511,-0.506,0.000,-179.945,1.998,0.004,11.0
1454,-1.511,-0.506,0.000,-179.945,1.998,0.004,11.0
1455,-1.511,-0.506,0.000,-179.945,1.998,0.004,11.0
1456,-1.511,-0.506,0.000,-179.946,1.998,0.004,11.0
1457,-1.511,-0.506,0.000,-179.946,1.998,0.004,11.0
1458,-1.511,-0.506,0.000,-179.946,1.998,0.004,11.0
1459,-1.511,-0.506,0.000,-179.947,1.998,0.004,11.0
1460,-1.511,-0.506,0.000,-179.947,1.998,0.004,11.0
1461,-1.511,-0.506,0.000,-179.947,1.998,0.004,11.0
1462,-1.511,-0.506,0.000,-179.948,1.998,0.004,11.0
1463,-1.511,-0.506,0.000,-179.948,1.998,0.004,11.0
1464,-1.511,-0.506,0.000,-179.948,1.998,0.004,11.0
1465,-1.511,-0.506,0.000,-179.948,1.998,0.004,11.0
1466,-1.511,-0.506,0.000,-179.949,1.998,0.004,11.0
1467,-1.511,-0.506,0.000,-179.949,1.998,0.004,11.0
1468,-1.511,-0.506,0.000,-179.949,1.998,0.004,11.0
1469,-1.511,-0.506,0.000,-179.950,1.998,0.004,11.0
1470,-1.511,-0.506,0.000,-179.950,1.998,0.004,11.0
1471,-1.511,-0.506,0.000,-179.950,1.998,0.004,11.0
1472,-1.511,-0.506,0.000,-179.950,1.998,0.004,11.0
1473,-1.511,-0.506,0.000,-179.951,1.998,0.004,11.0
1474,-1.511,-0.506,0.000,-179.951,1.998,0.004,11.0
1475,-1.511,-0.506,0.000,-179.951,1.998,0.004,11.0
1476,-1.511,-0.506,0.000,-179.952,1.998,0.004,11.0
1477,-1.511,-0.506,0.000,-179.952,1.998,0.004,11.0
1478,-1.511,-0.506,0.000,-179.952,1.998,0.004,11.0
1479,-1.511,-0.506,0.000,-179.952,1.998,0.004,11.0
1480,-1.511,-0.506,0.000,-179.953,1.998,0.004,11.0
1481,-1.511,-0.506,0.000,-179.953,1.998,0.004,11.0
1482,-1.511,-0.506,0.000,-179.953,1.998,0.004,11.0
1483,-1.511,-0.506,0.000,-179.953,1.998,0.004,11.0
1484,-1.511,-0.506,0.000,-179.954,1.998,0.004,11.0
1485,-1.511,-0.506,0.000,-179.954,1.998,0.004,11.0
1486,-1.511,-0.506,0.000,-179.954,1.998,0.004,11.0
1487,-1.511,-0.506,0.000,-179.954,1.998,0.004,11.0
1488,-1.511,-0.506,0.000,-179.955,1.998,0.004,11.0
1489,-1.511,-0.506,0.000,-179.955,1.998,0.004,11.0
1490,-1.511,-0.506,0.000,-179.955,1.998,0.004,11.0
1491,-1.511,-0.506,0.000,-179.955,1.998,0.004,11.0
1492,-1.511,-0.506,0.000,-179.956,1.998,0.004,11.0
1493,-1.511,-0.506,0.000,-179.956,1.998,0.004,11.0
1494,-1.511,-0.506,0.000,-179.956,1.998,0.004,11.0
1495,-1.511,-0.506,0.000,-179.956,1.998,0.004,11.0
1496,-1.511,-0.506,0.000,-179.957,1.998,0.004,11.0
1497,-1.511,-0.506,0.000,-179.957,1.998,0.004,11.0
1498,-1.511,-0.506,0.000,-179.957,1.998,0.004,11.0
1499,-1.511,-0.506,0.000,-179.957,1.998,0.004,11.0
1500,-1.511,-0.506,0.000,-179.958,1.998,0.004,11.0
1501,-1.511,-0.506,0.000,-179.958,1.998,0.004,11.0
1502,-1.511,-0.506,0.000,-179.958,1.998,0.004,11.0
1503,-1.511,-0.506,0.000,-179.958,1.998,0.004,11.0
1504,-1.511,-0.506,0.000,-179.959,1.998,0.004,11.0
1505,-1.511,-0.506,0.000,-179.959,1.998,0.004,11.0
1506,-1.511,-0.506,0.000,-179.959,1.998,0.004,11.0
1507,-1.511,-0.506,0.000,-179.959,1.998,0.004,11.0
1508,-1.511,-0.506,0.000,-179.959,1.998,0.004,11.0
1509,-1.511,-0.506,0.000,-179.960,1.998,0.004,11.0
1510,-1.511,-0.506,0.000,-179.960,1.998,0.004,11.0
1511,-1.511,-0.506,0.000,-179.960,1.998,0.004,11.0
1512,-1.511,-0.506,0.000,-179.960,1.998,0.004,11.0
1513,-1.511,-0.506,0.000,-179.961,1.998,0.004,11.0
1514,-1.511,-0.506,0.000,-179.961,1.998,0.004,11.0
1515,-1.511,-0.506,0.000,-179.961,1.998,0.004,11.0
1516,-1.511,-0.506,0.000,-179.961,1.998,0.004,11.0
1517,-1.511,-0.506,0.000,-179.961,1.998,0.004,11.0
1518,-1.511,-0.506,0.000,-179.962,1.998,0.004,11.0
1519,-1.511,-0.506,0.000,-179.962,1.998,0.004,11.0
1520,-1.511,-0.506,0.000,-179.962,1.998,0.004,11.0
1521,-1.511,-0.506,0.000,-179.962,1.998,0.004,11.0
1522,-1.511,-0.506,0.000,-179.963,1.998,0.004,11.0
1523,-1.511,-0.506,0.000,-179.963,1.998,0.004,11.0
1524,-1.511,-0.506,0.000,-179.963,1.998,0.004,11.0
1525,-1.511,-0.506,0.000,-179.963,1.998,0.004,11.0
1526,-1.511,-0.506,0.000,-179.963,1.998,0.004,11.0
1527,-1.511,-0.506,0.000,-179.964,1.998,0.004,11.0
1528,-1.511,-0.506,0.000,-179.964,1.998,0.004,11.0
1529,-1.511,-0.506,0.000,-179.964,1.998,0.004,11.0
1530,-1.511,-0.506,0.000,-179.964,1.998,0.004,11.0
1531,-1.511,-0.506,0.000,-179.964,1.998,0.004,11.0
1532,-1.511,-0.506,0.000,-179.965,1.998,0.004,11.0
1533,-1.511,-0.506,0.000,-179.965,1.998,0.004,11.0
1534,-1.511,-0.506,0.000,-179.965,1.998,0.004,11.0
1535,-1.511,-0.506,0.000,-179.965,1.998,0.004,11.0
1536,-1.511,-0.506,0.000,-179.965,1.998,0.004,11.0
1537,-1.511,-0.506,0.000,-179.966,1.998,0.004,11.0
1538,-1.511,-0.506,0.000,-179.966,1.998,0.004,11.0
1539,-1.511,-0.506,0.000,-179.966,1.998,0.004,11.0
1540,-1.511,-0.506,0.000,-179.966,1.998,0.004,11.0
1541,-1.511,-0.506,0.000,-179.966,1.998,0.004,11.0
1542,-1.511,-0.506,0.000,-179.967,1.998,0.004,11.0
1543,-1.511,-0.506,0.000,-179.967,1.998,0.004,11.0
1544,-1.511,-0.506,0.000,-179.967,1.998,0.004,11.0
1545,-1.511,-0.506,0.000,-179.967,1.998,0.004,11.0
1546,-1.511,-0.506,0.000,-179.967,1.998,0.004,11.0
1547,-1.511,-0.506,0.000,-179.967,1.998,0.004,11.0
1548,-1.511,-0.506,0.000,-179.968,1.998,0.004,11.0
1549,-1.511,-0.506,0.000,-179.968,1.998,0.004,11.0
1550,-1.511,-0.506,0.000,-179.968,1.998,0.004,11.0
1551,-1.511,-0.506,0.000,-179.968,1.998,0.004,11.0
1552,-1.511,-0.506,0.000,-179.968,1.998,0.004,11.0
1553,-1.511,-0.506,0.000,-179.969,1.998,0.004,11.0
1554,-1.511,-0.506,0.000,-179.969,1.998,0.004,11.0
1555,-1.511,-0.506,0.000,-179.969,1.998,0.005,11.0
1556,-1.511,-0.506,0.000,-179.969,1.998,0.005,11.0
1557,-1.511,-0.506,0.000,-179.969,1.998,0.005,11.0
1558,-1.511,-0.506,0.000,-179.969,1.998,0.005,11.0
1559,-1.511,-0.506,0.000,-179.970,1.998,0.005,11.0
1560,-1.511,-0.506,0.000,-179.970,1.998,0.005,11.0
1561,-1.511,-0.506,0.000,-179.970,1.998,0.005,11.0
1562,-1.511,-0.506,0.000,-179.970,1.998,0.005,11.0
1563,-1.511,-0.506,0.000,-179.970,1.998,0.005,11.0
1564,-1.511,-0.506,0.000,-179.970,1.998,0.005,11.0
1565,-1.511,-0.506,0.000,-179.971,1.998,0.005,11.0
1566,-1.511,-0.506,0.000,-179.971,1.998,0.005,11.0
1567,-1.511,-0.506,0.000,-179.971,1.998,0.005,11.0
1568,-1.511,-0.506,0.000,-179.971,1.998,0.005,11.0
1569,-1.511,-0.506,0.000,-179.971,1.998,0.005,11.0
1570,-1.511,-0.506,0.000,-179.971,1.998,0.005,11.0
1571,-1.511,-0.506,0.000,-179.972,1.998,0.005,11.0
1572,-1.511,-0.506,0.000,-179.972,1.998,0.005,11.0
1573,-1.511,-0.506,0.000,-179.972,1.998,0.005,11.0
1574,-1.511,-0.506,0.000,-179.972,1.998,0.005,11.0
1575,-1.511,-0.506,0.000,-179.972,1.998,0.005,11.0
1576,-1.511,-0.506,0.000,-179.972,1.998,0.005,11.0
1577,-1.511,-0.506,0.000,-179.973,1.998,0.005,11.0
1578,-1.511,-0.506,0.000,-179.973,1.998,0.005,11.0
1579,-1.511,-0.506,0.000,-179.973,1.998,0.005,11.0
1580,-1.511,-0.506,0.000,-179.973,1.998,0.005,11.0
1581,-1.511,-0.506,0.000,-179.973,1.998,0.005,11.0
1582,-1.511,-0.506,0.000,-179.973,1.998,0.005,11.0
1583,-1.511,-0.506,0.000,-179.974,1.998,0.005,11.0
1584,-1.511,-0.506,0.000,-179.974,1.998,0.005,11.0
1585,-1.511,-0.506,0.000,-179.974,1.998,0.005,11.0
1586,-1.511,-0.506,0.000,-179.974,1.998,0.005,11.0
1587,-1.511,-0.506,0.000,-179.974,1.998,0.005,11.0
1588,-1.511,-0.506,0.000,-179.974,1.998,0.005,11.0
1589,-1.511,-0.506,0.000,-179.974,1.998,0.005,11.0
1590,-1.511,-0.506,0.000,-179.975,1.998,0.005,11.0
1591,-1.511,-0.506,0.000,-179.975,1.998,0.005,11.0
1592,-1.511,-0.506,0.000,-179.975,1.998,0.005,11.0
1593,-1.511,-0.506,0.000,-179.975,1.998,0.005,11.0
1594,-1.511,-0.506,0.000,-179.975,1.998,0.005,11.0
1595,-1.511,-0.506,0.000,-179.975,1.998,0.005,11.0
1596,-1.511,-0.506,0.000,-179.975,1.998,0.005,11.0
1597,-1.511,-0.506,0.000,-179.976,1.998,0.005,11.0
1598,-1.511,-0.506,0.000,-179.976,1.998,0.005,11.0
1599,-1.511,-0.506,0.000,-179.976,1.998,0.005,11.0
1600,-1.511,-0.506,0.000,-179.976,1.998,0.005,11.0
1601,-1.511,-0.506,0.000,-179.976,1.998,0.005,11.0
1602,-1.511,-0.506,0.000,-179.976,1.998,0.005,11.0
1603,-1.511,-0.506,0.000,-179.976,1.998,0.005,11.0
1604,-1.511,-0.506,0.000,-179.977,1.998,0.005,11.0
1605,-1.511,-0.506,0.000,-179.977,1.998,0.005,11.0
1606,-1.511,-0.506,0.000,-179.977,1.998,0.005,11.0
1607,-1.511,-0.506,0.000,-179.977,1.998,0.005,11.0
1608,-1.511,-0.506,0.000,-179.977,1.998,0.005,11.0
1609,-1.511,-0.506,0.000,-179.977,1.998,0.005,11.0
1610,-1.511,-0.506,0.000,-179.977,1.998,0.005,11.0
1611,-1.511,-0.506,0.000,-179.977,1.998,0.005,11.0
1612,-1.511,-0.506,0.000,-179.978,1.998,0.005,11.0
1613,-1.511,-0.506,0.000,-179.978,1.998,0.005,11.0
1614,-1.511,-0.506,0.000,-179.978,1.998,0.005,11.0
1615,-1.511,-0.506,0.000,-179.978,1.998,0.005,11.0
1616,-1.511,-0.506,0.000,-179.978,1.998,0.005,11.0
1617,-1.511,-0.506,0.000,-179.978,1.998,0.005,11.0
1618,-1.511,-0.506,0.000,-179.978,1.998,0.005,11.0
1619,-1.511,-0.506,0.000,-179.979,1.998,0.005,11.0
1620,-1.511,-0.506,0.000,-179.979,1.998,0.005,11.0
1621,-1.511,-0.506,0.000,-179.979,1.998,0.005,11.0
1622,-1.511,-0.506,0.000,-179.979,1.998,0.005,11.0
1623,-1.511,-0.506,0.000,-179.979,1.998,0.005,11.0
1624,-1.511,-0.506,0.000,-179.979,1.998,0.005,11.0
1625,-1.511,-0.506,0.000,-179.979,1.998,0.005,11.0
1626,-1.511,-0.506,0.000,-179.979,1.998,0.005,11.0
1627,-1.511,-0.506,0.000,-179.978,1.998,0.005,11.0
1628,-1.511,-0.506,0.000,-179.977,1.998,0.005,11.0
1629,-1.511,-0.506,0.000,-179.976,1.998,0.005,11.0
1630,-1.511,-0.506,0.000,-179.975,1.998,0.005,11.0
1631,-1.511,-0.506,0.000,-179.976,1.998,0.005,11.0
1632,-1.511,-0.506,0.000,-179.977,1.998,0.005,11.0
1633,-1.511,-0.506,0.000,-179.978,1.998,0.005,11.0
1634,-1.511,-0.506,0.000,-179.979,1.998,0.005,11.0
1635,-1.511,-0.506,0.000,-179.981,1.998,0.005,11.0
1636,-1.511,-0.506,0.000,-179.982,1.998,0.005,11.0
1637,-1.511,-0.506,0.000,-179.984,1.998,0.005,11.0
1638,-1.511,-0.506,0.000,-179.986,1.998,0.005,11.0
1639,-1.511,-0.506,0.000,-179.988,1.998,0.005,11.0
1640,-1.511,-0.506,0.000,-179.990,1.998,0.005,11.0
1641,-1.511,-0.506,0.000,-179.991,1.998,0.005,11.0
1642,-1.511,-0.506,0.000,-179.991,1.998,0.005,11.0
1643,-1.511,-0.506,0.000,-179.991,1.998,0.005,11.0
1644,-1.511,-0.506,0.000,-179.990,1.998,0.005,11.0
1645,-1.511,-0.506,0.000,-179.989,1.998,0.005,11.0
1646,-1.511,-0.506,0.000,-179.988,1.998,0.005,11.0
1647,-1.511,-0.506,0.000,-179.987,1.998,0.005,11.0
1648,-1.511,-0.506,0.000,-179.986,1.998,0.005,11.0
1649,-1.511,-0.506,0.000,-179.986,1.998,0.005,11.0
1650,-1.511,-0.506,0.000,-179.986,1.998,0.005,11.0
1651,-1.511,-0.506,0.000,-179.987,1.998,0.005,11.0
1652,-1.511,-0.506,0.000,-179.987,1.998,0.005,11.0
1653,-1.511,-0.506,0.000,-179.988,1.998,0.005,11.0
1654,-1.511,-0.506,0.000,-179.989,1.998,0.005,11.0
1655,-1.511,-0.506,0.000,-179.990,1.998,0.005,11.0
1656,-1.511,-0.506,0.000,-179.990,1.998,0.005,11.0
1657,-1.511,-0.506,0.000,-179.991,1.998,0.005,11.0
1658,-1.511,-0.506,0.000,-179.992,1.998,0.005,11.0
1659,-1.511,-0.506,0.000,-179.993,1.998,0.005,11.0
1660,-1.511,-0.506,0.000,-179.994,1.998,0.005,11.0
1661,-1.511,-0.506,0.000,-179.995,1.998,0.005,11.0
1662,-1.511,-0.506,0.000,-179.996,1.998,0.005,11.0
1663,-1.511,-0.506,0.000,-179.996,1.998,0.005,11.0
1664,-1.511,-0.506,0.000,-179.996,1.998,0.005,11.0
1665,-1.511,-0.506,0.000,-179.996,1.998,0.005,11.0
1666,-1.511,-0.506,0.000,-179.996,1.998,0.005,11.0
1667,-1.511,-0.506,0.000,-179.996,1.998,0.005,11.0
1668,-1.511,-0.506,0.000,-179.996,1.998,0.005,11.0
1669,-1.511,-0.506,0.000,-179.995,1.998,0.005,11.0
1670,-1.511,-0.506,0.000,-179.995,1.998,0.005,11.0
1671,-1.511,-0.506,0.000,-179.994,1.998,0.005,11.0
1672,-1.511,-0.506,0.000,-179.994,1.998,0.005,11.0
1673,-1.511,-0.506,0.000,-179.994,1.998,0.005,11.0
1674,-1.511,-0.506,0.000,-179.993,1.998,0.005,11.0
1675,-1.511,-0.506,0.000,-179.993,1.998,0.005,11.0
1676,-1.511,-0.506,0.000,-179.993,1.998,0.005,11.0
1677,-1.511,-0.506,0.000,-179.993,1.998,0.005,11.0
1678,-1.511,-0.506,0.000,-179.993,1.998,0.005,11.0
1679,-1.511,-0.506,0.000,-179.993,1.998,0.005,11.0
1680,-1.511,-0.506,0.000,-179.993,1.998,0.005,11.0
1681,-1.511,-0.506,0.000,-179.993,1.998,0.005,11.0
1682,-1.511,-0.506,0.000,-179.993,1.998,0.005,11.0
1683,-1.511,-0.506,0.000,-179.993,1.998,0.005,11.0
1684,-1.511,-0.506,0.000,-179.994,1.998,0.005,11.0
1685,-1.511,-0.506,0.000,-179.994,1.998,0.005,11.0
1686,-1.511,-0.506,0.000,-179.994,1.998,0.005,11.0
1687,-1.511,-0.506,0.000,-179.994,1.998,0.005,11.0
1688,-1.511,-0.506,0.000,-179.995,1.998,0.005,11.0
1689,-1.511,-0.506,0.000,-179.995,1.998,0.005,11.0
1690,-1.511,-0.506,0.000,-179.995,1.998,0.005,11.0
1691,-1.511,-0.506,0.000,-179.995,1.998,0.005,11.0
1692,-1.511,-0.506,0.000,-179.995,1.998,0.005,11.0
1693,-1.511,-0.506,0.000,-179.995,1.998,0.005,11.0
1694,-1.511,-0.506,0.000,-179.995,1.998,0.005,11.0
1695,-1.511,-0.506,0.000,-179.994,1.998,0.005,11.0
1696,-1.511,-0.506,0.000,-179.994,1.998,0.005,11.0
1697,-1.511,-0.506,0.000,-179.994,1.998,0.005,11.0
1698,-1.511,-0.506,0.000,-179.994,1.998,0.005,11.0
1699,-1.511,-0.506,0.000,-179.994,1.998,0.005,11.0
1700,-1.511,-0.506,0.000,-179.994,1.998,0.005,11.0
1701,-1.511,-0.506,0.000,-179.994,1.998,0.005,11.0
1702,-1.511,-0.506,0.000,-179.995,1.998,0.005,11.0
1703,-1.511,-0.506,0.000,-179.995,1.998,0.005,11.0
1704,-1.511,-0.506,0.000,-179.995,1.998,0.005,11.0
1705,-1.511,-0.506,0.000,-179.995,1.998,0.005,11.0
1706,-1.511,-0.506,0.000,-179.995,1.998,0.005,11.0
1707,-1.511,-0.506,0.000,-179.995,1.998,0.005,11.0
1708,-1.511,-0.506,0.000,-179.995,1.998,0.005,11.0
1709,-1.511,-0.506,0.000,-179.995,1.998,0.005,11.0
1710,-1.511,-0.506,0.000,-179.995,1.998,0.005,11.0
1711,-1.511,-0.506,0.000,-179.995,1.998,0.005,11.0
1712,-1.511,-0.506,0.000,-179.995,1.998,0.005,11.0
1713,-1.511,-0.506,0.000,-179.995,1.998,0.005,11.0
1714,-1.511,-0.506,0.000,-179.995,1.998,0.005,11.0
1715,-1.511,-0.506,0.000,-179.995,1.998,0.005,11.0
1716,-1.511,-0.506,0.000,-179.995,1.998,0.005,11.0
1717,-1.511,-0.506,0.000,-179.994,1.998,0.005,11.0
1718,-1.511,-0.506,0.000,-179.993,1.998,0.005,11.0
1719,-1.511,-0.506,0.000,-179.992,1.998,0.005,11.0
1720,-1.511,-0.506,0.000,-179.991,1.998,0.005,11.0
1721,-1.511,-0.506,0.000,-179.990,1.998,0.005,11.0
1722,-1.511,-0.506,0.000,-179.989,1.998,0.005,11.0
1723,-1.511,-0.506,0.000,-179.988,1.998,0.005,11.0
1724,-1.511,-0.506,0.000,-179.987,1.998,0.005,11.0
1725,-1.511,-0.506,0.000,-179.986,1.998,0.005,11.0
1726,-1.511,-0.506,0.000,-179.985,1.998,0.005,11.0
1727,-1.511,-0.506,0.000,-179.984,1.998,0.005,11.0
1728,-1.511,-0.506,0.000,-179.983,1.998,0.005,11.0
1729,-1.511,-0.506,0.000,-179.982,1.998,0.005,11.0
1730,-1.511,-0.506,0.000,-179.981,1.998,0.005,11.0
1731,-1.511,-0.506,0.000,-179.981,1.998,0.005,11.0
1732,-1.511,-0.506,0.000,-179.980,1.998,0.005,11.0
1733,-1.511,-0.506,0.000,-179.980,1.998,0.005,11.0
1734,-1.511,-0.506,0.000,-179.979,1.998,0.005,11.0
1735,-1.511,-0.506,0.000,-179.979,1.998,0.005,11.0
1736,-1.511,-0.506,0.000,-179.979,1.998,0.005,11.0
1737,-1.511,-0.506,0.000,-179.979,1.998,0.005,11.0
1738,-1.511,-0.506,0.000,-179.979,1.998,0.005,11.0
1739,-1.511,-0.506,0.000,-179.979,1.998,0.005,11.0
1740,-1.511,-0.506,0.000,-179.979,1.998,0.005,11.0
1741,-1.511,-0.506,0.000,-179.979,1.998,0.005,11.0
1742,-1.511,-0.506,0.000,-179.979,1.998,0.005,11.0
1743,-1.511,-0.506,0.000,-179.979,1.998,0.005,11.0
1744,-1.511,-0.506,0.000,-179.979,1.998,0.005,11.0
1745,-1.511,-0.506,0.000,-179.979,1.998,0.005,11.0
1746,-1.511,-0.506,0.000,-179.980,1.998,0.005,11.0
1747,-1.511,-0.506,0.000,-179.980,1.998,0.005,11.0
1748,-1.511,-0.506,0.000,-179.980,1.998,0.005,11.0
1749,-1.511,-0.506,0.000,-179.980,1.998,0.005,11.0
1750,-1.511,-0.506,0.000,-179.981,1.998,0.005,11.0
1751,-1.511,-0.506,0.000,-179.981,1.998,0.005,11.0
1752,-1.511,-0.506,0.000,-179.981,1.998,0.005,11.0
1753,-1.511,-0.506,0.000,-179.982,1.998,0.005,11.0
1754,-1.511,-0.506,0.000,-179.982,1.998,0.005,11.0
1755,-1.511,-0.506,0.000,-179.983,1.998,0.005,11.0
1756,-1.511,-0.506,0.000,-179.983,1.998,0.005,11.0
1757,-1.511,-0.506,0.000,-179.983,1.998,0.005,11.0
1758,-1.511,-0.506,0.000,-179.984,1.998,0.005,11.0
1759,-1.511,-0.506,0.000,-179.984,1.998,0.005,11.0
1760,-1.511,-0.506,0.000,-179.985,1.998,0.005,11.0
1761,-1.511,-0.506,0.000,-179.985,1.998,0.005,11.0
1762,-1.511,-0.506,0.000,-179.986,1.998,0.005,11.0
1763,-1.511,-0.506,0.000,-179.986,1.998,0.005,11.0
1764,-1.511,-0.506,0.000,-179.987,1.998,0.005,11.0
1765,-1.511,-0.506,0.000,-179.987,1.998,0.005,11.0
1766,-1.511,-0.506,0.000,-179.988,1.998,0.005,11.0
1767,-1.511,-0.506,0.000,-179.989,1.998,0.005,11.0
1768,-1.511,-0.506,0.000,-179.989,1.998,0.005,11.0
1769,-1.511,-0.506,0.000,-179.990,1.998,0.005,11.0
1770,-1.511,-0.506,0.000,-179.990,1.998,0.005,11.0
1771,-1.511,-0.506,0.000,-179.991,1.998,0.005,11.0
1772,-1.511,-0.506,0.000,-179.992,1.998,0.005,11.0
1773,-1.511,-0.506,0.000,-179.992,1.998,0.005,11.0
1774,-1.511,-0.506,0.000,-179.993,1.998,0.005,11.0
1775,-1.511,-0.506,0.000,-179.994,1.998,0.005,11.0
1776,-1.511,-0.506,0.000,-179.994,1.998,0.005,11.0
1777,-1.511,-0.506,0.000,-179.995,1.998,0.005,11.0
1778,-1.511,-0.506,0.000,-179.995,1.998,0.005,11.0
1779,-1.511,-0.506,0.000,-179.996,1.998,0.005,11.0
1780,-1.511,-0.506,0.000,-179.997,1.998,0.005,11.0
1781,-1.511,-0.506,0.000,-179.997,1.998,0.005,11.0
1782,-1.511,-0.506,0.000,-179.998,1.998,0.006,11.0
1783,-1.511,-0.506,0.000,-179.999,1.998,0.006,11.0
1784,-1.511,-0.506,0.000,-179.999,1.998,0.006,11.0
1785,-1.511,-0.506,0.000,-180.000,1.998,0.006,11.0
1786,-1.511,-0.506,0.000,180.000,1.998,0.006,11.0
1787,-1.511,-0.506,0.000,179.999,1.998,0.006,11.0
1788,-1.511,-0.506,0.000,179.999,1.998,0.006,11.0
1789,-1.511,-0.506,0.000,179.998,1.998,0.006,11.0
1790,-1.511,-0.506,0.000,179.998,1.998,0.006,11.0
1791,-1.511,-0.506,0.000,179.997,1.998,0.006,11.0
1792,-1.511,-0.506,0.000,179.997,1.998,0.006,11.0
1793,-1.511,-0.506,0.000,179.996,1.998,0.006,11.0
1794,-1.511,-0.506,0.000,179.996,1.998,0.006,11.0
1795,-1.511,-0.506,0.000,179.995,1.998,0.006,11.0
1796,-1.511,-0.506,0.000,179.995,1.998,0.006,11.0
1797,-1.511,-0.506,0.000,179.994,1.998,0.006,11.0
1798,-1.511,-0.506,0.000,179.994,1.998,0.006,11.0
1799,-1.511,-0.506,0.000,179.993,1.998,0.006,11.0
1800,-1.511,-0.506,0.000,179.993,1.998,0.006,11.0
1801,-1.511,-0.506,0.000,179.993,1.998,0.006,11.0
1802,-1.511,-0.506,0.000,179.992,1.998,0.006,11.0
1803,-1.511,-0.506,0.000,179.992,1.998,0.006,11.0
1804,-1.511,-0.506,0.000,179.991,1.998,0.006,11.0
1805,-1.511,-0.506,0.000,179.991,1.998,0.006,11.0
1806,-1.511,-0.506,0.000,179.991,1.998,0.006,11.0
1807,-1.511,-0.506,0.000,179.990,1.998,0.006,11.0
1808,-1.511,-0.506,0.000,179.990,1.998,0.006,11.0
1809,-1.511,-0.506,0.000,179.990,1.998,0.006,11.0
1810,-1.511,-0.506,0.000,179.990,1.998,0.006,11.0
1811,-1.511,-0.506,0.000,179.989,1.998,0.006,11.0
1812,-1.511,-0.506,0.000,179.989,1.998,0.006,11.0
1813,-1.511,-0.506,0.000,179.989,1.998,0.006,11.0
1814,-1.511,-0.506,0.000,179.989,1.998,0.006,11.0
1815,-1.511,-0.506,0.000,179.988,1.998,0.006,11.0
1816,-1.511,-0.506,0.000,179.988,1.998,0.006,11.0
1817,-1.511,-0.506,0.000,179.988,1.998,0.006,11.0
1818,-1.511,-0.506,0.000,179.988,1.998,0.006,11.0
1819,-1.511,-0.506,0.000,179.988,1.998,0.006,11.0
1820,-1.511,-0.506,0.000,179.988,1.998,0.006,11.0
1821,-1.511,-0.506,0.000,179.988,1.998,0.006,11.0
1822,-1.511,-0.506,0.000,179.988,1.998,0.006,11.0
1823,-1.511,-0.506,0.000,179.988,1.998,0.006,11.0
1824,-1.511,-0.506,0.000,179.987,1.998,0.006,11.0
1825,-1.511,-0.506,0.000,179.987,1.998,0.006,11.0
1826,-1.511,-0.506,0.000,179.987,1.998,0.006,11.0
1827,-1.511,-0.506,0.000,179.987,1.998,0.006,11.0
1828,-1.511,-0.506,0.000,179.987,1.998,0.006,11.0
1829,-1.511,-0.506,0.000,179.987,1.998,0.006,11.0
1830,-1.511,-0.506,0.000,179.988,1.998,0.006,11.0
1831,-1.511,-0.506,0.000,179.988,1.998,0.006,11.0
1832,-1.511,-0.506,0.000,179.988,1.998,0.006,11.0
1833,-1.511,-0.506,0.000,179.988,1.998,0.006,11.0
1834,-1.511,-0.506,0.000,179.988,1.998,0.006,11.0
1835,-1.511,-0.506,0.000,179.988,1.998,0.006,11.0
1836,-1.511,-0.506,0.000,179.988,1.998,0.006,11.0
1837,-1.511,-0.506,0.000,179.988,1.998,0.006,11.0
1838,-1.511,-0.506,0.000,179.989,1.998,0.006,11.0
1839,-1.511,-0.506,0.000,179.989,1.998,0.006,11.0
1840,-1.511,-0.506,0.000,179.989,1.998,0.006,11.0
1841,-1.511,-0.506,0.000,179.989,1.998,0.006,11.0
1842,-1.511,-0.506,0.000,179.990,1.998,0.006,11.0
1843,-1.511,-0.506,0.000,179.990,1.998,0.006,11.0
1844,-1.511,-0.506,0.000,179.990,1.998,0.006,11.0
1845,-1.511,-0.506,0.000,179.990,1.998,0.006,11.0
1846,-1.511,-0.506,0.000,179.991,1.998,0.006,11.0
1847,-1.511,-0.506,0.000,179.991,1.998,0.006,11.0
1848,-1.511,-0.506,0.000,179.991,1.998,0.006,11.0
1849,-1.511,-0.506,0.000,179.992,1.998,0.006,11.0
1850,-1.511,-0.506,0.000,179.992,1.998,0.006,11.0
1851,-1.511,-0.506,0.000,179.993,1.998,0.006,11.0
1852,-1.511,-0.506,0.000,179.993,1.998,0.006,11.0
1853,-1.511,-0.506,0.000,179.993,1.998,0.006,11.0
1854,-1.511,-0.506,0.000,179.994,1.998,0.006,11.0
1855,-1.511,-0.506,0.000,179.994,1.998,0.006,11.0
1856,-1.511,-0.506,0.000,179.995,1.998,0.006,11.0
1857,-1.511,-0.506,0.000,179.995,1.998,0.006,11.0
1858,-1.511,-0.506,0.000,179.995,1.998,0.006,11.0
1859,-1.511,-0.506,0.000,179.996,1.998,0.006,11.0
1860,-1.511,-0.506,0.000,179.996,1.998,0.006,11.0
1861,-1.511,-0.506,0.000,179.997,1.998,0.006,11.0
1862,-1.511,-0.506,0.000,179.997,1.998,0.006,11.0
1863,-1.511,-0.506,0.000,179.998,1.998,0.006,11.0
1864,-1.511,-0.506,0.000,179.998,1.998,0.006,11.0
1865,-1.511,-0.506,0.000,179.999,1.998,0.006,11.0
1866,-1.511,-0.506,0.000,179.999,1.998,0.006,11.0
1867,-1.511,-0.506,0.000,180.000,1.998,0.006,11.0
1868,-1.511,-0.506,0.000,-180.000,1.998,0.006,11.0
1869,-1.511,-0.506,0.000,-179.999,1.998,0.006,11.0
1870,-1.511,-0.506,0.000,-179.999,1.998,0.006,11.0
1871,-1.509,-0.506,0.000,-179.998,1.991,0.007,8.0
1872,-1.505,-0.506,0.000,-179.997,1.983,0.006,8.0
1873,-1.500,-0.506,0.000,-179.997,1.981,0.006,8.0
1874,-1.495,-0.506,0.000,-179.995,1.987,0.006,8.0
1875,-1.490,-0.506,0.000,-179.994,2.001,0.005,8.0
1876,-1.486,-0.506,0.000,-179.996,1.998,0.006,8.0
1877,-1.481,-0.506,0.000,-179.999,1.986,0.004,8.0
1878,-1.476,-0.506,0.000,179.998,1.983,0.006,8.0
1879,-1.472,-0.506,0.000,179.995,1.988,0.007,8.0
1880,-1.467,-0.506,0.000,179.992,2.001,0.005,8.0
1881,-1.462,-0.506,0.000,179.987,1.997,0.007,8.0
1882,-1.458,-0.506,0.000,179.980,1.988,0.005,8.0
1883,-1.453,-0.506,0.000,179.974,1.986,0.007,8.0
1884,-1.448,-0.506,0.000,179.968,1.993,0.008,8.0
1885,-1.443,-0.506,0.000,179.961,2.003,0.003,8.0
1886,-1.439,-0.506,0.000,179.952,1.993,0.010,8.0
1887,-1.434,-0.506,0.000,179.942,1.987,0.009,8.0
1888,-1.429,-0.506,0.000,179.933,1.989,0.008,8.0
1889,-1.424,-0.506,0.000,179.924,2.000,0.008,8.0
1890,-1.420,-0.506,0.000,179.913,1.998,0.008,8.0
1891,-1.415,-0.506,0.000,179.901,1.990,0.008,8.0
1892,-1.411,-0.506,0.000,179.889,1.989,0.010,8.0
1893,-1.406,-0.506,0.000,179.877,1.996,0.011,8.0
1894,-1.401,-0.506,0.000,179.864,2.001,0.007,8.0
1895,-1.397,-0.506,0.000,179.849,1.992,0.011,8.0
1896,-1.392,-0.506,0.000,179.835,1.990,0.013,8.0
1897,-1.387,-0.506,0.000,179.821,1.996,0.013,8.0
1898,-1.382,-0.506,0.000,179.806,2.001,0.009,8.0
1899,-1.378,-0.506,0.000,179.789,1.993,0.014,8.0
1900,-1.373,-0.506,0.000,179.772,1.992,0.015,8.0
1901,-1.368,-0.506,0.000,179.756,1.999,0.014,8.0
1902,-1.364,-0.506,0.000,179.738,1.998,0.014,8.0
1903,-1.359,-0.506,0.000,179.720,1.993,0.015,8.0
1904,-1.354,-0.506,0.000,179.702,1.995,0.017,8.0
1905,-1.349,-0.506,0.000,179.683,2.001,0.014,8.0
1906,-1.345,-0.506,0.000,179.663,1.995,0.019,8.0
1907,-1.340,-0.506,0.000,179.646,1.995,0.019,8.0
1908,-1.337,-0.506,0.000,179.632,1.956,0.006,8.0
1909,-1.335,-0.506,0.000,179.621,1.928,0.004,11.0
1910,-1.336,-0.506,0.000,179.610,1.921,0.007,11.0
1911,-1.338,-0.506,0.000,179.598,1.927,0.008,11.0
1912,-1.340,-0.506,0.000,179.585,1.943,0.007,11.0
1913,-1.342,-0.506,0.000,179.572,1.968,0.008,11.0
1914,-1.344,-0.506,0.000,179.556,1.984,0.018,11.0
1915,-1.345,-0.506,0.000,179.539,1.966,0.009,11.0
1916,-1.347,-0.506,0.000,179.521,1.959,0.007,11.0
1917,-1.349,-0.506,0.000,179.503,1.962,0.011,11.0
1918,-1.351,-0.506,0.000,179.483,1.974,0.013,11.0
1919,-1.353,-0.506,0.000,179.462,1.980,0.018,11.0
1920,-1.355,-0.506,0.000,179.438,1.973,0.013,11.0
1921,-1.357,-0.506,0.000,179.414,1.976,0.012,11.0
1922,-1.359,-0.506,0.000,179.388,1.979,0.017,11.0
1923,-1.360,-0.506,0.000,179.360,1.975,0.016,11.0
1924,-1.362,-0.506,0.000,179.332,1.979,0.018,11.0
1925,-1.364,-0.506,0.000,179.302,1.977,0.017,11.0
1926,-1.366,-0.506,0.000,179.270,1.978,0.020,11.0
1927,-1.367,-0.506,0.000,179.237,1.977,0.020,11.0
1928,-1.369,-0.506,0.000,179.203,1.978,0.022,11.0
1929,-1.371,-0.506,0.000,179.168,1.977,0.023,11.0
1930,-1.372,-0.506,0.000,179.131,1.977,0.024,11.0
1931,-1.374,-0.506,0.000,179.092,1.977,0.025,11.0
1932,-1.376,-0.506,0.000,179.053,1.977,0.027,11.0
1933,-1.377,-0.506,0.000,179.012,1.977,0.028,11.0
1934,-1.379,-0.506,0.000,178.970,1.977,0.030,11.0
1935,-1.381,-0.506,0.000,178.926,1.977,0.031,11.0
1936,-1.382,-0.505,0.000,178.882,1.977,0.033,11.0
1937,-1.384,-0.505,0.000,178.836,1.977,0.034,11.0
1938,-1.385,-0.505,0.000,178.790,1.977,0.036,11.0
1939,-1.387,-0.505,0.000,178.742,1.977,0.038,11.0
1940,-1.388,-0.505,0.000,178.693,1.977,0.039,11.0
1941,-1.389,-0.505,0.000,178.643,1.977,0.041,11.0
1942,-1.391,-0.505,0.000,178.593,1.977,0.043,11.0
1943,-1.392,-0.505,0.000,178.541,1.977,0.045,11.0
1944,-1.394,-0.505,0.000,178.488,1.977,0.046,11.0
1945,-1.395,-0.505,0.000,178.434,1.977,0.048,11.0
1946,-1.396,-0.505,0.000,178.379,1.977,0.050,11.0
1947,-1.398,-0.505,0.000,178.322,1.977,0.052,11.0
1948,-1.399,-0.505,0.000,178.265,1.980,0.075,11.0
1949,-1.401,-0.505,0.000,178.209,1.993,0.070,11.0
1950,-1.402,-0.505,0.000,178.152,1.999,0.066,11.0
1951,-1.402,-0.505,0.000,178.097,1.992,0.071,11.0
1952,-1.404,-0.505,0.000,178.041,1.995,0.076,11.0
1953,-1.405,-0.505,0.000,177.985,1.998,0.074,11.0
1954,-1.406,-0.505,0.000,177.930,1.994,0.078,11.0
1955,-1.407,-0.505,0.000,177.875,1.998,0.079,11.0
1956,-1.408,-0.505,0.000,177.821,1.995,0.083,11.0
1957,-1.409,-0.505,0.000,177.767,1.997,0.083,11.0
1958,-1.410,-0.505,0.000,177.713,1.996,0.086,11.0
1959,-1.411,-0.504,0.000,177.660,1.996,0.087,11.0
1960,-1.412,-0.504,0.000,177.607,1.996,0.089,11.0
1961,-1.413,-0.504,0.000,177.554,1.996,0.091,11.0
1962,-1.414,-0.504,0.000,177.501,1.996,0.093,11.0
1963,-1.415,-0.504,0.000,177.448,1.996,0.095,11.0
1964,-1.416,-0.504,0.000,177.396,1.995,0.096,11.0
1965,-1.417,-0.504,0.000,177.343,1.995,0.098,11.0
1966,-1.418,-0.504,0.000,177.291,1.995,0.100,11.0
1967,-1.419,-0.504,0.000,177.239,1.995,0.102,11.0
1968,-1.420,-0.504,0.000,177.187,1.995,0.104,11.0
1969,-1.420,-0.504,0.000,177.135,1.995,0.105,11.0
1970,-1.421,-0.504,0.000,177.084,1.995,0.107,11.0
1971,-1.422,-0.504,0.000,177.032,1.995,0.109,11.0
1972,-1.423,-0.504,0.000,176.981,1.995,0.111,11.0
1973,-1.424,-0.504,0.000,176.929,1.995,0.113,11.0
1974,-1.425,-0.504,0.000,176.878,1.995,0.114,11.0
1975,-1.425,-0.504,0.000,176.827,1.994,0.116,11.0
1976,-1.426,-0.503,0.000,176.775,1.994,0.118,11.0
1977,-1.427,-0.503,0.000,176.724,1.994,0.120,11.0
1978,-1.428,-0.503,0.000,176.673,1.994,0.121,11.0
1979,-1.429,-0.503,0.000,176.622,1.994,0.123,11.0
1980,-1.429,-0.503,0.000,176.571,1.994,0.125,11.0
1981,-1.430,-0.503,0.000,176.521,1.994,0.127,11.0
1982,-1.431,-0.503,0.000,176.470,1.994,0.129,11.0
1983,-1.432,-0.503,0.000,176.419,1.994,0.130,11.0
1984,-1.432,-0.503,0.000,176.369,1.993,0.132,11.0
1985,-1.433,-0.503,0.000,176.318,1.993,0.134,11.0
1986,-1.434,-0.503,0.000,176.268,1.993,0.136,11.0
1987,-1.434,-0.503,0.000,176.218,1.993,0.137,11.0
1988,-1.435,-0.503,0.000,176.168,1.993,0.139,11.0
1989,-1.436,-0.503,0.000,176.118,1.993,0.141,11.0
1990,-1.436,-0.503,0.000,176.068,1.993,0.143,11.0
1991,-1.437,-0.502,0.000,176.019,1.993,0.144,11.0
1992,-1.438,-0.502,0.000,175.969,1.992,0.146,11.0
1993,-1.438,-0.502,0.000,175.920,1.992,0.148,11.0
1994,-1.439,-0.502,0.000,175.870,1.992,0.149,11.0
1995,-1.439,-0.502,0.000,175.821,1.992,0.151,11.0
1996,-1.440,-0.502,0.000,175.772,1.992,0.153,11.0
1997,-1.441,-0.502,0.000,175.723,1.992,0.155,11.0
1998,-1.441,-0.502,0.000,175.674,1.992,0.156,11.0
1999,-1.442,-0.502,0.000,175.625,1.992,0.158,11.0
2000,-1.442,-0.502,0.000,175.576,1.991,0.160,11.0
2001,-1.443,-0.502,0.000,175.527,1.991,0.161,11.0
2002,-1.444,-0.502,0.000,175.479,1.991,0.163,11.0
2003,-1.444,-0.502,0.000,175.430,1.991,0.165,11.0
2004,-1.445,-0.502,0.000,175.382,1.991,0.166,11.0
2005,-1.445,-0.502,0.000,175.334,1.991,0.168,11.0
2006,-1.446,-0.501,0.000,175.286,1.991,0.170,11.0
2007,-1.446,-0.501,0.000,175.238,1.990,0.171,11.0
2008,-1.447,-0.501,0.000,175.190,1.990,0.173,11.0
2009,-1.447,-0.501,0.000,175.142,1.990,0.175,11.0
2010,-1.448,-0.501,0.000,175.095,1.990,0.176,11.0
2011,-1.448,-0.501,0.000,175.048,1.990,0.178,11.0
2012,-1.449,-0.501,0.000,175.000,1.990,0.180,11.0
2013,-1.449,-0.501,0.000,174.954,1.990,0.181,11.0
2014,-1.450,-0.501,0.000,174.907,1.989,0.183,11.0
2015,-1.450,-0.501,0.000,174.861,1.989,0.184,11.0
2016,-1.451,-0.501,0.000,174.814,1.989,0.186,11.0
2017,-1.451,-0.501,0.000,174.768,1.989,0.188,11.0
2018,-1.452,-0.501,0.000,174.723,1.989,0.189,11.0
2019,-1.452,-0.501,0.000,174.677,1.989,0.191,11.0
2020,-1.453,-0.500,0.000,174.632,1.988,0.192,11.0
2021,-1.453,-0.500,0.000,174.588,1.988,0.194,11.0
2022,-1.453,-0.500,0.000,174.543,1.988,0.196,11.0
2023,-1.454,-0.500,0.000,174.499,1.988,0.197,11.0
2024,-1.454,-0.500,0.000,174.455,1.988,0.199,11.0
2025,-1.455,-0.500,0.000,174.411,1.988,0.200,11.0
2026,-1.455,-0.500,0.000,174.368,1.988,0.202,11.0
2027,-1.455,-0.500,0.000,174.326,1.987,0.203,11.0
2028,-1.456,-0.500,0.000,174.283,1.987,0.205,11.0
2029,-1.456,-0.500,0.000,174.241,1.987,0.206,11.0
2030,-1.457,-0.500,0.000,174.199,1.987,0.207,11.0
2031,-1.457,-0.500,0.000,174.158,1.987,0.209,11.0
2032,-1.457,-0.500,0.000,174.117,1.987,0.210,11.0
2033,-1.458,-0.500,0.000,174.077,1.987,0.212,11.0
2034,-1.458,-0.500,0.000,174.037,1.986,0.213,11.0
2035,-1.458,-0.499,0.000,173.998,1.986,0.214,11.0
2036,-1.459,-0.499,0.000,173.959,1.986,0.216,11.0
2037,-1.459,-0.499,0.000,173.920,1.986,0.217,11.0
2038,-1.460,-0.499,0.000,173.882,1.986,0.218,11.0
2039,-1.460,-0.499,0.000,173.845,1.986,0.220,11.0
2040,-1.460,-0.499,0.000,173.808,1.986,0.221,11.0
2041,-1.461,-0.499,0.000,173.771,1.985,0.222,11.0
2042,-1.461,-0.499,0.000,173.736,1.985,0.223,11.0
2043,-1.461,-0.499,0.000,173.700,1.985,0.225,11.0
2044,-1.462,-0.499,0.000,173.666,1.985,0.226,11.0
2045,-1.462,-0.499,0.000,173.632,1.985,0.227,11.0
2046,-1.462,-0.499,0.000,173.599,1.985,0.228,11.0
2047,-1.462,-0.499,0.000,173.566,1.985,0.229,11.0
2048,-1.463,-0.499,0.000,173.534,1.984,0.230,11.0
2049,-1.463,-0.499,0.000,173.502,1.984,0.232,11.0
2050,-1.463,-0.498,0.000,173.472,1.984,0.233,11.0
2051,-1.464,-0.498,0.000,173.442,1.984,0.234,11.0
2052,-1.464,-0.498,0.000,173.412,1.984,0.235,11.0
2053,-1.464,-0.498,0.000,173.383,1.984,0.236,11.0
2054,-1.465,-0.498,0.000,173.356,1.984,0.237,11.0
2055,-1.465,-0.498,0.000,173.328,1.984,0.238,11.0
2056,-1.465,-0.498,0.000,173.302,1.983,0.239,11.0
2057,-1.465,-0.498,0.000,173.276,1.983,0.239,11.0
2058,-1.466,-0.498,0.000,173.251,1.983,0.240,11.0
2059,-1.466,-0.498,0.000,173.227,1.983,0.241,11.0
2060,-1.466,-0.498,0.000,173.203,1.983,0.242,11.0
2061,-1.467,-0.498,0.000,173.181,1.983,0.243,11.0
2062,-1.467,-0.498,0.000,173.160,1.983,0.243,11.0
2063,-1.467,-0.498,0.000,173.141,1.983,0.244,11.0
2064,-1.468,-0.498,0.000,173.123,1.983,0.245,11.0
2065,-1.468,-0.497,0.000,173.107,1.983,0.245,11.0
2066,-1.469,-0.497,0.000,173.093,1.983,0.246,11.0
2067,-1.469,-0.497,0.000,173.081,1.983,0.246,11.0
2068,-1.469,-0.497,0.000,173.071,1.982,0.247,11.0
2069,-1.469,-0.497,0.000,173.064,1.982,0.247,11.0
2070,-1.470,-0.497,0.000,173.059,1.982,0.247,11.0
2071,-1.470,-0.497,0.000,173.056,1.982,0.247,11.0
2072,-1.470,-0.497,0.000,173.056,1.982,0.247,11.0
2073,-1.470,-0.497,0.000,173.058,1.982,0.247,11.0
2074,-1.471,-0.497,0.000,173.062,1.982,0.247,11.0
2075,-1.471,-0.497,0.000,173.069,1.983,0.247,11.0
2076,-1.471,-0.497,0.000,173.078,1.983,0.246,11.0
2077,-1.471,-0.497,0.000,173.089,1.983,0.246,11.0
2078,-1.471,-0.497,0.000,173.102,1.983,0.245,11.0
2079,-1.471,-0.497,0.000,173.118,1.983,0.245,11.0
2080,-1.472,-0.497,0.000,173.135,1.983,0.244,11.0
2081,-1.472,-0.497,0.000,173.154,1.983,0.244,11.0
2082,-1.472,-0.497,0.000,173.175,1.983,0.243,11.0
2083,-1.472,-0.497,0.000,173.197,1.983,0.242,11.0
2084,-1.473,-0.496,0.000,173.221,1.983,0.241,11.0
2085,-1.473,-0.496,0.000,173.247,1.983,0.240,11.0
2086,-1.473,-0.496,0.000,173.274,1.983,0.239,11.0
2087,-1.473,-0.496,0.000,173.302,1.983,0.239,11.0
2088,-1.474,-0.496,0.000,173.331,1.984,0.237,11.0
2089,-1.474,-0.496,0.000,173.362,1.984,0.236,11.0
2090,-1.474,-0.496,0.000,173.394,1.984,0.235,11.0
2091,-1.475,-0.496,0.000,173.428,1.984,0.234,11.0
2092,-1.475,-0.496,0.000,173.462,1.984,0.233,11.0
2093,-1.475,-0.496,0.000,173.498,1.984,0.232,11.0
2094,-1.475,-0.496,0.000,173.535,1.984,0.230,11.0
2095,-1.475,-0.496,0.000,173.574,1.985,0.229,11.0
2096,-1.476,-0.496,0.000,173.614,1.985,0.228,11.0
2097,-1.476,-0.496,0.000,173.654,1.985,0.226,11.0
2098,-1.476,-0.496,0.000,173.697,1.985,0.225,11.0
2099,-1.476,-0.496,0.000,173.740,1.985,0.223,11.0
2100,-1.476,-0.496,0.000,173.784,1.985,0.222,11.0
2101,-1.477,-0.496,0.000,173.830,1.986,0.220,11.0
2102,-1.477,-0.496,0.000,173.877,1.986,0.219,11.0
2103,-1.477,-0.496,0.000,173.925,1.986,0.217,11.0
2104,-1.477,-0.495,0.000,173.974,1.986,0.215,11.0
2105,-1.477,-0.495,0.000,174.024,1.986,0.214,11.0
2106,-1.477,-0.495,0.000,174.075,1.987,0.212,11.0
2107,-1.478,-0.495,0.000,174.127,1.987,0.210,11.0
2108,-1.478,-0.495,0.000,174.180,1.987,0.208,11.0
2109,-1.478,-0.495,0.000,174.234,1.987,0.206,11.0
2110,-1.478,-0.495,0.000,174.289,1.987,0.204,11.0
2111,-1.478,-0.495,0.000,174.344,1.988,0.202,11.0
2112,-1.478,-0.495,0.000,174.401,1.988,0.200,11.0
2113,-1.479,-0.495,0.000,174.458,1.988,0.198,11.0
2114,-1.479,-0.495,0.000,174.516,1.988,0.196,11.0
2115,-1.479,-0.495,0.000,174.575,1.988,0.194,11.0
2116,-1.479,-0.495,0.000,174.634,1.989,0.192,11.0
2117,-1.479,-0.495,0.000,174.694,1.989,0.190,11.0
2118,-1.479,-0.495,0.000,174.755,1.989,0.188,11.0
2119,-1.480,-0.495,0.000,174.816,1.989,0.186,11.0
2120,-1.480,-0.495,0.000,174.878,1.989,0.184,11.0
2121,-1.480,-0.495,0.000,174.940,1.990,0.182,11.0
2122,-1.480,-0.495,0.000,175.003,1.990,0.180,11.0
2123,-1.480,-0.495,0.000,175.065,1.963,0.157,11.0
2124,-1.480,-0.495,0.000,175.124,1.915,0.158,11.0
2125,-1.481,-0.495,0.000,175.183,1.877,0.154,11.0
2126,-1.481,-0.495,0.000,175.242,1.849,0.148,11.0
2127,-1.482,-0.495,0.000,175.301,1.830,0.143,11.0
2128,-1.482,-0.495,0.000,175.360,1.819,0.141,11.0
2129,-1.482,-0.495,0.000,175.420,1.816,0.140,11.0
2130,-1.483,-0.495,0.000,175.479,1.821,0.138,11.0
2131,-1.483,-0.495,0.000,175.539,1.835,0.137,11.0
2132,-1.483,-0.495,0.000,175.598,1.857,0.137,11.0
2133,-1.484,-0.495,0.000,175.658,1.888,0.137,11.0
2134,-1.484,-0.495,0.000,175.717,1.927,0.138,11.0
2135,-1.484,-0.494,0.000,175.777,1.974,0.139,11.0
2136,-1.485,-0.494,0.000,175.835,2.006,0.157,11.0
2137,-1.485,-0.494,0.000,175.887,1.967,0.152,11.0
2138,-1.485,-0.494,0.000,175.939,1.934,0.140,11.0
2139,-1.485,-0.494,0.000,175.991,1.910,0.138,11.0
2140,-1.486,-0.494,0.000,176.043,1.896,0.124,11.0
2141,-1.486,-0.494,0.000,176.095,1.891,0.118,11.0
2142,-1.486,-0.494,0.000,176.147,1.894,0.121,11.0
2143,-1.487,-0.494,0.000,176.197,1.905,0.122,11.0
2144,-1.487,-0.494,0.000,176.248,1.925,0.120,11.0
2145,-1.488,-0.494,0.000,176.298,1.954,0.119,11.0
2146,-1.488,-0.494,0.000,176.348,1.984,0.127,11.0
2147,-1.488,-0.494,0.000,176.391,1.964,0.111,11.0
2148,-1.488,-0.494,0.000,176.434,1.945,0.114,11.0
2149,-1.488,-0.494,0.000,176.476,1.936,0.115,11.0
2150,-1.489,-0.494,0.000,176.519,1.936,0.112,11.0
2151,-1.489,-0.494,0.000,176.561,1.945,0.109,11.0
2152,-1.489,-0.494,0.000,176.604,1.962,0.110,11.0
2153,-1.489,-0.494,0.000,176.646,1.981,0.116,11.0
2154,-1.490,-0.494,0.000,176.682,1.968,0.103,11.0
2155,-1.490,-0.494,0.000,176.719,1.959,0.105,11.0
2156,-1.490,-0.494,0.000,176.755,1.960,0.106,11.0
2157,-1.490,-0.494,0.000,176.792,1.970,0.104,11.0
2158,-1.491,-0.494,0.000,176.828,1.978,0.108,11.0
2159,-1.491,-0.494,0.000,176.860,1.970,0.100,11.0
2160,-1.491,-0.494,0.000,176.893,1.971,0.099,11.0
2161,-1.491,-0.494,0.000,176.926,1.977,0.103,11.0
2162,-1.491,-0.494,0.000,176.956,1.973,0.097,11.0
2163,-1.491,-0.494,0.000,176.986,1.974,0.098,11.0
2164,-1.491,-0.494,0.000,177.016,1.976,0.098,11.0
2165,-1.491,-0.494,0.000,177.043,1.974,0.096,11.0
2166,-1.492,-0.494,0.000,177.071,1.976,0.096,11.0
2167,-1.492,-0.494,0.000,177.097,1.975,0.094,11.0
2168,-1.492,-0.494,0.000,177.122,1.976,0.094,11.0
2169,-1.492,-0.494,0.000,177.146,1.975,0.092,11.0
2170,-1.492,-0.494,0.000,177.170,1.976,0.092,11.0
2171,-1.492,-0.494,0.000,177.192,1.975,0.091,11.0
2172,-1.492,-0.494,0.000,177.214,1.975,0.090,11.0
2173,-1.492,-0.494,0.000,177.234,1.975,0.089,11.0
2174,-1.492,-0.494,0.000,177.253,1.975,0.089,11.0
2175,-1.492,-0.494,0.000,177.272,1.975,0.088,11.0
2176,-1.492,-0.494,0.000,177.290,1.975,0.088,11.0
2177,-1.492,-0.494,0.000,177.306,1.976,0.087,11.0
2178,-1.492,-0.494,0.000,177.322,1.975,0.087,11.0
2179,-1.492,-0.494,0.000,177.337,1.976,0.086,11.0
2180,-1.492,-0.494,0.000,177.351,1.976,0.086,11.0
2181,-1.492,-0.494,0.000,177.364,1.976,0.085,11.0
2182,-1.492,-0.494,0.000,177.376,1.976,0.085,11.0
2183,-1.493,-0.494,0.000,177.387,1.977,0.106,11.0
2184,-1.493,-0.494,0.000,177.399,1.989,0.093,11.0
2185,-1.493,-0.494,0.000,177.411,1.999,0.089,11.0
2186,-1.493,-0.494,0.000,177.422,1.991,0.097,11.0
2187,-1.493,-0.494,0.000,177.434,1.990,0.098,11.0
2188,-1.494,-0.494,0.000,177.446,1.998,0.094,11.0
2189,-1.494,-0.494,0.000,177.459,1.994,0.096,11.0
2190,-1.494,-0.494,0.000,177.473,1.996,0.093,11.0
2191,-1.494,-0.494,0.000,177.486,1.996,0.092,11.0
2192,-1.494,-0.494,0.000,177.500,1.995,0.093,11.0
2193,-1.494,-0.494,0.000,177.514,1.996,0.092,11.0
2194,-1.494,-0.494,0.000,177.528,1.995,0.092,11.0
2195,-1.494,-0.494,0.000,177.542,1.996,0.091,11.0
2196,-1.494,-0.494,0.000,177.557,1.995,0.091,11.0
2197,-1.494,-0.494,0.000,177.572,1.996,0.090,11.0
2198,-1.494,-0.494,0.000,177.587,1.996,0.090,11.0
2199,-1.494,-0.494,0.000,177.602,1.996,0.089,11.0
2200,-1.494,-0.494,0.000,177.617,1.996,0.089,11.0
2201,-1.494,-0.494,0.000,177.632,1.996,0.088,11.0
2202,-1.494,-0.493,0.000,177.648,1.996,0.087,11.0
2203,-1.494,-0.493,0.000,177.663,1.996,0.087,11.0
2204,-1.494,-0.493,0.000,177.679,1.996,0.086,11.0
2205,-1.494,-0.493,0.000,177.695,1.996,0.086,11.0
2206,-1.494,-0.493,0.000,177.710,1.995,0.085,11.0
2207,-1.494,-0.493,0.000,177.725,1.974,0.085,11.0
2208,-1.494,-0.493,0.000,177.739,1.962,0.084,11.0
2209,-1.495,-0.493,0.000,177.753,1.958,0.083,11.0
2210,-1.495,-0.493,0.000,177.768,1.964,0.083,11.0
2211,-1.495,-0.493,0.000,177.783,1.979,0.083,11.0
2212,-1.495,-0.493,0.000,177.799,2.001,0.081,11.0
2213,-1.495,-0.493,0.000,177.812,1.993,0.085,11.0
2214,-1.495,-0.493,0.000,177.823,1.982,0.079,11.0
2215,-1.495,-0.493,0.000,177.835,1.980,0.080,11.0
2216,-1.496,-0.493,0.000,177.848,1.987,0.082,11.0
2217,-1.496,-0.493,0.000,177.861,2.001,0.079,11.0
2218,-1.496,-0.493,0.000,177.872,1.994,0.083,11.0
2219,-1.496,-0.493,0.000,177.883,1.990,0.078,11.0
2220,-1.496,-0.493,0.000,177.895,1.995,0.078,11.0
2221,-1.496,-0.493,0.000,177.907,1.998,0.077,11.0
2222,-1.496,-0.493,0.000,177.918,1.993,0.079,11.0
2223,-1.496,-0.493,0.000,177.930,1.997,0.078,11.0
2224,-1.496,-0.493,0.000,177.942,1.996,0.078,11.0
2225,-1.496,-0.493,0.000,177.954,1.996,0.077,11.0
2226,-1.496,-0.493,0.000,177.966,1.997,0.076,11.0
2227,-1.496,-0.493,0.000,177.978,1.996,0.076,11.0
2228,-1.496,-0.493,0.000,177.990,1.997,0.075,11.0
2229,-1.496,-0.493,0.000,178.003,1.996,0.076,11.0
2230,-1.496,-0.493,0.000,178.015,1.997,0.074,11.0
2231,-1.496,-0.493,0.000,178.028,1.996,0.075,11.0
2232,-1.496,-0.493,0.000,178.041,1.997,0.074,11.0
2233,-1.496,-0.493,0.000,178.054,1.996,0.073,11.0
2234,-1.496,-0.493,0.000,178.067,1.996,0.073,11.0
2235,-1.496,-0.493,0.000,178.080,1.997,0.072,11.0
2236,-1.496,-0.493,0.000,178.093,1.996,0.072,11.0
2237,-1.496,-0.493,0.000,178.107,1.997,0.071,11.0
2238,-1.496,-0.493,0.000,178.121,1.996,0.071,11.0
2239,-1.496,-0.493,0.000,178.134,1.997,0.071,11.0
2240,-1.496,-0.493,0.000,178.148,1.996,0.070,11.0
2241,-1.496,-0.493,0.000,178.162,1.997,0.070,11.0
2242,-1.496,-0.493,0.000,178.176,1.997,0.069,11.0
2243,-1.496,-0.493,0.000,178.191,1.997,0.069,11.0
2244,-1.496,-0.493,0.000,178.205,1.997,0.068,11.0
2245,-1.496,-0.493,0.000,178.219,1.997,0.068,11.0
2246,-1.496,-0.493,0.000,178.234,1.997,0.067,11.0
2247,-1.496,-0.493,0.000,178.249,1.997,0.067,11.0
2248,-1.496,-0.493,0.000,178.263,1.997,0.066,11.0
2249,-1.497,-0.493,0.000,178.278,1.997,0.066,11.0
2250,-1.497,-0.493,0.000,178.293,1.997,0.065,11.0
2251,-1.497,-0.493,0.000,178.308,1.997,0.065,11.0
2252,-1.497,-0.493,0.000,178.324,1.997,0.064,11.0
2253,-1.497,-0.493,0.000,178.339,1.997,0.063,11.0
2254,-1.497,-0.493,0.000,178.354,1.997,0.063,11.0
2255,-1.497,-0.493,0.000,178.370,1.997,0.062,11.0
2256,-1.497,-0.493,0.000,178.386,1.997,0.062,11.0
2257,-1.497,-0.493,0.000,178.401,1.997,0.061,11.0
2258,-1.497,-0.493,0.000,178.417,1.997,0.061,11.0
2259,-1.497,-0.493,0.000,178.433,1.997,0.060,11.0
2260,-1.497,-0.493,0.000,178.449,1.997,0.060,11.0
2261,-1.497,-0.493,0.000,178.465,1.997,0.059,11.0
2262,-1.497,-0.493,0.000,178.481,1.997,0.059,11.0
2263,-1.497,-0.493,0.000,178.497,1.997,0.058,11.0
2264,-1.497,-0.493,0.000,178.514,1.997,0.057,11.0
2265,-1.497,-0.493,0.000,178.530,1.997,0.057,11.0
2266,-1.497,-0.493,0.000,178.547,1.997,0.056,11.0
2267,-1.497,-0.493,0.000,178.563,1.997,0.056,11.0
2268,-1.497,-0.493,0.000,178.580,1.997,0.055,11.0
2269,-1.497,-0.493,0.000,178.596,1.997,0.055,11.0
2270,-1.497,-0.493,0.000,178.613,1.997,0.054,11.0
2271,-1.497,-0.493,0.000,178.630,1.997,0.053,11.0
2272,-1.497,-0.493,0.000,178.646,1.997,0.053,11.0
2273,-1.497,-0.493,0.000,178.663,1.997,0.052,11.0
2274,-1.497,-0.493,0.000,178.680,1.997,0.052,11.0
2275,-1.497,-0.493,0.000,178.697,1.997,0.051,11.0
2276,-1.497,-0.493,0.000,178.714,1.997,0.050,11.0
2277,-1.497,-0.493,0.000,178.731,1.997,0.050,11.0
2278,-1.497,-0.493,0.000,178.748,1.997,0.049,11.0
2279,-1.497,-0.494,0.000,178.765,1.997,0.049,11.0
2280,-1.497,-0.494,0.000,178.782,1.997,0.048,11.0
2281,-1.497,-0.494,0.000,178.799,1.997,0.047,11.0
2282,-1.497,-0.494,0.000,178.816,1.997,0.047,11.0
2283,-1.497,-0.494,0.000,178.834,1.997,0.046,11.0
2284,-1.497,-0.494,0.000,178.851,1.997,0.046,11.0
2285,-1.497,-0.494,0.000,178.868,1.997,0.045,11.0
2286,-1.497,-0.494,0.000,178.885,1.997,0.044,11.0
2287,-1.497,-0.494,0.000,178.902,1.997,0.044,11.0
2288,-1.497,-0.494,0.000,178.920,1.997,0.043,11.0
2289,-1.497,-0.494,0.000,178.937,1.997,0.043,11.0
2290,-1.497,-0.494,0.000,178.954,1.997,0.042,11.0
2291,-1.497,-0.494,0.000,178.971,1.997,0.041,11.0
2292,-1.497,-0.494,0.000,178.988,1.997,0.041,11.0
2293,-1.497,-0.494,0.000,179.005,1.997,0.040,11.0
2294,-1.497,-0.494,0.000,179.023,1.997,0.040,11.0
2295,-1.497,-0.494,0.000,179.040,1.997,0.039,11.0
2296,-1.497,-0.494,0.000,179.057,1.997,0.038,11.0
2297,-1.497,-0.494,0.000,179.074,1.997,0.038,11.0
2298,-1.497,-0.494,0.000,179.091,1.997,0.037,11.0
2299,-1.497,-0.494,0.000,179.108,1.997,0.037,11.0
2300,-1.497,-0.494,0.000,179.125,1.997,0.036,11.0
2301,-1.497,-0.494,0.000,179.142,1.997,0.035,11.0
2302,-1.497,-0.494,0.000,179.159,1.997,0.035,11.0
2303,-1.497,-0.494,0.000,179.176,1.997,0.034,11.0
2304,-1.497,-0.494,0.000,179.193,1.997,0.034,11.0
2305,-1.497,-0.494,0.000,179.210,1.998,0.033,11.0
2306,-1.497,-0.494,0.000,179.227,1.998,0.033,11.0
2307,-1.497,-0.494,0.000,179.244,1.998,0.032,11.0
2308,-1.497,-0.494,0.000,179.260,1.998,0.031,11.0
2309,-1.497,-0.494,0.000,179.277,1.998,0.031,11.0
2310,-1.497,-0.494,0.000,179.294,1.998,0.030,11.0
2311,-1.497,-0.494,0.000,179.310,1.998,0.030,11.0
2312,-1.497,-0.494,0.000,179.327,1.998,0.029,11.0
2313,-1.497,-0.494,0.000,179.343,1.998,0.028,11.0
2314,-1.497,-0.494,0.000,179.359,1.998,0.028,11.0
2315,-1.497,-0.494,0.000,179.376,1.998,0.027,11.0
2316,-1.497,-0.494,0.000,179.392,1.998,0.027,11.0
2317,-1.497,-0.494,0.000,179.408,1.998,0.026,11.0
2318,-1.497,-0.494,0.000,179.424,1.998,0.026,11.0
2319,-1.497,-0.494,0.000,179.440,1.998,0.025,11.0
2320,-1.497,-0.494,0.000,179.456,1.998,0.025,11.0
2321,-1.497,-0.494,0.000,179.472,1.998,0.024,11.0
2322,-1.497,-0.494,0.000,179.487,1.998,0.023,11.0
2323,-1.497,-0.494,0.000,179.503,1.998,0.023,11.0
2324,-1.497,-0.494,0.000,179.518,1.998,0.022,11.0
2325,-1.497,-0.494,0.000,179.534,1.998,0.022,11.0
2326,-1.497,-0.494,0.000,179.549,1.998,0.021,11.0
2327,-1.497,-0.494,0.000,179.564,1.998,0.021,11.0
2328,-1.498,-0.494,0.000,179.579,1.998,0.020,11.0
2329,-1.498,-0.494,0.000,179.594,1.998,0.020,11.0
2330,-1.498,-0.494,0.000,179.608,1.998,0.019,11.0
2331,-1.498,-0.494,0.000,179.623,1.998,0.019,11.0
2332,-1.498,-0.494,0.000,179.637,1.998,0.018,11.0
2333,-1.498,-0.494,0.000,179.651,1.998,0.018,11.0
2334,-1.498,-0.494,0.000,179.665,1.998,0.017,11.0
2335,-1.498,-0.494,0.000,179.679,1.998,0.017,11.0
2336,-1.498,-0.494,0.000,179.693,1.998,0.016,11.0
2337,-1.498,-0.494,0.000,179.707,1.998,0.016,11.0
2338,-1.498,-0.494,0.000,179.720,1.998,0.015,11.0
2339,-1.498,-0.494,0.000,179.733,1.998,0.015,11.0
2340,-1.498,-0.494,0.000,179.747,1.998,0.014,11.0
2341,-1.498,-0.494,0.000,179.759,1.998,0.014,11.0
2342,-1.498,-0.494,0.000,179.772,1.998,0.014,11.0
2343,-1.498,-0.494,0.000,179.785,1.998,0.013,11.0
2344,-1.498,-0.494,0.000,179.797,1.998,0.013,11.0
2345,-1.498,-0.494,0.000,179.810,1.998,0.012,11.0
2346,-1.498,-0.494,0.000,179.822,1.998,0.012,11.0
2347,-1.498,-0.494,0.000,179.834,1.998,0.011,11.0
2348,-1.498,-0.494,0.000,179.845,1.998,0.011,11.0
2349,-1.498,-0.494,0.000,179.857,1.998,0.011,11.0
2350,-1.498,-0.494,0.000,179.868,1.998,0.010,11.0
2351,-1.498,-0.494,0.000,179.879,1.998,0.010,11.0
2352,-1.498,-0.494,0.000,179.890,1.998,0.009,11.0
2353,-1.498,-0.494,0.000,179.901,1.998,0.009,11.0
2354,-1.498,-0.494,0.000,179.912,1.998,0.009,11.0
2355,-1.498,-0.494,0.000,179.922,1.998,0.008,11.0
2356,-1.498,-0.494,0.000,179.932,1.998,0.008,11.0
2357,-1.498,-0.494,0.000,179.942,1.998,0.008,11.0
2358,-1.498,-0.494,0.000,179.952,1.998,0.007,11.0
2359,-1.498,-0.494,0.000,179.962,1.998,0.007,11.0
2360,-1.498,-0.494,0.000,179.971,1.998,0.007,11.0
2361,-1.498,-0.494,0.000,179.981,1.998,0.006,11.0
2362,-1.498,-0.494,0.000,179.990,1.998,0.006,11.0
2363,-1.498,-0.494,0.000,179.999,1.998,0.006,11.0
2364,-1.498,-0.494,0.000,-179.993,1.998,0.005,11.0
2365,-1.498,-0.494,0.000,-179.984,1.998,0.005,11.0
2366,-1.498,-0.494,0.000,-179.976,1.998,0.005,11.0
2367,-1.498,-0.494,0.000,-179.968,1.998,0.004,11.0
2368,-1.498,-0.494,0.000,-179.960,1.998,0.004,11.0
2369,-1.498,-0.494,0.000,-179.952,1.998,0.004,11.0
2370,-1.498,-0.494,0.000,-179.945,1.998,0.004,11.0
2371,-1.498,-0.494,0.000,-179.937,1.998,0.003,11.0
2372,-1.498,-0.494,0.000,-179.930,1.998,0.003,11.0
2373,-1.498,-0.494,0.000,-179.923,1.998,0.003,11.0
2374,-1.498,-0.494,0.000,-179.916,1.998,0.003,11.0
2375,-1.498,-0.494,0.000,-179.910,1.998,0.002,11.0
2376,-1.498,-0.494,0.000,-179.903,1.998,0.002,11.0
2377,-1.498,-0.494,0.000,-179.897,1.998,0.002,11.0
2378,-1.498,-0.494,0.000,-179.891,1.998,0.002,11.0
2379,-1.498,-0.494,0.000,-179.885,1.998,0.002,11.0
2380,-1.498,-0.494,0.000,-179.880,1.998,0.001,11.0
2381,-1.498,-0.494,0.000,-179.874,1.998,0.001,11.0
2382,-1.498,-0.494,0.000,-179.869,1.998,0.001,11.0
2383,-1.498,-0.494,0.000,-179.864,1.998,0.001,11.0
2384,-1.498,-0.494,0.000,-179.859,1.998,0.001,11.0
2385,-1.498,-0.494,0.000,-179.855,1.998,0.001,11.0
2386,-1.498,-0.494,0.000,-179.850,1.998,0.000,11.0
2387,-1.498,-0.494,0.000,-179.846,1.998,0.000,11.0
2388,-1.498,-0.494,0.000,-179.842,1.998,0.000,11.0
2389,-1.498,-0.494,0.000,-179.838,1.998,-0.000,11.0
2390,-1.498,-0.494,0.000,-179.834,1.998,-0.000,11.0
2391,-1.498,-0.494,0.000,-179.830,1.998,-0.000,11.0
2392,-1.498,-0.494,0.000,-179.827,1.998,-0.000,11.0
2393,-1.498,-0.494,0.000,-179.824,1.998,-0.001,11.0
2394,-1.498,-0.494,0.000,-179.821,1.998,-0.001,11.0
2395,-1.498,-0.494,0.000,-179.818,1.998,-0.001,11.0
2396,-1.498,-0.494,0.000,-179.816,1.998,-0.001,11.0
2397,-1.498,-0.494,0.000,-179.813,1.998,-0.001,11.0
2398,-1.498,-0.494,0.000,-179.811,1.998,-0.001,11.0
2399,-1.498,-0.494,0.000,-179.809,1.998,-0.001,11.0
2400,-1.498,-0.494,0.000,-179.807,1.998,-0.001,11.0
2401,-1.498,-0.494,0.000,-179.805,1.998,-0.001,11.0
2402,-1.498,-0.494,0.000,-179.804,1.998,-0.001,11.0
2403,-1.498,-0.494,0.000,-179.802,1.998,-0.001,11.0
2404,-1.498,-0.494,0.000,-179.801,1.998,-0.001,11.0
2405,-1.498,-0.494,0.000,-179.800,1.998,-0.001,11.0
2406,-1.498,-0.494,0.000,-179.799,1.998,-0.001,11.0
2407,-1.498,-0.494,0.000,-179.798,1.998,-0.001,11.0
2408,-1.498,-0.494,0.000,-179.798,1.998,-0.001,11.0
2409,-1.498,-0.494,0.000,-179.797,1.998,-0.001,11.0
2410,-1.498,-0.494,0.000,-179.796,1.998,-0.002,11.0
2411,-1.498,-0.494,0.000,-179.795,1.998,-0.002,11.0
2412,-1.498,-0.494,0.000,-179.795,1.998,-0.002,11.0
2413,-1.498,-0.494,0.000,-179.794,1.998,-0.002,11.0
2414,-1.498,-0.494,0.000,-179.793,1.998,-0.002,11.0
2415,-1.498,-0.494,0.000,-179.792,1.998,-0.002,11.0
2416,-1.498,-0.494,0.000,-179.792,1.998,-0.002,11.0
2417,-1.498,-0.494,0.000,-179.791,1.998,-0.002,11.0
2418,-1.498,-0.494,0.000,-179.790,1.998,-0.002,11.0
2419,-1.498,-0.494,0.000,-179.789,1.998,-0.002,11.0
2420,-1.498,-0.494,0.000,-179.789,1.998,-0.002,11.0
2421,-1.498,-0.494,0.000,-179.788,1.998,-0.002,11.0
2422,-1.498,-0.494,0.000,-179.787,1.998,-0.002,11.0
2423,-1.498,-0.494,0.000,-179.786,1.998,-0.002,11.0
2424,-1.498,-0.494,0.000,-179.786,1.998,-0.002,11.0
2425,-1.498,-0.494,0.000,-179.785,1.998,-0.002,11.0
2426,-1.498,-0.494,0.000,-179.784,1.998,-0.002,11.0
2427,-1.498,-0.494,0.000,-179.783,1.998,-0.002,11.0
2428,-1.498,-0.494,0.000,-179.783,1.998,-0.002,11.0
2429,-1.498,-0.494,0.000,-179.782,1.998,-0.002,11.0
2430,-1.498,-0.494,0.000,-179.781,1.998,-0.002,11.0
2431,-1.498,-0.494,0.000,-179.780,1.998,-0.002,11.0
2432,-1.498,-0.494,0.000,-179.779,1.998,-0.002,11.0
2433,-1.498,-0.494,0.000,-179.778,1.998,-0.002,11.0
2434,-1.498,-0.494,0.000,-179.778,1.998,-0.002,11.0
2435,-1.498,-0.494,0.000,-179.777,1.998,-0.002,11.0
2436,-1.498,-0.494,0.000,-179.776,1.998,-0.002,11.0
2437,-1.498,-0.494,0.000,-179.775,1.998,-0.002,11.0
2438,-1.498,-0.494,0.000,-179.774,1.998,-0.002,11.0
2439,-1.498,-0.494,0.000,-179.773,1.998,-0.002,11.0
2440,-1.498,-0.494,0.000,-179.772,1.998,-0.002,11.0
2441,-1.498,-0.494,0.000,-179.772,1.998,-0.002,11.0
2442,-1.498,-0.494,0.000,-179.771,1.998,-0.002,11.0
2443,-1.498,-0.494,0.000,-179.770,1.998,-0.002,11.0
2444,-1.498,-0.494,0.000,-179.769,1.998,-0.002,11.0
2445,-1.498,-0.494,0.000,-179.768,1.998,-0.003,11.0
2446,-1.498,-0.494,0.000,-179.767,1.998,-0.003,11.0
2447,-1.498,-0.494,0.000,-179.766,1.998,-0.003,11.0
2448,-1.498,-0.494,0.000,-179.765,1.998,-0.003,11.0
2449,-1.498,-0.494,0.000,-179.764,1.998,-0.003,11.0
2450,-1.498,-0.494,0.000,-179.763,1.998,-0.003,11.0
2451,-1.498,-0.494,0.000,-179.762,1.998,-0.003,11.0
2452,-1.498,-0.494,0.000,-179.761,1.998,-0.003,11.0
2453,-1.498,-0.494,0.000,-179.760,1.998,-0.003,11.0
2454,-1.498,-0.494,0.000,-179.759,1.998,-0.003,11.0
2455,-1.498,-0.494,0.000,-179.758,1.998,-0.003,11.0
2456,-1.498,-0.494,0.000,-179.757,1.998,-0.003,11.0
2457,-1.498,-0.494,0.000,-179.756,1.998,-0.003,11.0
2458,-1.498,-0.494,0.000,-179.755,1.998,-0.003,11.0
2459,-1.498,-0.494,0.000,-179.754,1.998,-0.003,11.0
2460,-1.498,-0.494,0.000,-179.753,1.998,-0.003,11.0
2461,-1.498,-0.494,0.000,-179.752,1.998,-0.003,11.0
2462,-1.498,-0.494,0.000,-179.751,1.998,-0.003,11.0
2463,-1.498,-0.494,0.000,-179.750,1.998,-0.003,11.0
2464,-1.498,-0.494,0.000,-179.749,1.998,-0.003,11.0
2465,-1.498,-0.494,0.000,-179.748,1.998,-0.003,11.0
2466,-1.498,-0.494,0.000,-179.747,1.998,-0.003,11.0
2467,-1.498,-0.494,0.000,-179.746,1.998,-0.003,11.0
2468,-1.498,-0.494,0.000,-179.745,1.998,-0.003,11.0
2469,-1.498,-0.494,0.000,-179.743,1.998,-0.003,11.0
2470,-1.498,-0.494,0.000,-179.742,1.998,-0.003,11.0
2471,-1.498,-0.494,0.000,-179.741,1.998,-0.003,11.0
2472,-1.498,-0.494,0.000,-179.740,1.998,-0.003,11.0
2473,-1.498,-0.494,0.000,-179.739,1.998,-0.004,11.0
2474,-1.498,-0.494,0.000,-179.738,1.998,-0.004,11.0
2475,-1.498,-0.494,0.000,-179.737,1.998,-0.004,11.0
2476,-1.498,-0.494,0.000,-179.735,1.998,-0.004,11.0
2477,-1.498,-0.494,0.000,-179.734,1.998,-0.004,11.0
2478,-1.498,-0.494,0.000,-179.733,1.998,-0.004,11.0
2479,-1.498,-0.494,0.000,-179.732,1.998,-0.004,11.0
2480,-1.498,-0.494,0.000,-179.731,1.998,-0.004,11.0
2481,-1.498,-0.494,0.000,-179.730,1.998,-0.004,11.0
2482,-1.498,-0.494,0.000,-179.728,1.998,-0.004,11.0
2483,-1.498,-0.494,0.000,-179.727,1.998,-0.004,11.0
2484,-1.498,-0.494,0.000,-179.726,1.998,-0.004,11.0
2485,-1.498,-0.494,0.000,-179.725,1.998,-0.004,11.0
2486,-1.498,-0.494,0.000,-179.723,1.998,-0.004,11.0
2487,-1.498,-0.494,0.000,-179.722,1.998,-0.004,11.0
2488,-1.498,-0.494,0.000,-179.721,1.998,-0.004,11.0
2489,-1.498,-0.494,0.000,-179.720,1.998,-0.004,11.0
2490,-1.498,-0.494,0.000,-179.718,1.998,-0.004,11.0
2491,-1.498,-0.494,0.000,-179.717,1.998,-0.004,11.0
2492,-1.498,-0.494,0.000,-179.716,1.998,-0.004,11.0
2493,-1.498,-0.494,0.000,-179.715,1.998,-0.004,11.0
2494,-1.498,-0.494,0.000,-179.713,1.998,-0.004,11.0
2495,-1.498,-0.494,0.000,-179.712,1.998,-0.004,11.0
2496,-1.498,-0.494,0.000,-179.711,1.998,-0.005,11.0
2497,-1.498,-0.494,0.000,-179.709,1.998,-0.005,11.0
2498,-1.498,-0.494,0.000,-179.708,1.998,-0.005,11.0
2499,-1.498,-0.494,0.000,-179.707,1.998,-0.005,11.0
2500,-1.498,-0.494,0.000,-179.705,1.998,-0.005,11.0
2501,-1.498,-0.494,0.000,-179.704,1.998,-0.005,11.0
2502,-1.498,-0.494,0.000,-179.703,1.998,-0.005,11.0
2503,-1.498,-0.494,0.000,-179.701,1.998,-0.005,11.0
2504,-1.498,-0.494,0.000,-179.700,1.998,-0.005,11.0
2505,-1.498,-0.494,0.000,-179.698,1.998,-0.005,11.0
2506,-1.498,-0.494,0.000,-179.697,1.998,-0.005,11.0
2507,-1.498,-0.494,0.000,-179.696,1.998,-0.005,11.0
2508,-1.498,-0.494,0.000,-179.694,1.998,-0.005,11.0
2509,-1.498,-0.494,0.000,-179.693,1.998,-0.005,11.0
2510,-1.498,-0.494,0.000,-179.691,1.998,-0.005,11.0
2511,-1.498,-0.494,0.000,-179.690,1.998,-0.005,11.0
2512,-1.498,-0.494,0.000,-179.689,1.998,-0.005,11.0
2513,-1.498,-0.494,0.000,-179.687,1.998,-0.005,11.0
2514,-1.498,-0.494,0.000,-179.686,1.998,-0.005,11.0
2515,-1.498,-0.494,0.000,-179.684,1.998,-0.005,11.0
2516,-1.498,-0.494,0.000,-179.683,1.998,-0.005,11.0
2517,-1.498,-0.494,0.000,-179.681,1.998,-0.006,11.0
2518,-1.498,-0.494,0.000,-179.680,1.998,-0.006,11.0
2519,-1.498,-0.494,0.000,-179.678,1.998,-0.006,11.0
2520,-1.498,-0.494,0.000,-179.677,1.998,-0.006,11.0
2521,-1.498,-0.494,0.000,-179.675,1.998,-0.006,11.0
2522,-1.498,-0.494,0.000,-179.674,1.998,-0.006,11.0
2523,-1.498,-0.494,0.000,-179.672,1.998,-0.006,11.0
2524,-1.498,-0.494,0.000,-179.671,1.998,-0.006,11.0
2525,-1.498,-0.494,0.000,-179.669,1.998,-0.006,11.0
2526,-1.498,-0.494,0.000,-179.668,1.998,-0.006,11.0
2527,-1.498,-0.494,0.000,-179.666,1.998,-0.006,11.0
2528,-1.498,-0.494,0.000,-179.665,1.998,-0.006,11.0
2529,-1.498,-0.494,0.000,-179.663,1.998,-0.006,11.0
2530,-1.498,-0.494,0.000,-179.661,1.998,-0.006,11.0
2531,-1.498,-0.494,0.000,-179.660,1.998,-0.006,11.0
2532,-1.498,-0.494,0.000,-179.658,1.998,-0.006,11.0
2533,-1.498,-0.494,0.000,-179.657,1.998,-0.006,11.0
2534,-1.498,-0.494,0.000,-179.655,1.998,-0.006,11.0
2535,-1.498,-0.494,0.000,-179.654,1.998,-0.006,11.0
2536,-1.498,-0.494,0.000,-179.652,1.998,-0.007,11.0
2537,-1.498,-0.494,0.000,-179.650,1.998,-0.007,11.0
2538,-1.498,-0.494,0.000,-179.649,1.998,-0.007,11.0
2539,-1.498,-0.494,0.000,-179.647,1.998,-0.007,11.0
2540,-1.498,-0.494,0.000,-179.645,1.998,-0.007,11.0
2541,-1.498,-0.494,0.000,-179.644,1.998,-0.007,11.0
2542,-1.498,-0.494,0.000,-179.642,1.998,-0.007,11.0
2543,-1.498,-0.494,0.000,-179.641,1.998,-0.007,11.0
2544,-1.498,-0.494,0.000,-179.639,1.998,-0.007,11.0
2545,-1.498,-0.494,0.000,-179.637,1.998,-0.007,11.0
2546,-1.498,-0.494,0.000,-179.636,1.998,-0.007,11.0
2547,-1.498,-0.494,0.000,-179.634,1.998,-0.007,11.0
2548,-1.498,-0.494,0.000,-179.632,1.998,-0.007,11.0
2549,-1.498,-0.494,0.000,-179.631,1.998,-0.007,11.0
2550,-1.498,-0.494,0.000,-179.629,1.998,-0.007,11.0
2551,-1.498,-0.494,0.000,-179.627,1.998,-0.007,11.0
2552,-1.498,-0.494,0.000,-179.625,1.998,-0.007,11.0
2553,-1.498,-0.494,0.000,-179.624,1.998,-0.008,11.0
2554,-1.498,-0.494,0.000,-179.622,1.998,-0.008,11.0
2555,-1.498,-0.494,0.000,-179.620,1.998,-0.008,11.0
2556,-1.498,-0.494,0.000,-179.619,1.998,-0.008,11.0
2557,-1.498,-0.494,0.000,-179.617,1.998,-0.008,11.0
2558,-1.498,-0.494,0.000,-179.615,1.998,-0.008,11.0
2559,-1.498,-0.494,0.000,-179.613,1.998,-0.008,11.0
2560,-1.498,-0.494,0.000,-179.612,1.998,-0.008,11.0
2561,-1.498,-0.494,0.000,-179.610,1.998,-0.008,11.0
2562,-1.498,-0.494,0.000,-179.608,1.998,-0.008,11.0
2563,-1.498,-0.494,0.000,-179.606,1.998,-0.008,11.0
2564,-1.498,-0.494,0.000,-179.604,1.998,-0.008,11.0
2565,-1.498,-0.494,0.000,-179.603,1.998,-0.008,11.0
2566,-1.498,-0.494,0.000,-179.601,1.998,-0.008,11.0
2567,-1.498,-0.494,0.000,-179.599,1.998,-0.008,11.0
2568,-1.498,-0.494,0.000,-179.597,1.998,-0.008,11.0
2569,-1.498,-0.494,0.000,-179.595,1.998,-0.009,11.0
2570,-1.498,-0.494,0.000,-179.594,1.998,-0.009,11.0
2571,-1.498,-0.494,0.000,-179.592,1.998,-0.009,11.0
2572,-1.498,-0.494,0.000,-179.590,1.998,-0.009,11.0
2573,-1.498,-0.494,0.000,-179.588,1.998,-0.009,11.0
2574,-1.498,-0.494,0.000,-179.586,1.998,-0.009,11.0
2575,-1.498,-0.494,0.000,-179.585,1.998,-0.009,11.0
2576,-1.498,-0.494,0.000,-179.583,1.998,-0.009,11.0
2577,-1.498,-0.494,0.000,-179.581,1.998,-0.009,11.0
2578,-1.498,-0.494,0.000,-179.579,1.998,-0.009,11.0
2579,-1.498,-0.494,0.000,-179.577,1.998,-0.009,11.0
2580,-1.498,-0.494,0.000,-179.575,1.998,-0.009,11.0
2581,-1.498,-0.494,0.000,-179.573,1.998,-0.009,11.0
2582,-1.498,-0.494,0.000,-179.572,1.998,-0.009,11.0
2583,-1.498,-0.494,0.000,-179.570,1.998,-0.009,11.0
2584,-1.498,-0.494,0.000,-179.568,1.998,-0.009,11.0
2585,-1.498,-0.494,0.000,-179.566,1.998,-0.010,11.0
2586,-1.498,-0.494,0.000,-179.564,1.998,-0.010,11.0
2587,-1.498,-0.494,0.000,-179.562,1.998,-0.010,11.0
2588,-1.498,-0.494,0.000,-179.560,1.998,-0.010,11.0
2589,-1.498,-0.494,0.000,-179.558,1.998,-0.010,11.0
2590,-1.498,-0.494,0.000,-179.556,1.998,-0.010,11.0
2591,-1.498,-0.494,0.000,-179.554,1.998,-0.010,11.0
2592,-1.498,-0.494,0.000,-179.552,1.998,-0.010,11.0
2593,-1.498,-0.494,0.000,-179.551,1.998,-0.010,11.0
2594,-1.498,-0.494,0.000,-179.549,1.998,-0.010,11.0
2595,-1.498,-0.494,0.000,-179.547,1.998,-0.010,11.0
2596,-1.498,-0.494,0.000,-179.545,1.998,-0.010,11.0
2597,-1.498,-0.494,0.000,-179.543,1.998,-0.010,11.0
2598,-1.498,-0.494,0.000,-179.541,1.998,-0.010,11.0
2599,-1.498,-0.494,0.000,-179.539,1.998,-0.010,11.0
2600,-1.498,-0.494,0.000,-179.537,1.998,-0.011,11.0
2601,-1.498,-0.494,0.000,-179.535,1.998,-0.011,11.0
2602,-1.498,-0.494,0.000,-179.533,1.998,-0.011,11.0
2603,-1.498,-0.494,0.000,-179.531,1.998,-0.011,11.0
2604,-1.498,-0.494,0.000,-179.529,1.998,-0.011,11.0
2605,-1.498,-0.494,0.000,-179.527,1.998,-0.011,11.0
2606,-1.498,-0.494,0.000,-179.525,1.998,-0.011,11.0
2607,-1.498,-0.494,0.000,-179.523,1.998,-0.011,11.0
2608,-1.498,-0.494,0.000,-179.521,1.998,-0.011,11.0
2609,-1.498,-0.494,0.000,-179.519,1.998,-0.011,11.0
2610,-1.498,-0.494,0.000,-179.517,1.998,-0.011,11.0
2611,-1.498,-0.494,0.000,-179.515,1.998,-0.011,11.0
2612,-1.498,-0.494,0.000,-179.513,1.998,-0.011,11.0
2613,-1.498,-0.494,0.000,-179.511,1.998,-0.011,11.0
2614,-1.498,-0.494,0.000,-179.509,1.998,-0.012,11.0
2615,-1.498,-0.494,0.000,-179.507,1.998,-0.012,11.0
2616,-1.498,-0.494,0.000,-179.505,1.998,-0.012,11.0
2617,-1.498,-0.494,0.000,-179.503,1.998,-0.012,11.0
2618,-1.498,-0.494,0.000,-179.501,1.998,-0.012,11.0
2619,-1.498,-0.494,0.000,-179.499,1.998,-0.012,11.0
2620,-1.498,-0.494,0.000,-179.497,1.998,-0.012,11.0
2621,-1.498,-0.494,0.000,-179.495,1.998,-0.012,11.0
2622,-1.498,-0.494,0.000,-179.493,1.998,-0.012,11.0
2623,-1.498,-0.494,0.000,-179.491,1.998,-0.012,11.0
2624,-1.498,-0.494,0.000,-179.489,1.998,-0.012,11.0
2625,-1.498,-0.494,0.000,-179.486,1.998,-0.012,11.0
2626,-1.498,-0.494,0.000,-179.484,1.998,-0.012,11.0
2627,-1.498,-0.494,0.000,-179.482,1.998,-0.012,11.0
2628,-1.498,-0.494,0.000,-179.480,1.998,-0.013,11.0
2629,-1.498,-0.494,0.000,-179.478,1.998,-0.013,11.0
2630,-1.498,-0.494,0.000,-179.476,1.998,-0.013,11.0
2631,-1.498,-0.494,0.000,-179.474,1.998,-0.013,11.0
2632,-1.498,-0.494,0.000,-179.472,1.998,-0.013,11.0
2633,-1.498,-0.494,0.000,-179.470,1.998,-0.013,11.0
2634,-1.498,-0.494,0.000,-179.468,1.998,-0.013,11.0
2635,-1.498,-0.494,0.000,-179.466,1.998,-0.013,11.0
2636,-1.498,-0.494,0.000,-179.464,1.998,-0.013,11.0
2637,-1.498,-0.494,0.000,-179.461,1.998,-0.013,11.0
2638,-1.498,-0.494,0.000,-179.459,1.998,-0.013,11.0
2639,-1.498,-0.494,0.000,-179.457,1.998,-0.013,11.0
2640,-1.498,-0.494,0.000,-179.455,1.998,-0.013,11.0
2641,-1.498,-0.494,0.000,-179.453,1.998,-0.013,11.0
2642,-1.498,-0.494,0.000,-179.451,1.998,-0.014,11.0
2643,-1.498,-0.494,0.000,-179.449,1.998,-0.014,11.0
2644,-1.498,-0.494,0.000,-179.447,1.998,-0.014,11.0
2645,-1.498,-0.494,0.000,-179.444,1.998,-0.014,11.0
2646,-1.498,-0.494,0.000,-179.442,1.998,-0.014,11.0
2647,-1.498,-0.494,0.000,-179.440,1.998,-0.014,11.0
2648,-1.498,-0.494,0.000,-179.438,1.998,-0.014,11.0
2649,-1.498,-0.494,0.000,-179.436,1.998,-0.014,11.0
2650,-1.498,-0.494,0.000,-179.434,1.998,-0.014,11.0
2651,-1.498,-0.494,0.000,-179.432,1.998,-0.014,11.0
2652,-1.498,-0.494,0.000,-179.429,1.998,-0.014,11.0
2653,-1.498,-0.494,0.000,-179.427,1.998,-0.014,11.0
2654,-1.498,-0.494,0.000,-179.425,1.998,-0.014,11.0
2655,-1.498,-0.494,0.000,-179.423,1.998,-0.015,11.0
2656,-1.498,-0.494,0.000,-179.421,1.998,-0.015,11.0
2657,-1.498,-0.494,0.000,-179.419,1.998,-0.015,11.0
2658,-1.498,-0.494,0.000,-179.417,1.998,-0.015,11.0
2659,-1.498,-0.494,0.000,-179.414,1.998,-0.015,11.0
2660,-1.498,-0.494,0.000,-179.412,1.998,-0.015,11.0
2661,-1.498,-0.494,0.000,-179.410,1.998,-0.015,11.0
2662,-1.498,-0.494,0.000,-179.408,1.998,-0.015,11.0
2663,-1.498,-0.494,0.000,-179.406,1.998,-0.015,11.0
2664,-1.498,-0.494,0.000,-179.403,1.998,-0.015,11.0
2665,-1.498,-0.494,0.000,-179.401,1.998,-0.015,11.0
2666,-1.498,-0.494,0.000,-179.399,1.998,-0.015,11.0
2667,-1.498,-0.494,0.000,-179.397,1.998,-0.015,11.0
2668,-1.498,-0.494,0.000,-179.395,1.998,-0.016,11.0
2669,-1.498,-0.494,0.000,-179.393,1.998,-0.016,11.0
2670,-1.498,-0.494,0.000,-179.390,1.998,-0.016,11.0
2671,-1.498,-0.494,0.000,-179.388,1.998,-0.016,11.0
2672,-1.498,-0.494,0.000,-179.386,1.998,-0.016,11.0
2673,-1.498,-0.494,0.000,-179.384,1.998,-0.016,11.0
2674,-1.498,-0.494,0.000,-179.382,1.998,-0.016,11.0
2675,-1.498,-0.494,0.000,-179.379,1.998,-0.016,11.0
2676,-1.498,-0.494,0.000,-179.377,1.998,-0.016,11.0
2677,-1.498,-0.494,0.000,-179.375,1.998,-0.016,11.0
2678,-1.498,-0.494,0.000,-179.373,1.998,-0.016,11.0
2679,-1.498,-0.494,0.000,-179.370,1.998,-0.016,11.0
2680,-1.498,-0.494,0.000,-179.368,1.998,-0.016,11.0
2681,-1.498,-0.494,0.000,-179.366,1.998,-0.017,11.0
2682,-1.498,-0.494,0.000,-179.364,1.998,-0.017,11.0
2683,-1.498,-0.494,0.000,-179.362,1.998,-0.017,11.0
2684,-1.498,-0.494,0.000,-179.359,1.998,-0.017,11.0
2685,-1.498,-0.494,0.000,-179.357,1.998,-0.017,11.0
2686,-1.498,-0.494,0.000,-179.355,1.998,-0.017,11.0
2687,-1.498,-0.494,0.000,-179.353,1.998,-0.017,11.0
2688,-1.498,-0.494,0.000,-179.350,1.998,-0.017,11.0
2689,-1.498,-0.494,0.000,-179.348,1.998,-0.017,11.0
2690,-1.498,-0.494,0.000,-179.346,1.998,-0.017,11.0
2691,-1.498,-0.494,0.000,-179.344,1.998,-0.017,11.0
2692,-1.498,-0.494,0.000,-179.341,1.998,-0.017,11.0
2693,-1.498,-0.494,0.000,-179.339,1.998,-0.017,11.0
2694,-1.498,-0.494,0.000,-179.337,1.998,-0.018,11.0
2695,-1.498,-0.494,0.000,-179.335,1.998,-0.018,11.0
2696,-1.498,-0.494,0.000,-179.332,1.998,-0.018,11.0
2697,-1.498,-0.494,0.000,-179.330,1.998,-0.018,11.0
2698,-1.498,-0.494,0.000,-179.328,1.998,-0.018,11.0
2699,-1.498,-0.494,0.000,-179.326,1.998,-0.018,11.0
2700,-1.498,-0.494,0.000,-179.323,1.998,-0.018,11.0
2701,-1.498,-0.494,0.000,-179.321,1.998,-0.018,11.0
2702,-1.498,-0.494,0.000,-179.319,1.998,-0.018,11.0
2703,-1.498,-0.494,0.000,-179.317,1.998,-0.018,11.0
2704,-1.498,-0.494,0.000,-179.314,1.998,-0.018,11.0
2705,-1.498,-0.494,0.000,-179.312,1.998,-0.018,11.0
2706,-1.498,-0.494,0.000,-179.310,1.998,-0.018,11.0
2707,-1.498,-0.494,0.000,-179.308,1.998,-0.019,11.0
2708,-1.498,-0.494,0.000,-179.305,1.998,-0.019,11.0
2709,-1.498,-0.494,0.000,-179.303,1.998,-0.019,11.0
2710,-1.498,-0.494,0.000,-179.301,1.998,-0.019,11.0
2711,-1.498,-0.494,0.000,-179.298,1.998,-0.019,11.0
2712,-1.498,-0.494,0.000,-179.296,1.998,-0.019,11.0
2713,-1.498,-0.494,0.000,-179.294,1.998,-0.019,11.0
2714,-1.498,-0.494,0.000,-179.292,1.998,-0.019,11.0
2715,-1.498,-0.494,0.000,-179.289,1.998,-0.019,11.0
2716,-1.498,-0.494,0.000,-179.287,1.998,-0.019,11.0
2717,-1.498,-0.494,0.000,-179.285,1.998,-0.019,11.0
2718,-1.498,-0.494,0.000,-179.282,1.998,-0.019,11.0
2719,-1.498,-0.494,0.000,-179.280,1.998,-0.020,11.0
2720,-1.498,-0.494,0.000,-179.278,1.998,-0.020,11.0
2721,-1.498,-0.494,0.000,-179.275,1.998,-0.020,11.0
2722,-1.498,-0.494,0.000,-179.273,1.998,-0.020,11.0
2723,-1.498,-0.494,0.000,-179.271,1.998,-0.020,11.0
2724,-1.498,-0.494,0.000,-179.269,1.998,-0.020,11.0
2725,-1.498,-0.494,0.000,-179.266,1.998,-0.020,11.0
2726,-1.498,-0.494,0.000,-179.264,1.998,-0.020,11.0
2727,-1.498,-0.494,0.000,-179.262,1.998,-0.020,11.0
2728,-1.498,-0.494,0.000,-179.259,1.998,-0.020,11.0
2729,-1.498,-0.494,0.000,-179.257,1.998,-0.020,11.0
2730,-1.498,-0.494,0.000,-179.255,1.998,-0.020,11.0
2731,-1.498,-0.494,0.000,-179.252,1.998,-0.020,11.0
2732,-1.498,-0.494,0.000,-179.250,1.998,-0.021,11.0
2733,-1.498,-0.494,0.000,-179.248,1.998,-0.021,11.0
2734,-1.498,-0.494,0.000,-179.245,1.998,-0.021,11.0
2735,-1.498,-0.494,0.000,-179.243,1.998,-0.021,11.0
2736,-1.498,-0.494,0.000,-179.241,1.998,-0.021,11.0
2737,-1.498,-0.494,0.000,-179.238,1.998,-0.021,11.0
2738,-1.498,-0.494,0.000,-179.236,1.998,-0.021,11.0
2739,-1.498,-0.494,0.000,-179.234,1.998,-0.021,11.0
2740,-1.498,-0.494,0.000,-179.232,1.998,-0.021,11.0
2741,-1.498,-0.494,0.000,-179.229,1.998,-0.021,11.0
2742,-1.498,-0.494,0.000,-179.227,1.998,-0.021,11.0
2743,-1.498,-0.494,0.000,-179.225,1.998,-0.021,11.0
2744,-1.498,-0.494,0.000,-179.222,1.998,-0.022,11.0
2745,-1.498,-0.494,0.000,-179.220,1.998,-0.022,11.0
2746,-1.498,-0.494,0.000,-179.217,1.998,-0.022,11.0
2747,-1.498,-0.494,0.000,-179.215,1.998,-0.022,11.0
2748,-1.498,-0.494,0.000,-179.213,1.998,-0.022,11.0
2749,-1.498,-0.494,0.000,-179.210,1.998,-0.022,11.0
2750,-1.498,-0.494,0.000,-179.208,1.998,-0.022,11.0
2751,-1.498,-0.494,0.000,-179.206,1.998,-0.022,11.0
2752,-1.498,-0.494,0.000,-179.203,1.998,-0.022,11.0
2753,-1.498,-0.494,0.000,-179.201,1.998,-0.022,11.0
2754,-1.498,-0.494,0.000,-179.199,1.998,-0.022,11.0
2755,-1.498,-0.494,0.000,-179.196,1.998,-0.022,11.0
2756,-1.498,-0.494,0.000,-179.194,1.998,-0.023,11.0
2757,-1.498,-0.494,0.000,-179.192,1.998,-0.023,11.0
2758,-1.498,-0.494,0.000,-179.189,1.998,-0.023,11.0
2759,-1.498,-0.494,0.000,-179.187,1.998,-0.023,11.0
2760,-1.498,-0.494,0.000,-179.185,1.998,-0.023,11.0
2761,-1.498,-0.494,0.000,-179.182,1.998,-0.023,11.0
2762,-1.498,-0.494,0.000,-179.180,1.998,-0.023,11.0
2763,-1.498,-0.494,0.000,-179.177,1.998,-0.023,11.0
2764,-1.498,-0.494,0.000,-179.175,1.998,-0.023,11.0
2765,-1.498,-0.494,0.000,-179.173,1.998,-0.023,11.0
2766,-1.498,-0.494,0.000,-179.170,1.998,-0.023,11.0
2767,-1.498,-0.494,0.000,-179.168,1.998,-0.023,11.0
2768,-1.498,-0.494,0.000,-179.166,1.998,-0.024,11.0
2769,-1.498,-0.494,0.000,-179.163,1.998,-0.024,11.0
2770,-1.498,-0.494,0.000,-179.161,1.998,-0.024,11.0
2771,-1.498,-0.494,0.000,-179.158,1.998,-0.024,11.0
2772,-1.498,-0.494,0.000,-179.156,1.998,-0.024,11.0
2773,-1.498,-0.494,0.000,-179.154,1.998,-0.024,11.0
2774,-1.498,-0.494,0.000,-179.151,1.998,-0.024,11.0
2775,-1.498,-0.494,0.000,-179.149,1.998,-0.024,11.0
2776,-1.498,-0.494,0.000,-179.146,1.998,-0.024,11.0
2777,-1.498,-0.494,0.000,-179.144,1.998,-0.024,11.0
2778,-1.498,-0.494,0.000,-179.142,1.998,-0.024,11.0
2779,-1.498,-0.494,0.000,-179.139,1.998,-0.024,11.0
2780,-1.498,-0.494,0.000,-179.137,1.998,-0.025,11.0
2781,-1.498,-0.494,0.000,-179.134,1.998,-0.025,11.0
2782,-1.498,-0.494,0.000,-179.132,1.998,-0.025,11.0
2783,-1.498,-0.494,0.000,-179.130,1.998,-0.025,11.0
2784,-1.498,-0.494,0.000,-179.127,1.998,-0.025,11.0
2785,-1.498,-0.494,0.000,-179.125,1.998,-0.025,11.0
2786,-1.498,-0.494,0.000,-179.122,1.998,-0.025,11.0
2787,-1.498,-0.494,0.000,-179.120,1.998,-0.025,11.0
2788,-1.498,-0.494,0.000,-179.118,1.998,-0.025,11.0
2789,-1.498,-0.494,0.000,-179.115,1.998,-0.025,11.0
2790,-1.498,-0.494,0.000,-179.113,1.998,-0.025,11.0
2791,-1.498,-0.494,0.000,-179.110,1.998,-0.025,11.0
2792,-1.498,-0.494,0.000,-179.108,1.998,-0.026,11.0
2793,-1.498,-0.494,0.000,-179.105,1.998,-0.026,11.0
2794,-1.498,-0.494,0.000,-179.103,1.998,-0.026,11.0
2795,-1.498,-0.494,0.000,-179.101,1.998,-0.026,11.0
2796,-1.498,-0.494,0.000,-179.098,1.998,-0.026,11.0
2797,-1.498,-0.494,0.000,-179.096,1.998,-0.026,11.0
2798,-1.498,-0.494,0.000,-179.093,1.998,-0.026,11.0
2799,-1.498,-0.494,0.000,-179.091,1.998,-0.026,11.0
2800,-1.498,-0.494,0.000,-179.088,1.998,-0.026,11.0
2801,-1.498,-0.494,0.000,-179.086,1.998,-0.026,11.0
2802,-1.498,-0.494,0.000,-179.084,1.998,-0.026,11.0
2803,-1.498,-0.494,0.000,-179.081,1.998,-0.026,11.0
2804,-1.498,-0.494,0.000,-179.079,1.998,-0.027,11.0
2805,-1.498,-0.494,0.000,-179.076,1.998,-0.027,11.0
2806,-1.498,-0.494,0.000,-179.074,1.998,-0.027,11.0
2807,-1.498,-0.494,0.000,-179.071,1.998,-0.027,11.0
2808,-1.498,-0.494,0.000,-179.069,1.998,-0.027,11.0
2809,-1.498,-0.494,0.000,-179.066,1.998,-0.027,11.0
2810,-1.498,-0.494,0.000,-179.064,1.998,-0.027,11.0
2811,-1.498,-0.494,0.000,-179.061,1.998,-0.027,11.0
2812,-1.498,-0.494,0.000,-179.059,1.998,-0.027,11.0
2813,-1.498,-0.494,0.000,-179.056,1.998,-0.027,11.0
2814,-1.498,-0.494,0.000,-179.054,1.998,-0.027,11.0
2815,-1.498,-0.494,0.000,-179.051,1.998,-0.027,11.0
2816,-1.498,-0.494,0.000,-179.049,1.998,-0.028,11.0
2817,-1.498,-0.494,0.000,-179.047,1.998,-0.028,11.0
2818,-1.498,-0.494,0.000,-179.044,1.998,-0.028,11.0
2819,-1.498,-0.494,0.000,-179.042,1.998,-0.028,11.0
2820,-1.498,-0.494,0.000,-179.039,1.998,-0.028,11.0
2821,-1.498,-0.494,0.000,-179.037,1.998,-0.028,11.0
2822,-1.498,-0.494,0.000,-179.034,1.998,-0.028,11.0
2823,-1.498,-0.494,0.000,-179.032,1.998,-0.028,11.0
2824,-1.498,-0.494,0.000,-179.029,1.998,-0.028,11.0
2825,-1.498,-0.494,0.000,-179.027,1.998,-0.028,11.0
2826,-1.498,-0.494,0.000,-179.024,1.998,-0.028,11.0
2827,-1.498,-0.494,0.000,-179.022,1.998,-0.029,11.0
2828,-1.498,-0.494,0.000,-179.019,1.998,-0.029,11.0
2829,-1.498,-0.494,0.000,-179.016,1.998,-0.029,11.0
2830,-1.498,-0.494,0.000,-179.014,1.998,-0.029,11.0
2831,-1.498,-0.494,0.000,-179.011,1.998,-0.029,11.0
2832,-1.498,-0.494,0.000,-179.009,1.998,-0.029,11.0
2833,-1.498,-0.494,0.000,-179.006,1.998,-0.029,11.0
2834,-1.498,-0.494,0.000,-179.004,1.998,-0.029,11.0
2835,-1.498,-0.494,0.000,-179.001,1.998,-0.029,11.0
2836,-1.498,-0.494,0.000,-178.999,1.998,-0.029,11.0
2837,-1.498,-0.494,0.000,-178.996,1.998,-0.029,11.0
2838,-1.498,-0.494,0.000,-178.994,1.998,-0.029,11.0
2839,-1.498,-0.494,0.000,-178.991,1.998,-0.030,11.0
2840,-1.498,-0.494,0.000,-178.989,1.998,-0.030,11.0
2841,-1.498,-0.494,0.000,-178.986,1.998,-0.030,11.0
2842,-1.498,-0.494,0.000,-178.983,1.998,-0.030,11.0
2843,-1.498,-0.494,0.000,-178.981,1.998,-0.030,11.0
2844,-1.498,-0.494,0.000,-178.978,1.998,-0.030,11.0
2845,-1.498,-0.494,0.000,-178.976,1.998,-0.030,11.0
2846,-1.498,-0.494,0.000,-178.973,1.998,-0.030,11.0
2847,-1.498,-0.494,0.000,-178.971,1.998,-0.030,11.0
2848,-1.498,-0.494,0.000,-178.968,1.998,-0.030,11.0
2849,-1.498,-0.494,0.000,-178.965,1.998,-0.030,11.0
2850,-1.498,-0.494,0.000,-178.963,1.998,-0.031,11.0
2851,-1.498,-0.494,0.000,-178.960,1.998,-0.031,11.0
2852,-1.498,-0.494,0.000,-178.958,1.998,-0.031,11.0
2853,-1.498,-0.494,0.000,-178.955,1.998,-0.031,11.0
2854,-1.498,-0.494,0.000,-178.953,1.998,-0.031,11.0
2855,-1.498,-0.494,0.000,-178.950,1.998,-0.031,11.0
2856,-1.498,-0.494,0.000,-178.947,1.998,-0.031,11.0
2857,-1.498,-0.494,0.000,-178.945,1.998,-0.031,11.0
2858,-1.498,-0.494,0.000,-178.942,1.998,-0.031,11.0
2859,-1.498,-0.494,0.000,-178.939,1.998,-0.031,11.0
2860,-1.498,-0.494,0.000,-178.937,1.998,-0.031,11.0
2861,-1.498,-0.494,0.000,-178.934,1.998,-0.032,11.0
2862,-1.498,-0.494,0.000,-178.932,1.998,-0.032,11.0
2863,-1.498,-0.494,0.000,-178.929,1.998,-0.032,11.0
2864,-1.498,-0.494,0.000,-178.926,1.998,-0.032,11.0
2865,-1.498,-0.494,0.000,-178.924,1.998,-0.032,11.0
2866,-1.498,-0.494,0.000,-178.921,1.998,-0.032,11.0
2867,-1.498,-0.494,0.000,-178.918,1.998,-0.032,11.0
2868,-1.498,-0.494,0.000,-178.916,1.998,-0.032,11.0
2869,-1.498,-0.494,0.000,-178.913,1.998,-0.032,11.0
2870,-1.498,-0.494,0.000,-178.910,1.998,-0.032,11.0
2871,-1.498,-0.494,0.000,-178.908,1.998,-0.032,11.0
2872,-1.498,-0.494,0.000,-178.905,1.998,-0.033,11.0
2873,-1.498,-0.494,0.000,-178.902,1.998,-0.033,11.0
2874,-1.498,-0.494,0.000,-178.900,1.998,-0.033,11.0
2875,-1.498,-0.494,0.000,-178.897,1.998,-0.033,11.0
2876,-1.498,-0.494,0.000,-178.894,1.998,-0.033,11.0
2877,-1.498,-0.494,0.000,-178.892,1.998,-0.033,11.0
2878,-1.498,-0.494,0.000,-178.889,1.998,-0.033,11.0
2879,-1.498,-0.494,0.000,-178.886,1.998,-0.033,11.0
2880,-1.498,-0.494,0.000,-178.884,1.998,-0.033,11.0
2881,-1.498,-0.494,0.000,-178.881,1.998,-0.033,11.0
2882,-1.498,-0.494,0.000,-178.878,1.998,-0.034,11.0
2883,-1.498,-0.494,0.000,-178.875,1.997,-0.034,11.0
2884,-1.499,-0.494,0.000,-178.873,1.997,-0.034,11.0
2885,-1.499,-0.494,0.000,-178.870,1.997,-0.034,11.0
2886,-1.499,-0.494,0.000,-178.867,1.997,-0.034,11.0
2887,-1.499,-0.494,0.000,-178.865,1.997,-0.034,11.0
2888,-1.499,-0.494,0.000,-178.862,1.997,-0.034,11.0
2889,-1.499,-0.494,0.000,-178.859,1.997,-0.034,11.0
2890,-1.499,-0.494,0.000,-178.856,1.997,-0.034,11.0
2891,-1.499,-0.494,0.000,-178.854,1.997,-0.034,11.0
2892,-1.499,-0.494,0.000,-178.851,1.997,-0.034,11.0
2893,-1.499,-0.494,0.000,-178.848,1.997,-0.035,11.0
2894,-1.499,-0.494,0.000,-178.845,1.997,-0.035,11.0
2895,-1.499,-0.494,0.000,-178.843,1.997,-0.035,11.0
2896,-1.499,-0.494,0.000,-178.840,1.997,-0.035,11.0
2897,-1.499,-0.494,0.000,-178.837,1.997,-0.035,11.0
2898,-1.499,-0.494,0.000,-178.834,1.997,-0.035,11.0
2899,-1.499,-0.494,0.000,-178.831,1.997,-0.035,11.0
2900,-1.499,-0.494,0.000,-178.829,1.997,-0.035,11.0
2901,-1.499,-0.494,0.000,-178.826,1.997,-0.035,11.0
2902,-1.499,-0.494,0.000,-178.823,1.997,-0.035,11.0
2903,-1.499,-0.494,0.000,-178.820,1.997,-0.036,11.0
2904,-1.499,-0.494,0.000,-178.817,1.997,-0.036,11.0
2905,-1.499,-0.494,0.000,-178.815,1.997,-0.036,11.0
2906,-1.499,-0.494,0.000,-178.812,1.997,-0.036,11.0
2907,-1.499,-0.494,0.000,-178.809,1.997,-0.036,11.0
2908,-1.499,-0.494,0.000,-178.806,1.997,-0.036,11.0
2909,-1.499,-0.494,0.000,-178.803,1.997,-0.036,11.0
2910,-1.499,-0.494,0.000,-178.800,1.997,-0.036,11.0
2911,-1.499,-0.494,0.000,-178.797,1.997,-0.036,11.0
2912,-1.499,-0.494,0.000,-178.795,1.997,-0.036,11.0
2913,-1.499,-0.494,0.000,-178.792,1.997,-0.037,11.0
2914,-1.499,-0.494,0.000,-178.789,1.997,-0.037,11.0
2915,-1.499,-0.494,0.000,-178.786,1.997,-0.037,11.0
2916,-1.499,-0.494,0.000,-178.783,1.997,-0.037,11.0
2917,-1.499,-0.494,0.000,-178.780,1.997,-0.037,11.0
2918,-1.499,-0.494,0.000,-178.777,1.997,-0.037,11.0
2919,-1.499,-0.494,0.000,-178.774,1.997,-0.037,11.0
2920,-1.499,-0.494,0.000,-178.772,1.997,-0.037,11.0
2921,-1.499,-0.494,0.000,-178.769,1.997,-0.037,11.0
2922,-1.499,-0.494,0.000,-178.766,1.997,-0.037,11.0
2923,-1.499,-0.494,0.000,-178.763,1.997,-0.038,11.0
2924,-1.499,-0.494,0.000,-178.760,1.997,-0.038,11.0
2925,-1.499,-0.494,0.000,-178.757,1.997,-0.038,11.0
2926,-1.499,-0.494,0.000,-178.754,1.997,-0.038,11.0
2927,-1.499,-0.494,0.000,-178.751,1.997,-0.038,11.0
2928,-1.499,-0.494,0.000,-178.748,1.997,-0.038,11.0
2929,-1.499,-0.494,0.000,-178.745,1.997,-0.038,11.0
2930,-1.499,-0.494,0.000,-178.742,1.997,-0.038,11.0
2931,-1.499,-0.494,0.000,-178.739,1.997,-0.038,11.0
2932,-1.499,-0.494,0.000,-178.736,1.997,-0.038,11.0
2933,-1.499,-0.494,0.000,-178.733,1.997,-0.039,11.0
2934,-1.499,-0.494,0.000,-178.730,1.997,-0.039,11.0
2935,-1.499,-0.494,0.000,-178.727,1.997,-0.039,11.0
2936,-1.499,-0.494,0.000,-178.724,1.997,-0.039,11.0
2937,-1.499,-0.494,0.000,-178.721,1.997,-0.039,11.0
2938,-1.499,-0.494,0.000,-178.718,1.997,-0.039,11.0
2939,-1.499,-0.494,0.000,-178.715,1.997,-0.039,11.0
2940,-1.499,-0.494,0.000,-178.712,1.997,-0.039,11.0
2941,-1.499,-0.494,0.000,-178.709,1.997,-0.039,11.0
2942,-1.499,-0.494,0.000,-178.706,1.997,-0.040,11.0
2943,-1.499,-0.494,0.000,-178.703,1.997,-0.040,11.0
2944,-1.499,-0.494,0.000,-178.700,1.997,-0.040,11.0
2945,-1.499,-0.495,0.000,-178.697,1.997,-0.040,11.0
2946,-1.499,-0.495,0.000,-178.694,1.997,-0.040,11.0
2947,-1.499,-0.495,0.000,-178.691,1.997,-0.040,11.0
2948,-1.499,-0.495,0.000,-178.688,1.997,-0.040,11.0
2949,-1.499,-0.495,0.000,-178.685,1.997,-0.040,11.0
2950,-1.499,-0.495,0.000,-178.681,1.997,-0.040,11.0
2951,-1.499,-0.495,0.000,-178.678,1.997,-0.040,11.0
2952,-1.499,-0.495,0.000,-178.675,1.997,-0.041,11.0
2953,-1.499,-0.495,0.000,-178.672,1.997,-0.041,11.0
2954,-1.499,-0.495,0.000,-178.669,1.997,-0.041,11.0
2955,-1.499,-0.495,0.000,-178.666,1.997,-0.041,11.0
2956,-1.499,-0.495,0.000,-178.663,1.997,-0.041,11.0
2957,-1.499,-0.495,0.000,-178.660,1.997,-0.041,11.0
2958,-1.499,-0.495,0.000,-178.656,1.997,-0.041,11.0
2959,-1.499,-0.495,0.000,-178.653,1.997,-0.041,11.0
2960,-1.499,-0.495,0.000,-178.650,1.997,-0.041,11.0
2961,-1.499,-0.495,0.000,-178.647,1.997,-0.042,11.0
2962,-1.499,-0.495,0.000,-178.644,1.997,-0.042,11.0
2963,-1.499,-0.495,0.000,-178.640,1.997,-0.042,11.0
2964,-1.499,-0.495,0.000,-178.637,1.997,-0.042,11.0
2965,-1.499,-0.495,0.000,-178.634,1.997,-0.042,11.0
2966,-1.499,-0.495,0.000,-178.631,1.997,-0.042,11.0
2967,-1.499,-0.495,0.000,-178.628,1.997,-0.042,11.0
2968,-1.499,-0.495,0.000,-178.624,1.997,-0.042,11.0
2969,-1.499,-0.495,0.000,-178.621,1.997,-0.042,11.0
2970,-1.499,-0.495,0.000,-178.618,1.997,-0.043,11.0
2971,-1.499,-0.495,0.000,-178.615,1.997,-0.043,11.0
2972,-1.499,-0.495,0.000,-178.611,1.997,-0.043,11.0
2973,-1.499,-0.495,0.000,-178.608,1.997,-0.043,11.0
2974,-1.499,-0.495,0.000,-178.605,1.997,-0.043,11.0
2975,-1.499,-0.495,0.000,-178.601,1.997,-0.043,11.0
2976,-1.499,-0.495,0.000,-178.598,1.997,-0.043,11.0
2977,-1.499,-0.495,0.000,-178.595,1.997,-0.043,11.0
2978,-1.499,-0.495,0.000,-178.592,1.997,-0.044,11.0
2979,-1.499,-0.495,0.000,-178.588,1.997,-0.044,11.0
2980,-1.499,-0.495,0.000,-178.585,1.997,-0.044,11.0
2981,-1.499,-0.495,0.000,-178.582,1.997,-0.044,11.0
2982,-1.499,-0.495,0.000,-178.578,1.997,-0.044,11.0
2983,-1.499,-0.495,0.000,-178.575,1.997,-0.044,11.0
2984,-1.499,-0.495,0.000,-178.571,1.997,-0.044,11.0
2985,-1.499,-0.495,0.000,-178.568,1.997,-0.044,11.0
2986,-1.499,-0.495,0.000,-178.565,1.997,-0.044,11.0
2987,-1.499,-0.495,0.000,-178.561,1.997,-0.045,11.0
2988,-1.499,-0.495,0.000,-178.558,1.997,-0.045,11.0
2989,-1.499,-0.495,0.000,-178.554,1.997,-0.045,11.0
2990,-1.499,-0.495,0.000,-178.551,1.997,-0.045,11.0
2991,-1.499,-0.495,0.000,-178.548,1.997,-0.045,11.0
2992,-1.499,-0.495,0.000,-178.544,1.997,-0.045,11.0
2993,-1.499,-0.495,0.000,-178.541,1.997,-0.045,11.0
2994,-1.499,-0.495,0.000,-178.537,1.997,-0.045,11.0
2995,-1.499,-0.495,0.000,-178.534,1.997,-0.046,11.0
2996,-1.499,-0.495,0.000,-178.530,1.997,-0.046,11.0
2997,-1.499,-0.495,0.000,-178.527,1.997,-0.046,11.0
2998,-1.499,-0.495,0.000,-178.523,1.997,-0.046,11.0
2999,-1.499,-0.495,0.000,-178.520,1.997,-0.046,11.0
3000,-1.499,-0.495,0.000,-178.516,1.997,-0.046,11.0
3001,-1.499,-0.495,0.000,-178.513,1.997,-0.046,11.0
3002,-1.499,-0.495,0.000,-178.509,1.997,-0.046,11.0
3003,-1.499,-0.495,0.000,-178.506,1.997,-0.047,11.0
3004,-1.499,-0.495,0.000,-178.502,1.997,-0.047,11.0
3005,-1.499,-0.495,0.000,-178.499,1.997,-0.047,11.0
3006,-1.499,-0.495,0.000,-178.495,1.997,-0.047,11.0
3007,-1.499,-0.495,0.000,-178.492,1.997,-0.047,11.0
3008,-1.499,-0.495,0.000,-178.488,1.997,-0.047,11.0
3009,-1.499,-0.495,0.000,-178.484,1.997,-0.047,11.0
3010,-1.499,-0.495,0.000,-178.481,1.997,-0.047,11.0
3011,-1.499,-0.495,0.000,-178.477,1.997,-0.047,11.0
3012,-1.499,-0.495,0.000,-178.473,1.997,-0.048,11.0
3013,-1.499,-0.495,0.000,-178.470,1.997,-0.048,11.0
3014,-1.499,-0.495,0.000,-178.466,1.997,-0.048,11.0
3015,-1.499,-0.495,0.000,-178.463,1.997,-0.048,11.0
3016,-1.499,-0.495,0.000,-178.459,1.997,-0.048,11.0
3017,-1.499,-0.495,0.000,-178.455,1.997,-0.048,11.0
3018,-1.499,-0.495,0.000,-178.451,1.997,-0.048,11.0
3019,-1.499,-0.495,0.000,-178.448,1.997,-0.049,11.0
3020,-1.499,-0.495,0.000,-178.444,1.997,-0.049,11.0
3021,-1.499,-0.495,0.000,-178.440,1.997,-0.049,11.0
3022,-1.499,-0.495,0.000,-178.437,1.997,-0.049,11.0
3023,-1.499,-0.495,0.000,-178.433,1.997,-0.049,11.0
3024,-1.499,-0.495,0.000,-178.429,1.997,-0.049,11.0
3025,-1.499,-0.495,0.000,-178.425,1.997,-0.049,11.0
3026,-1.499,-0.495,0.000,-178.422,1.997,-0.049,11.0
3027,-1.499,-0.495,0.000,-178.418,1.997,-0.050,11.0
3028,-1.499,-0.495,0.000,-178.414,1.997,-0.050,11.0
3029,-1.499,-0.495,0.000,-178.410,1.997,-0.050,11.0
3030,-1.499,-0.495,0.000,-178.406,1.997,-0.050,11.0
3031,-1.499,-0.495,0.000,-178.403,1.997,-0.050,11.0
3032,-1.499,-0.495,0.000,-178.399,1.997,-0.050,11.0
3033,-1.499,-0.495,0.000,-178.395,1.997,-0.050,11.0
3034,-1.499,-0.495,0.000,-178.391,1.997,-0.050,11.0
3035,-1.499,-0.495,0.000,-178.387,1.997,-0.051,11.0
3036,-1.499,-0.495,0.000,-178.383,1.997,-0.051,11.0
3037,-1.499,-0.495,0.000,-178.379,1.997,-0.051,11.0
3038,-1.499,-0.495,0.000,-178.375,1.997,-0.051,11.0
3039,-1.499,-0.495,0.000,-178.372,1.997,-0.051,11.0
3040,-1.499,-0.495,0.000,-178.368,1.997,-0.051,11.0
3041,-1.499,-0.495,0.000,-178.364,1.997,-0.051,11.0
3042,-1.499,-0.495,0.000,-178.360,1.997,-0.052,11.0
3043,-1.499,-0.495,0.000,-178.356,1.997,-0.052,11.0
3044,-1.499,-0.495,0.000,-178.352,1.997,-0.052,11.0
3045,-1.499,-0.495,0.000,-178.348,1.997,-0.052,11.0
3046,-1.499,-0.495,0.000,-178.344,1.997,-0.052,11.0
3047,-1.499,-0.495,0.000,-178.340,1.997,-0.052,11.0
3048,-1.499,-0.495,0.000,-178.336,1.997,-0.052,11.0
3049,-1.499,-0.495,0.000,-178.332,1.997,-0.053,11.0
3050,-1.499,-0.495,0.000,-178.328,1.997,-0.053,11.0
3051,-1.499,-0.495,0.000,-178.324,1.997,-0.053,11.0
3052,-1.499,-0.495,0.000,-178.320,1.997,-0.053,11.0
3053,-1.499,-0.495,0.000,-178.316,1.997,-0.053,11.0
3054,-1.499,-0.495,0.000,-178.311,1.997,-0.053,11.0
3055,-1.499,-0.495,0.000,-178.307,1.997,-0.053,11.0
3056,-1.499,-0.495,0.000,-178.303,1.997,-0.054,11.0
3057,-1.499,-0.495,0.000,-178.299,1.997,-0.054,11.0
3058,-1.499,-0.495,0.000,-178.295,1.997,-0.054,11.0
3059,-1.499,-0.495,0.000,-178.291,1.997,-0.054,11.0
3060,-1.499,-0.495,0.000,-178.287,1.997,-0.054,11.0
3061,-1.499,-0.495,0.000,-178.282,1.997,-0.054,11.0
3062,-1.499,-0.495,0.000,-178.278,1.997,-0.054,11.0
3063,-1.499,-0.495,0.000,-178.274,1.997,-0.055,11.0
3064,-1.499,-0.495,0.000,-178.270,1.997,-0.055,11.0
3065,-1.499,-0.495,0.000,-178.266,1.997,-0.055,11.0
3066,-1.499,-0.495,0.000,-178.261,1.997,-0.055,11.0
3067,-1.499,-0.495,0.000,-178.257,1.997,-0.055,11.0
3068,-1.499,-0.495,0.000,-178.253,1.997,-0.055,11.0
3069,-1.499,-0.495,0.000,-178.249,1.997,-0.055,11.0
3070,-1.499,-0.495,0.000,-178.244,1.997,-0.056,11.0
3071,-1.499,-0.495,0.000,-178.240,1.997,-0.056,11.0
3072,-1.499,-0.495,0.000,-178.236,1.997,-0.056,11.0
3073,-1.499,-0.495,0.000,-178.231,1.997,-0.056,11.0
3074,-1.499,-0.495,0.000,-178.227,1.997,-0.056,11.0
3075,-1.499,-0.495,0.000,-178.223,1.997,-0.056,11.0
3076,-1.499,-0.495,0.000,-178.218,1.997,-0.057,11.0
3077,-1.499,-0.495,0.000,-178.214,1.997,-0.057,11.0
3078,-1.499,-0.495,0.000,-178.209,1.997,-0.057,11.0
3079,-1.499,-0.495,0.000,-178.205,1.997,-0.057,11.0
3080,-1.499,-0.495,0.000,-178.201,1.997,-0.057,11.0
3081,-1.499,-0.495,0.000,-178.196,1.997,-0.057,11.0
3082,-1.499,-0.495,0.000,-178.192,1.997,-0.057,11.0
3083,-1.499,-0.495,0.000,-178.187,1.997,-0.058,11.0
3084,-1.499,-0.495,0.000,-178.183,1.997,-0.058,11.0
3085,-1.499,-0.495,0.000,-178.178,1.997,-0.058,11.0
3086,-1.499,-0.495,0.000,-178.174,1.997,-0.058,11.0
3087,-1.499,-0.495,0.000,-178.169,1.997,-0.058,11.0
3088,-1.499,-0.495,0.000,-178.165,1.997,-0.058,11.0
3089,-1.499,-0.495,0.000,-178.160,1.997,-0.059,11.0
3090,-1.499,-0.495,0.000,-178.156,1.997,-0.059,11.0
3091,-1.499,-0.495,0.000,-178.151,1.997,-0.059,11.0
3092,-1.499,-0.495,0.000,-178.147,1.997,-0.059,11.0
3093,-1.499,-0.495,0.000,-178.142,1.997,-0.059,11.0
3094,-1.499,-0.495,0.000,-178.137,1.997,-0.059,11.0
3095,-1.499,-0.495,0.000,-178.133,1.997,-0.060,11.0
3096,-1.499,-0.495,0.000,-178.128,1.997,-0.060,11.0
3097,-1.499,-0.495,0.000,-178.123,1.997,-0.060,11.0
3098,-1.499,-0.495,0.000,-178.119,1.997,-0.060,11.0
3099,-1.499,-0.495,0.000,-178.114,1.997,-0.060,11.0
3100,-1.499,-0.495,0.000,-178.109,1.997,-0.060,11.0
3101,-1.499,-0.495,0.000,-178.105,1.997,-0.060,11.0
3102,-1.499,-0.495,0.000,-178.100,1.997,-0.061,11.0
3103,-1.499,-0.495,0.000,-178.095,1.997,-0.061,11.0
3104,-1.499,-0.495,0.000,-178.090,1.997,-0.061,11.0
3105,-1.499,-0.495,0.000,-178.086,1.997,-0.061,11.0
3106,-1.499,-0.495,0.000,-178.081,1.997,-0.061,11.0
3107,-1.499,-0.495,0.000,-178.076,1.997,-0.061,11.0
3108,-1.499,-0.495,0.000,-178.071,1.997,-0.062,11.0
3109,-1.499,-0.495,0.000,-178.066,1.997,-0.062,11.0
3110,-1.499,-0.495,0.000,-178.062,1.997,-0.062,11.0
3111,-1.499,-0.495,0.000,-178.057,1.997,-0.062,11.0
3112,-1.499,-0.495,0.000,-178.052,1.997,-0.062,11.0
3113,-1.499,-0.495,0.000,-178.047,1.997,-0.062,11.0
3114,-1.499,-0.495,0.000,-178.042,1.997,-0.063,11.0
3115,-1.499,-0.495,0.000,-178.037,1.997,-0.063,11.0
3116,-1.499,-0.495,0.000,-178.032,1.997,-0.063,11.0
3117,-1.499,-0.495,0.000,-178.027,1.997,-0.063,11.0
3118,-1.499,-0.495,0.000,-178.022,1.997,-0.063,11.0
3119,-1.499,-0.495,0.000,-178.017,1.997,-0.064,11.0
3120,-1.499,-0.495,0.000,-178.012,1.997,-0.064,11.0
3121,-1.499,-0.495,0.000,-178.007,1.997,-0.064,11.0
3122,-1.499,-0.495,0.000,-178.002,1.997,-0.064,11.0
3123,-1.499,-0.495,0.000,-177.997,1.997,-0.064,11.0
3124,-1.499,-0.495,0.000,-177.992,1.997,-0.064,11.0
3125,-1.499,-0.495,0.000,-177.987,1.997,-0.065,11.0
3126,-1.499,-0.495,0.000,-177.982,1.997,-0.065,11.0
3127,-1.499,-0.495,0.000,-177.977,1.997,-0.065,11.0
3128,-1.499,-0.495,0.000,-177.972,1.997,-0.065,11.0
3129,-1.499,-0.495,0.000,-177.967,1.997,-0.065,11.0
3130,-1.499,-0.495,0.000,-177.962,1.997,-0.065,11.0
3131,-1.499,-0.495,0.000,-177.957,1.997,-0.066,11.0
3132,-1.499,-0.495,0.000,-177.951,1.997,-0.066,11.0
3133,-1.499,-0.495,0.000,-177.946,1.997,-0.066,11.0
3134,-1.499,-0.495,0.000,-177.941,1.997,-0.066,11.0
3135,-1.499,-0.495,0.000,-177.936,1.997,-0.066,11.0
3136,-1.499,-0.495,0.000,-177.931,1.997,-0.067,11.0
3137,-1.499,-0.495,0.000,-177.925,1.997,-0.067,11.0
3138,-1.499,-0.495,0.000,-177.920,1.997,-0.067,11.0
3139,-1.499,-0.495,0.000,-177.915,1.997,-0.067,11.0
3140,-1.499,-0.495,0.000,-177.909,1.997,-0.067,11.0
3141,-1.499,-0.495,0.000,-177.904,1.997,-0.067,11.0
3142,-1.499,-0.495,0.000,-177.899,1.997,-0.068,11.0
3143,-1.499,-0.495,0.000,-177.893,1.997,-0.068,11.0
3144,-1.499,-0.495,0.000,-177.888,1.997,-0.068,11.0
3145,-1.499,-0.495,0.000,-177.883,1.997,-0.068,11.0
3146,-1.499,-0.495,0.000,-177.877,1.997,-0.068,11.0
3147,-1.499,-0.495,0.000,-177.872,1.997,-0.069,11.0
3148,-1.499,-0.495,0.000,-177.867,1.997,-0.069,11.0
3149,-1.499,-0.495,0.000,-177.861,1.997,-0.069,11.0
3150,-1.499,-0.495,0.000,-177.856,1.997,-0.069,11.0
3151,-1.499,-0.495,0.000,-177.850,1.997,-0.069,11.0
3152,-1.499,-0.495,0.000,-177.845,1.997,-0.070,11.0
3153,-1.499,-0.495,0.000,-177.839,1.997,-0.070,11.0
3154,-1.499,-0.495,0.000,-177.834,1.997,-0.070,11.0
3155,-1.499,-0.495,0.000,-177.828,1.997,-0.070,11.0
3156,-1.499,-0.495,0.000,-177.823,1.997,-0.070,11.0
3157,-1.499,-0.495,0.000,-177.817,1.997,-0.070,11.0
3158,-1.499,-0.495,0.000,-177.812,1.997,-0.071,11.0
3159,-1.499,-0.495,0.000,-177.806,1.997,-0.071,11.0
3160,-1.499,-0.495,0.000,-177.800,1.997,-0.071,11.0
3161,-1.499,-0.495,0.000,-177.795,1.997,-0.071,11.0
3162,-1.499,-0.495,0.000,-177.789,1.997,-0.071,11.0
3163,-1.499,-0.495,0.000,-177.783,1.996,-0.072,11.0
3164,-1.499,-0.495,0.000,-177.778,1.996,-0.072,11.0
3165,-1.499,-0.495,0.000,-177.772,1.996,-0.072,11.0
3166,-1.499,-0.495,0.000,-177.766,1.996,-0.072,11.0
3167,-1.499,-0.495,0.000,-177.761,1.996,-0.072,11.0
3168,-1.499,-0.495,0.000,-177.755,1.996,-0.073,11.0
3169,-1.499,-0.495,0.000,-177.749,1.996,-0.073,11.0
3170,-1.499,-0.495,0.000,-177.744,1.996,-0.073,11.0
3171,-1.499,-0.495,0.000,-177.738,1.996,-0.073,11.0
3172,-1.499,-0.495,0.000,-177.732,1.996,-0.073,11.0
3173,-1.499,-0.495,0.000,-177.726,1.996,-0.074,11.0
3174,-1.499,-0.495,0.000,-177.720,1.996,-0.074,11.0
3175,-1.499,-0.495,0.000,-177.715,1.996,-0.074,11.0
3176,-1.499,-0.495,0.000,-177.709,1.996,-0.074,11.0
3177,-1.499,-0.495,0.000,-177.703,1.996,-0.074,11.0
3178,-1.499,-0.495,0.000,-177.697,1.996,-0.075,11.0
3179,-1.499,-0.495,0.000,-177.691,1.996,-0.075,11.0
3180,-1.499,-0.495,0.000,-177.685,1.996,-0.075,11.0
3181,-1.499,-0.495,0.000,-177.679,1.996,-0.075,11.0
3182,-1.499,-0.495,0.000,-177.673,1.996,-0.076,11.0
3183,-1.499,-0.495,0.000,-177.667,1.996,-0.076,11.0
3184,-1.499,-0.495,0.000,-177.662,1.996,-0.076,11.0
3185,-1.499,-0.495,0.000,-177.656,1.996,-0.076,11.0
3186,-1.499,-0.495,0.000,-177.650,1.996,-0.076,11.0
3187,-1.499,-0.495,0.000,-177.644,1.996,-0.077,11.0
3188,-1.499,-0.495,0.000,-177.638,1.996,-0.077,11.0
3189,-1.499,-0.495,0.000,-177.632,1.996,-0.077,11.0
3190,-1.499,-0.495,0.000,-177.626,1.996,-0.077,11.0
3191,-1.499,-0.495,0.000,-177.620,1.996,-0.077,11.0
3192,-1.499,-0.495,0.000,-177.613,1.996,-0.078,11.0
3193,-1.499,-0.495,0.000,-177.607,1.996,-0.078,11.0
3194,-1.499,-0.495,0.000,-177.601,1.996,-0.078,11.0
3195,-1.499,-0.495,0.000,-177.595,1.996,-0.078,11.0
3196,-1.499,-0.495,0.000,-177.589,1.996,-0.078,11.0
3197,-1.499,-0.495,0.000,-177.583,1.996,-0.079,11.0
3198,-1.499,-0.495,0.000,-177.577,1.996,-0.079,11.0
3199,-1.499,-0.495,0.000,-177.571,1.996,-0.079,11.0
3200,-1.499,-0.495,0.000,-177.565,1.996,-0.079,11.0
3201,-1.499,-0.495,0.000,-177.558,1.996,-0.080,11.0
3202,-1.499,-0.495,0.000,-177.552,1.996,-0.080,11.0
3203,-1.499,-0.495,0.000,-177.546,1.996,-0.080,11.0
3204,-1.499,-0.495,0.000,-177.540,1.996,-0.080,11.0
3205,-1.499,-0.495,0.000,-177.534,1.996,-0.080,11.0
3206,-1.499,-0.495,0.000,-177.528,1.996,-0.081,11.0
3207,-1.499,-0.495,0.000,-177.521,1.996,-0.081,11.0
3208,-1.499,-0.495,0.000,-177.515,1.996,-0.081,11.0
3209,-1.499,-0.495,0.000,-177.509,1.996,-0.081,11.0
3210,-1.499,-0.495,0.000,-177.503,1.996,-0.081,11.0
3211,-1.499,-0.495,0.000,-177.497,1.996,-0.082,11.0
3212,-1.499,-0.495,0.000,-177.490,1.996,-0.082,11.0
3213,-1.499,-0.495,0.000,-177.484,1.996,-0.082,11.0
3214,-1.499,-0.495,0.000,-177.478,1.996,-0.082,11.0
3215,-1.499,-0.495,0.000,-177.472,1.996,-0.083,11.0
3216,-1.499,-0.495,0.000,-177.465,1.996,-0.083,11.0
3217,-1.499,-0.495,0.000,-177.459,1.996,-0.083,11.0
3218,-1.499,-0.495,0.000,-177.453,1.996,-0.083,11.0
3219,-1.499,-0.495,0.000,-177.446,1.996,-0.083,11.0
3220,-1.499,-0.495,0.000,-177.440,1.996,-0.084,11.0
3221,-1.499,-0.495,0.000,-177.434,1.996,-0.084,11.0
3222,-1.499,-0.495,0.000,-177.428,1.996,-0.084,11.0
3223,-1.499,-0.495,0.000,-177.421,1.996,-0.084,11.0
3224,-1.499,-0.495,0.000,-177.415,1.996,-0.085,11.0
3225,-1.499,-0.495,0.000,-177.409,1.996,-0.085,11.0
3226,-1.499,-0.495,0.000,-177.403,1.996,-0.085,11.0
3227,-1.499,-0.495,0.000,-177.396,1.996,-0.085,11.0
3228,-1.499,-0.495,0.000,-177.390,1.996,-0.085,11.0
3229,-1.499,-0.495,0.000,-177.384,1.996,-0.086,11.0
3230,-1.499,-0.495,0.000,-177.377,1.996,-0.086,11.0
3231,-1.499,-0.495,0.000,-177.371,1.996,-0.086,11.0
3232,-1.499,-0.495,0.000,-177.365,1.996,-0.086,11.0
3233,-1.499,-0.495,0.000,-177.359,1.996,-0.086,11.0
3234,-1.499,-0.495,0.000,-177.352,1.996,-0.087,11.0
3235,-1.499,-0.495,0.000,-177.346,1.996,-0.087,11.0
3236,-1.499,-0.495,0.000,-177.340,1.996,-0.087,11.0
3237,-1.499,-0.495,0.000,-177.333,1.996,-0.087,11.0
3238,-1.499,-0.495,0.000,-177.327,1.996,-0.088,11.0
3239,-1.499,-0.495,0.000,-177.321,1.996,-0.088,11.0
3240,-1.499,-0.495,0.000,-177.314,1.996,-0.088,11.0
3241,-1.499,-0.495,0.000,-177.308,1.996,-0.088,11.0
3242,-1.499,-0.495,0.000,-177.302,1.996,-0.088,11.0
3243,-1.499,-0.495,0.000,-177.296,1.996,-0.089,11.0
3244,-1.499,-0.495,0.000,-177.289,1.996,-0.089,11.0
3245,-1.499,-0.495,0.000,-177.283,1.996,-0.089,11.0
3246,-1.499,-0.495,0.000,-177.277,1.996,-0.089,11.0
3247,-1.499,-0.495,0.000,-177.270,1.996,-0.090,11.0
3248,-1.499,-0.495,0.000,-177.264,1.996,-0.090,11.0
3249,-1.499,-0.495,0.000,-177.258,1.996,-0.090,11.0
3250,-1.499,-0.495,0.000,-177.251,1.996,-0.090,11.0
3251,-1.499,-0.495,0.000,-177.245,1.996,-0.090,11.0
3252,-1.499,-0.495,0.000,-177.239,1.996,-0.091,11.0
3253,-1.500,-0.495,0.000,-177.232,1.996,-0.091,11.0
3254,-1.500,-0.495,0.000,-177.226,1.996,-0.091,11.0
3255,-1.500,-0.495,0.000,-177.220,1.996,-0.091,11.0
3256,-1.500,-0.495,0.000,-177.213,1.996,-0.092,11.0
3257,-1.500,-0.495,0.000,-177.207,1.996,-0.092,11.0
3258,-1.500,-0.495,0.000,-177.200,1.996,-0.092,11.0
3259,-1.500,-0.495,0.000,-177.194,1.996,-0.092,11.0
3260,-1.500,-0.495,0.000,-177.188,1.996,-0.092,11.0
3261,-1.500,-0.495,0.000,-177.181,1.996,-0.093,11.0
3262,-1.500,-0.495,0.000,-177.175,1.996,-0.093,11.0
3263,-1.500,-0.496,0.000,-177.168,1.996,-0.093,11.0
3264,-1.500,-0.496,0.000,-177.162,1.996,-0.093,11.0
3265,-1.500,-0.496,0.000,-177.155,1.996,-0.094,11.0
3266,-1.500,-0.496,0.000,-177.149,1.996,-0.094,11.0
3267,-1.500,-0.496,0.000,-177.142,1.996,-0.094,11.0
3268,-1.500,-0.496,0.000,-177.136,1.996,-0.094,11.0
3269,-1.500,-0.496,0.000,-177.129,1.996,-0.094,11.0
3270,-1.500,-0.496,0.000,-177.123,1.996,-0.095,11.0
3271,-1.500,-0.496,0.000,-177.116,1.996,-0.095,11.0
3272,-1.500,-0.496,0.000,-177.110,1.996,-0.095,11.0
3273,-1.500,-0.496,0.000,-177.103,1.996,-0.095,11.0
3274,-1.500,-0.496,0.000,-177.097,1.995,-0.096,11.0
3275,-1.500,-0.496,0.000,-177.090,1.995,-0.096,11.0
3276,-1.500,-0.496,0.000,-177.083,1.995,-0.096,11.0
3277,-1.500,-0.496,0.000,-177.077,1.995,-0.096,11.0
3278,-1.500,-0.496,0.000,-177.070,1.995,-0.097,11.0
3279,-1.500,-0.496,0.000,-177.064,1.995,-0.097,11.0
3280,-1.500,-0.496,0.000,-177.057,1.995,-0.097,11.0
3281,-1.500,-0.496,0.000,-177.050,1.995,-0.097,11.0
3282,-1.500,-0.496,0.000,-177.044,1.995,-0.097,11.0
3283,-1.500,-0.496,0.000,-177.037,1.995,-0.098,11.0
3284,-1.500,-0.496,0.000,-177.030,1.995,-0.098,11.0
3285,-1.500,-0.496,0.000,-177.023,1.995,-0.098,11.0
3286,-1.500,-0.496,0.000,-177.017,1.995,-0.098,11.0
3287,-1.500,-0.496,0.000,-177.010,1.995,-0.099,11.0
3288,-1.500,-0.496,0.000,-177.003,1.995,-0.099,11.0
3289,-1.500,-0.496,0.000,-176.996,1.995,-0.099,11.0
3290,-1.500,-0.496,0.000,-176.990,1.995,-0.099,11.0
3291,-1.500,-0.496,0.000,-176.983,1.995,-0.100,11.0
3292,-1.500,-0.496,0.000,-176.976,1.995,-0.100,11.0
3293,-1.500,-0.496,0.000,-176.969,1.995,-0.100,11.0
3294,-1.500,-0.496,0.000,-176.962,1.995,-0.100,11.0
3295,-1.500,-0.496,0.000,-176.955,1.995,-0.101,11.0
3296,-1.500,-0.496,0.000,-176.948,1.995,-0.101,11.0
3297,-1.500,-0.496,0.000,-176.941,1.995,-0.101,11.0
3298,-1.500,-0.496,0.000,-176.934,1.995,-0.101,11.0
3299,-1.500,-0.496,0.000,-176.928,1.995,-0.101,11.0
3300,-1.500,-0.496,0.000,-176.921,1.995,-0.102,11.0
3301,-1.500,-0.496,0.000,-176.914,1.995,-0.102,11.0
3302,-1.500,-0.496,0.000,-176.907,1.995,-0.102,11.0
3303,-1.500,-0.496,0.000,-176.899,1.995,-0.102,11.0
3304,-1.500,-0.496,0.000,-176.892,1.995,-0.103,11.0
3305,-1.500,-0.496,0.000,-176.885,1.995,-0.103,11.0
3306,-1.500,-0.496,0.000,-176.878,1.995,-0.103,11.0
3307,-1.500,-0.496,0.000,-176.871,1.995,-0.103,11.0
3308,-1.500,-0.496,0.000,-176.864,1.995,-0.104,11.0
3309,-1.500,-0.496,0.000,-176.857,1.995,-0.104,11.0
3310,-1.500,-0.496,0.000,-176.850,1.995,-0.104,11.0
3311,-1.500,-0.496,0.000,-176.843,1.995,-0.104,11.0
3312,-1.500,-0.496,0.000,-176.835,1.995,-0.105,11.0
3313,-1.500,-0.496,0.000,-176.828,1.995,-0.105,11.0
3314,-1.500,-0.496,0.000,-176.821,1.995,-0.105,11.0
3315,-1.500,-0.496,0.000,-176.814,1.995,-0.105,11.0
3316,-1.500,-0.496,0.000,-176.806,1.995,-0.106,11.0
3317,-1.500,-0.496,0.000,-176.799,1.995,-0.106,11.0
3318,-1.500,-0.496,0.000,-176.792,1.995,-0.106,11.0
3319,-1.500,-0.496,0.000,-176.784,1.995,-0.106,11.0
3320,-1.500,-0.496,0.000,-176.777,1.995,-0.107,11.0
3321,-1.500,-0.496,0.000,-176.770,1.995,-0.107,11.0
3322,-1.500,-0.496,0.000,-176.762,1.995,-0.107,11.0
3323,-1.500,-0.496,0.000,-176.755,1.995,-0.107,11.0
3324,-1.500,-0.496,0.000,-176.747,1.995,-0.108,11.0
3325,-1.500,-0.496,0.000,-176.740,1.995,-0.108,11.0
3326,-1.500,-0.496,0.000,-176.733,1.995,-0.108,11.0
3327,-1.500,-0.496,0.000,-176.725,1.995,-0.109,11.0
3328,-1.500,-0.496,0.000,-176.718,1.995,-0.109,11.0
3329,-1.500,-0.496,0.000,-176.710,1.995,-0.109,11.0
3330,-1.500,-0.496,0.000,-176.702,1.995,-0.109,11.0
3331,-1.500,-0.496,0.000,-176.695,1.995,-0.110,11.0
3332,-1.500,-0.496,0.000,-176.687,1.995,-0.110,11.0
3333,-1.500,-0.496,0.000,-176.680,1.995,-0.110,11.0
3334,-1.500,-0.496,0.000,-176.672,1.995,-0.110,11.0
3335,-1.500,-0.496,0.000,-176.664,1.995,-0.111,11.0
3336,-1.500,-0.496,0.000,-176.657,1.995,-0.111,11.0
3337,-1.500,-0.496,0.000,-176.649,1.995,-0.111,11.0
3338,-1.500,-0.496,0.000,-176.641,1.995,-0.111,11.0
3339,-1.500,-0.496,0.000,-176.634,1.995,-0.112,11.0
3340,-1.500,-0.496,0.000,-176.626,1.995,-0.112,11.0
3341,-1.500,-0.496,0.000,-176.618,1.995,-0.112,11.0
3342,-1.500,-0.496,0.000,-176.610,1.995,-0.113,11.0
3343,-1.500,-0.496,0.000,-176.602,1.995,-0.113,11.0
3344,-1.500,-0.496,0.000,-176.595,1.995,-0.113,11.0
3345,-1.500,-0.496,0.000,-176.587,1.995,-0.113,11.0
3346,-1.500,-0.496,0.000,-176.579,1.995,-0.114,11.0
3347,-1.500,-0.496,0.000,-176.571,1.995,-0.114,11.0
3348,-1.500,-0.496,0.000,-176.563,1.995,-0.114,11.0
3349,-1.500,-0.496,0.000,-176.555,1.995,-0.114,11.0
3350,-1.500,-0.496,0.000,-176.547,1.994,-0.115,11.0
3351,-1.500,-0.496,0.000,-176.539,1.994,-0.115,11.0
3352,-1.500,-0.496,0.000,-176.531,1.994,-0.115,11.0
3353,-1.500,-0.496,0.000,-176.523,1.994,-0.116,11.0
3354,-1.500,-0.496,0.000,-176.515,1.994,-0.116,11.0
3355,-1.500,-0.496,0.000,-176.507,1.994,-0.116,11.0
3356,-1.500,-0.496,0.000,-176.499,1.994,-0.116,11.0
3357,-1.500,-0.496,0.000,-176.491,1.994,-0.117,11.0
3358,-1.500,-0.496,0.000,-176.483,1.994,-0.117,11.0
3359,-1.500,-0.496,0.000,-176.475,1.994,-0.117,11.0
3360,-1.500,-0.496,0.000,-176.466,1.994,-0.118,11.0
3361,-1.500,-0.496,0.000,-176.458,1.994,-0.118,11.0
3362,-1.500,-0.496,0.000,-176.450,1.994,-0.118,11.0
3363,-1.500,-0.496,0.000,-176.442,1.994,-0.118,11.0
3364,-1.500,-0.496,0.000,-176.433,1.994,-0.119,11.0
3365,-1.500,-0.496,0.000,-176.425,1.994,-0.119,11.0
3366,-1.500,-0.496,0.000,-176.417,1.994,-0.119,11.0
3367,-1.500,-0.496,0.000,-176.409,1.994,-0.120,11.0
3368,-1.500,-0.496,0.000,-176.400,1.994,-0.120,11.0
3369,-1.500,-0.496,0.000,-176.392,1.994,-0.120,11.0
3370,-1.500,-0.496,0.000,-176.383,1.994,-0.120,11.0
3371,-1.500,-0.496,0.000,-176.375,1.994,-0.121,11.0
3372,-1.500,-0.496,0.000,-176.367,1.994,-0.121,11.0
3373,-1.500,-0.496,0.000,-176.358,1.994,-0.121,11.0
3374,-1.500,-0.496,0.000,-176.350,1.994,-0.122,11.0
3375,-1.500,-0.496,0.000,-176.341,1.994,-0.122,11.0
3376,-1.500,-0.496,0.000,-176.333,1.994,-0.122,11.0
3377,-1.500,-0.496,0.000,-176.324,1.994,-0.122,11.0
3378,-1.500,-0.496,0.000,-176.315,1.994,-0.123,11.0
3379,-1.500,-0.496,0.000,-176.307,1.994,-0.123,11.0
3380,-1.500,-0.496,0.000,-176.298,1.994,-0.123,11.0
3381,-1.500,-0.496,0.000,-176.289,1.994,-0.124,11.0
3382,-1.500,-0.496,0.000,-176.281,1.994,-0.124,11.0
3383,-1.500,-0.496,0.000,-176.272,1.994,-0.124,11.0
3384,-1.500,-0.496,0.000,-176.263,1.994,-0.125,11.0
3385,-1.500,-0.496,0.000,-176.255,1.994,-0.125,11.0
3386,-1.500,-0.496,0.000,-176.246,1.994,-0.125,11.0
3387,-1.500,-0.496,0.000,-176.237,1.994,-0.126,11.0
3388,-1.500,-0.496,0.000,-176.228,1.994,-0.126,11.0
3389,-1.500,-0.496,0.000,-176.219,1.994,-0.126,11.0
3390,-1.500,-0.496,0.000,-176.211,1.994,-0.126,11.0
3391,-1.500,-0.496,0.000,-176.202,1.994,-0.127,11.0
3392,-1.500,-0.496,0.000,-176.193,1.994,-0.127,11.0
3393,-1.500,-0.496,0.000,-176.184,1.994,-0.127,11.0
3394,-1.500,-0.496,0.000,-176.175,1.994,-0.128,11.0
3395,-1.500,-0.496,0.000,-176.166,1.994,-0.128,11.0
3396,-1.500,-0.496,0.000,-176.157,1.994,-0.128,11.0
3397,-1.500,-0.496,0.000,-176.148,1.994,-0.129,11.0
3398,-1.500,-0.496,0.000,-176.139,1.994,-0.129,11.0
3399,-1.500,-0.496,0.000,-176.130,1.994,-0.129,11.0
3400,-1.500,-0.496,0.000,-176.121,1.994,-0.130,11.0
3401,-1.500,-0.496,0.000,-176.112,1.994,-0.130,11.0
3402,-1.500,-0.496,0.000,-176.103,1.994,-0.130,11.0
3403,-1.500,-0.496,0.000,-176.094,1.994,-0.130,11.0
3404,-1.500,-0.496,0.000,-176.085,1.993,-0.131,11.0
3405,-1.500,-0.496,0.000,-176.075,1.993,-0.131,11.0
3406,-1.500,-0.496,0.000,-176.066,1.993,-0.131,11.0
3407,-1.500,-0.496,0.000,-176.057,1.993,-0.132,11.0
3408,-1.500,-0.496,0.000,-176.048,1.993,-0.132,11.0
3409,-1.500,-0.496,0.000,-176.039,1.993,-0.132,11.0
3410,-1.500,-0.496,0.000,-176.029,1.993,-0.133,11.0
3411,-1.500,-0.496,0.000,-176.020,1.993,-0.133,11.0
3412,-1.500,-0.496,0.000,-176.011,1.993,-0.133,11.0
3413,-1.500,-0.496,0.000,-176.001,1.993,-0.134,11.0
3414,-1.500,-0.496,0.000,-175.992,1.993,-0.134,11.0
3415,-1.500,-0.496,0.000,-175.983,1.993,-0.134,11.0
3416,-1.500,-0.496,0.000,-175.973,1.993,-0.135,11.0
3417,-1.500,-0.496,0.000,-175.964,1.993,-0.135,11.0
3418,-1.500,-0.496,0.000,-175.955,1.993,-0.135,11.0
3419,-1.500,-0.496,0.000,-175.945,1.993,-0.136,11.0
3420,-1.500,-0.496,0.000,-175.936,1.993,-0.136,11.0
3421,-1.500,-0.496,0.000,-175.926,1.993,-0.136,11.0
3422,-1.500,-0.496,0.000,-175.917,1.993,-0.137,11.0
3423,-1.500,-0.496,0.000,-175.907,1.993,-0.137,11.0
3424,-1.500,-0.496,0.000,-175.898,1.993,-0.137,11.0
3425,-1.500,-0.496,0.000,-175.888,1.993,-0.138,11.0
3426,-1.500,-0.496,0.000,-175.879,1.993,-0.138,11.0
3427,-1.500,-0.496,0.000,-175.869,1.993,-0.138,11.0
3428,-1.500,-0.496,0.000,-175.859,1.993,-0.139,11.0
3429,-1.500,-0.496,0.000,-175.850,1.993,-0.139,11.0
3430,-1.500,-0.496,0.000,-175.840,1.993,-0.139,11.0
3431,-1.500,-0.496,0.000,-175.831,1.993,-0.140,11.0
3432,-1.500,-0.496,0.000,-175.821,1.993,-0.140,11.0
3433,-1.500,-0.496,0.000,-175.811,1.993,-0.140,11.0
3434,-1.500,-0.496,0.000,-175.802,1.993,-0.141,11.0
3435,-1.500,-0.496,0.000,-175.792,1.993,-0.141,11.0
3436,-1.500,-0.496,0.000,-175.782,1.993,-0.141,11.0
3437,-1.500,-0.496,0.000,-175.772,1.993,-0.142,11.0
3438,-1.500,-0.496,0.000,-175.763,1.993,-0.142,11.0
3439,-1.500,-0.496,0.000,-175.753,1.993,-0.142,11.0
3440,-1.500,-0.496,0.000,-175.743,1.993,-0.143,11.0
3441,-1.500,-0.496,0.000,-175.733,1.993,-0.143,11.0
3442,-1.500,-0.496,0.000,-175.723,1.993,-0.143,11.0
3443,-1.500,-0.496,0.000,-175.714,1.993,-0.144,11.0
3444,-1.500,-0.496,0.000,-175.704,1.993,-0.144,11.0
3445,-1.500,-0.496,0.000,-175.694,1.993,-0.144,11.0
3446,-1.500,-0.496,0.000,-175.684,1.993,-0.145,11.0
3447,-1.500,-0.497,0.000,-175.674,1.993,-0.145,11.0
3448,-1.500,-0.497,0.000,-175.664,1.992,-0.145,11.0
3449,-1.500,-0.497,0.000,-175.654,1.992,-0.146,11.0
3450,-1.500,-0.497,0.000,-175.644,1.992,-0.146,11.0
3451,-1.500,-0.497,0.000,-175.634,1.992,-0.146,11.0
3452,-1.500,-0.497,0.000,-175.624,1.992,-0.147,11.0
3453,-1.500,-0.497,0.000,-175.614,1.992,-0.147,11.0
3454,-1.500,-0.497,0.000,-175.604,1.992,-0.148,11.0
3455,-1.500,-0.497,0.000,-175.594,1.992,-0.148,11.0
3456,-1.500,-0.497,0.000,-175.584,1.992,-0.148,11.0
3457,-1.500,-0.497,0.000,-175.574,1.992,-0.149,11.0
3458,-1.500,-0.497,0.000,-175.564,1.992,-0.149,11.0
3459,-1.500,-0.497,0.000,-175.554,1.992,-0.149,11.0
3460,-1.500,-0.497,0.000,-175.544,1.992,-0.150,11.0
3461,-1.501,-0.497,0.000,-175.534,1.992,-0.150,11.0
3462,-1.501,-0.497,0.000,-175.524,1.992,-0.150,11.0
3463,-1.501,-0.497,0.000,-175.514,1.992,-0.151,11.0
3464,-1.501,-0.497,0.000,-175.504,1.992,-0.151,11.0
3465,-1.501,-0.497,0.000,-175.493,1.992,-0.151,11.0
3466,-1.501,-0.497,0.000,-175.483,1.992,-0.152,11.0
3467,-1.501,-0.497,0.000,-175.473,1.992,-0.152,11.0
3468,-1.501,-0.497,0.000,-175.463,1.992,-0.152,11.0
3469,-1.501,-0.497,0.000,-175.453,1.992,-0.153,11.0
3470,-1.501,-0.497,0.000,-175.443,1.992,-0.153,11.0
3471,-1.501,-0.497,0.000,-175.432,1.992,-0.153,11.0
3472,-1.501,-0.497,0.000,-175.422,1.992,-0.154,11.0
3473,-1.501,-0.497,0.000,-175.412,1.992,-0.154,11.0
3474,-1.501,-0.497,0.000,-175.402,1.992,-0.155,11.0
3475,-1.501,-0.497,0.000,-175.391,1.992,-0.155,11.0
3476,-1.501,-0.497,0.000,-175.381,1.992,-0.155,11.0
3477,-1.501,-0.497,0.000,-175.371,1.992,-0.156,11.0
3478,-1.501,-0.497,0.000,-175.360,1.992,-0.156,11.0
3479,-1.501,-0.497,0.000,-175.350,1.992,-0.156,11.0
3480,-1.501,-0.497,0.000,-175.340,1.992,-0.157,11.0
3481,-1.501,-0.497,0.000,-175.330,1.992,-0.157,11.0
3482,-1.501,-0.497,0.000,-175.319,1.992,-0.157,11.0
3483,-1.501,-0.497,0.000,-175.309,1.992,-0.158,11.0
3484,-1.501,-0.497,0.000,-175.298,1.992,-0.158,11.0
3485,-1.501,-0.497,0.000,-175.288,1.991,-0.159,11.0
3486,-1.501,-0.497,0.000,-175.278,1.991,-0.159,11.0
3487,-1.501,-0.497,0.000,-175.267,1.991,-0.159,11.0
3488,-1.501,-0.497,0.000,-175.257,1.991,-0.160,11.0
3489,-1.501,-0.497,0.000,-175.247,1.991,-0.160,11.0
3490,-1.501,-0.497,0.000,-175.236,1.991,-0.160,11.0
3491,-1.501,-0.497,0.000,-175.226,1.991,-0.161,11.0
3492,-1.501,-0.497,0.000,-175.215,1.991,-0.161,11.0
3493,-1.501,-0.497,0.000,-175.205,1.991,-0.161,11.0
3494,-1.501,-0.497,0.000,-175.194,1.991,-0.162,11.0
3495,-1.501,-0.497,0.000,-175.184,1.991,-0.162,11.0
3496,-1.501,-0.497,0.000,-175.173,1.991,-0.162,11.0
3497,-1.501,-0.497,0.000,-175.163,1.991,-0.163,11.0
3498,-1.501,-0.497,0.000,-175.152,1.991,-0.163,11.0
3499,-1.501,-0.497,0.000,-175.142,1.991,-0.164,11.0
3500,-1.501,-0.497,0.000,-175.131,1.991,-0.164,11.0
