1,0.746,0.408,0.153,0.000,0.000,0.000,1
2,0.746,0.408,0.473,0.000,0.000,0.000,1
3,0.746,0.408,0.808,0.000,0.000,0.000,1
4,0.746,0.408,1.088,0.000,0.000,0.000,1
5,0.746,0.408,1.290,0.000,0.000,0.000,-1
6,0.746,0.408,1.420,0.000,0.000,0.000,-1
7,0.746,0.409,1.493,-0.000,-0.071,-0.168,2.0
8,0.746,0.409,1.522,-0.000,-0.115,-0.272,2.0
9,0.745,0.411,1.534,0.002,-0.116,-0.276,2.0
10,0.744,0.414,1.533,0.047,-0.087,-0.204,2.0
11,0.743,0.417,1.527,0.132,-0.043,-0.096,2.0
12,0.741,0.421,1.519,0.232,0.054,0.352,2.0
13,0.740,0.423,1.512,0.326,0.120,0.645,2.0
14,0.739,0.424,1.506,0.398,0.269,0.818,2.0
15,0.739,0.422,1.507,0.509,0.339,0.752,2.0
16,0.740,0.417,1.507,0.447,0.297,0.336,2.0
17,0.742,0.411,1.508,0.310,0.190,-0.084,2.0
18,0.744,0.405,1.508,0.548,0.061,-0.054,2.0
19,0.747,0.400,1.508,0.781,-0.048,0.061,2.0
20,0.750,0.394,1.509,0.893,-0.134,0.109,-1
21,0.753,0.388,1.508,0.927,-0.184,0.072,-1
22,0.754,0.381,1.509,0.956,-0.460,-0.288,-1
23,0.755,0.375,1.509,0.945,-0.478,-0.217,-1
24,0.753,0.371,1.509,0.908,-0.353,-0.054,-1
25,0.751,0.366,1.509,0.781,-0.181,0.088,-1
26,0.747,0.361,1.509,0.702,0.008,0.129,-1
27,0.744,0.355,1.509,0.666,0.166,0.070,-1
28,0.741,0.350,1.509,0.574,0.398,-0.406,-1
29,0.740,0.346,1.509,0.527,0.508,-0.775,-1
30,0.740,0.344,1.509,0.514,0.468,-0.900,-1
31,0.742,0.345,1.509,0.640,0.081,-0.587,3.0
32,0.744,0.348,1.509,0.892,-0.270,-0.179,3.0
33,0.745,0.352,1.510,1.215,-0.457,0.156,3.0
34,0.745,0.356,1.510,1.476,-0.462,0.340,3.0
35,0.743,0.358,1.510,1.684,-0.331,0.360,3.0
36,0.740,0.360,1.510,1.683,-0.142,0.255,3.0
37,0.737,0.360,1.510,1.606,0.033,0.097,3.0
38,0.734,0.360,1.510,1.499,0.145,-0.051,3.0
39,0.731,0.360,1.510,1.401,0.178,-0.143,3.0
40,0.728,0.360,1.510,1.325,0.144,-0.168,3.0
41,0.727,0.362,1.504,1.253,0.074,-0.136,3.0
42,0.725,0.363,1.503,1.173,-0.000,-0.073,3.0
43,0.723,0.365,1.502,1.093,-0.053,-0.009,3.0
44,0.722,0.367,1.501,1.075,-0.074,0.038,3.0
45,0.720,0.369,1.500,1.065,-0.064,0.058,3.0
46,0.718,0.371,1.499,1.082,-0.036,0.052,3.0
47,0.715,0.372,1.498,1.124,-0.002,0.029,3.0
48,0.713,0.373,1.497,1.183,0.026,0.002,3.0
49,0.711,0.375,1.497,1.256,0.040,-0.020,3.0
50,0.709,0.376,1.496,1.336,0.041,-0.032,3.0
51,0.707,0.378,1.496,1.421,0.031,-0.032,3.0
52,0.705,0.379,1.495,1.506,0.017,-0.024,3.0
53,0.703,0.381,1.495,1.591,0.004,-0.013,3.0
54,0.701,0.383,1.494,1.664,-0.005,-0.003,3.0
55,0.699,0.385,1.494,1.741,-0.009,0.002,3.0
56,0.697,0.386,1.494,1.815,-0.008,0.004,3.0
57,0.695,0.388,1.493,1.847,-0.002,0.003,3.0
58,0.693,0.390,1.493,1.867,0.005,0.000,3.0
59,0.692,0.392,1.493,1.876,0.011,-0.003,3.0
60,0.690,0.393,1.492,1.877,0.015,-0.006,3.0
61,0.688,0.395,1.492,1.871,0.016,-0.008,3.0
62,0.686,0.397,1.492,1.861,0.014,-0.008,3.0
63,0.684,0.399,1.492,1.849,0.011,-0.007,3.0
64,0.683,0.401,1.492,1.834,0.008,-0.005,3.0
65,0.681,0.403,1.492,1.819,0.007,-0.003,3.0
66,0.679,0.405,1.491,1.803,0.006,-0.002,3.0
67,0.678,0.407,1.491,1.787,0.006,-0.002,3.0
68,0.676,0.409,1.491,1.774,0.007,-0.003,3.0
69,0.675,0.411,1.491,1.761,0.009,-0.004,3.0
70,0.673,0.413,1.491,1.761,0.009,-0.004,3.0
71,0.671,0.415,1.491,1.768,0.010,-0.005,3.0
72,0.670,0.417,1.491,1.784,0.009,-0.006,3.0
73,0.668,0.419,1.491,1.811,0.009,-0.009,3.0
74,0.667,0.421,1.491,1.850,0.008,-0.010,3.0
75,0.666,0.423,1.491,1.798,0.008,-0.007,3.0
76,0.664,0.425,1.491,1.731,0.008,-0.003,3.0
77,0.663,0.427,1.491,1.533,0.013,0.004,3.0
78,0.661,0.429,1.491,1.294,0.017,0.008,3.0
79,0.660,0.432,1.490,0.999,0.018,0.010,3.0
80,0.659,0.434,1.490,0.692,0.016,0.008,3.0
81,0.658,0.436,1.490,0.388,0.012,0.004,3.0
82,0.657,0.438,1.490,0.108,0.008,-0.001,3.0
83,0.656,0.440,1.490,-0.135,0.005,-0.005,3.0
84,0.655,0.442,1.490,-0.332,0.004,-0.007,3.0
85,0.653,0.444,1.490,-0.462,0.003,-0.007,3.0
86,0.652,0.446,1.490,-0.534,0.004,-0.006,3.0
87,0.651,0.449,1.490,-0.544,0.005,-0.004,3.0
88,0.650,0.451,1.490,-0.495,0.005,-0.003,3.0
89,0.649,0.453,1.490,-0.393,0.006,-0.002,3.0
90,0.648,0.455,1.490,-0.245,0.005,-0.001,3.0
91,0.647,0.458,1.490,-0.066,0.005,-0.001,3.0
92,0.646,0.460,1.490,0.136,0.007,-0.002,3.0
93,0.645,0.462,1.490,0.350,0.008,-0.003,3.0
94,0.645,0.464,1.490,0.566,0.008,-0.003,3.0
95,0.644,0.467,1.490,0.777,0.007,-0.004,3.0
96,0.643,0.469,1.490,1.008,0.005,-0.004,3.0
97,0.642,0.471,1.490,1.222,0.004,-0.004,3.0
98,0.641,0.474,1.490,1.436,0.003,-0.007,3.0
99,0.640,0.476,1.490,1.618,0.003,-0.008,3.0
100,0.639,0.478,1.490,1.764,0.004,-0.008,3.0
101,0.639,0.481,1.490,1.858,0.005,-0.006,3.0
102,0.638,0.483,1.490,1.900,0.007,-0.003,3.0
103,0.637,0.486,1.490,1.889,0.006,-0.001,3.0
104,0.636,0.488,1.490,1.826,0.005,0.000,3.0
105,0.636,0.491,1.490,1.716,0.005,-0.000,3.0
106,0.635,0.493,1.490,1.567,0.006,-0.001,3.0
107,0.634,0.496,1.490,1.387,0.006,-0.001,3.0
108,0.633,0.498,1.490,1.186,0.007,-0.001,3.0
109,0.633,0.501,1.490,0.973,0.007,-0.001,3.0
110,0.632,0.503,1.490,0.758,0.007,-0.001,3.0
111,0.632,0.506,1.490,0.550,0.007,-0.001,3.0
112,0.631,0.509,1.490,0.356,0.007,-0.001,3.0
113,0.630,0.511,1.490,0.184,0.007,-0.001,3.0
114,0.630,0.514,1.490,0.037,0.007,-0.001,3.0
115,0.629,0.516,1.490,-0.068,0.007,-0.001,3.0
116,0.629,0.519,1.490,-0.148,0.006,-0.001,3.0
117,0.628,0.521,1.490,-0.195,0.004,-0.002,3.0
118,0.628,0.524,1.490,-0.209,0.004,-0.002,3.0
119,0.627,0.527,1.490,-0.192,0.003,-0.002,3.0
120,0.627,0.529,1.490,-0.146,0.003,-0.001,3.0
121,0.626,0.532,1.490,-0.074,0.004,-0.001,3.0
122,0.626,0.535,1.490,0.022,0.004,-0.001,3.0
123,0.626,0.537,1.490,0.136,-0.130,0.153,3.0
124,0.625,0.539,1.490,0.264,-0.222,0.255,3.0
125,0.623,0.541,1.490,0.404,-0.239,0.269,3.0
126,0.621,0.541,1.490,0.563,-0.197,0.212,3.0
127,0.618,0.541,1.490,0.745,-0.123,0.116,3.0
128,0.614,0.540,1.490,0.942,-0.044,0.021,3.0
129,0.611,0.539,1.490,1.132,0.018,-0.048,3.0
130,0.607,0.538,1.490,1.300,0.053,-0.076,3.0
131,0.603,0.538,1.490,1.435,0.056,-0.066,3.0
132,0.600,0.538,1.490,1.526,0.040,-0.036,3.0
133,0.597,0.537,1.490,1.574,0.014,-0.003,3.0
134,0.594,0.537,1.490,1.585,-0.010,0.022,3.0
135,0.591,0.537,1.490,1.569,-0.024,0.030,3.0
136,0.587,0.537,1.490,1.525,-0.027,0.024,3.0
137,0.584,0.536,1.490,1.458,-0.021,0.009,3.0
138,0.581,0.536,1.490,1.369,-0.009,-0.008,3.0
139,0.577,0.536,1.490,1.266,0.004,-0.021,3.0
140,0.574,0.535,1.490,1.154,0.015,-0.028,3.0
141,0.570,0.535,1.490,1.039,0.020,-0.028,3.0
142,0.567,0.535,1.490,0.924,0.020,-0.023,3.0
143,0.564,0.535,1.490,0.815,0.016,-0.016,3.0
144,0.560,0.535,1.490,0.716,0.012,-0.011,3.0
145,0.557,0.535,1.490,0.628,0.161,-0.141,3.0
146,0.554,0.536,1.490,0.554,0.258,-0.225,3.0
147,0.553,0.537,1.490,0.501,0.268,-0.233,3.0
148,0.552,0.539,1.490,0.503,0.207,-0.179,3.0
149,0.551,0.542,1.490,0.558,0.111,-0.096,3.0
150,0.552,0.545,1.490,0.640,0.018,-0.015,3.0
151,0.552,0.548,1.490,0.721,-0.046,0.042,3.0
152,0.552,0.551,1.490,0.783,-0.230,0.191,3.0
153,0.551,0.553,1.490,0.818,-0.329,0.267,3.0
154,0.550,0.555,1.490,0.826,-0.319,0.251,3.0
155,0.547,0.556,1.490,0.767,-0.231,0.170,3.0
156,0.543,0.556,1.490,0.656,-0.111,0.065,3.0
157,0.539,0.555,1.490,0.527,-0.000,-0.026,3.0
158,0.535,0.555,1.490,0.411,0.075,-0.081,3.0
159,0.531,0.555,1.490,0.333,0.103,-0.094,3.0
160,0.528,0.556,1.490,0.303,0.090,-0.074,3.0
161,0.525,0.556,1.490,0.307,0.055,-0.038,3.0
162,0.522,0.557,1.490,0.334,0.014,-0.004,3.0
163,0.519,0.558,1.490,0.370,-0.017,0.019,3.0
164,0.516,0.559,1.490,0.406,-0.033,0.025,3.0
165,0.513,0.560,1.490,0.439,0.139,-0.090,3.0
166,0.510,0.561,1.490,0.470,0.262,-0.172,3.0
167,0.508,0.562,1.490,0.503,0.291,-0.191,3.0
168,0.507,0.564,1.490,0.554,0.239,-0.156,3.0
169,0.507,0.567,1.490,0.505,0.141,-0.090,3.0
170,0.508,0.570,1.490,0.428,0.039,-0.021,3.0
171,0.508,0.574,1.490,0.343,-0.038,0.030,3.0
172,0.509,0.577,1.490,0.266,-0.074,0.053,3.0
173,0.509,0.580,1.490,0.215,-0.251,0.149,3.0
174,0.509,0.582,1.490,0.194,-0.345,0.193,3.0
175,0.507,0.584,1.490,0.193,-0.327,0.174,3.0
176,0.504,0.585,1.490,0.253,-0.231,0.112,3.0
177,0.501,0.586,1.490,0.360,-0.105,0.037,3.0
178,0.497,0.587,1.490,0.485,0.009,-0.026,3.0
179,0.493,0.588,1.490,0.596,0.083,-0.063,3.0
180,0.489,0.589,1.491,0.617,0.109,-0.070,3.0
181,0.485,0.590,1.491,0.626,0.093,-0.054,3.0
182,0.482,0.591,1.491,0.603,0.056,-0.028,3.0
183,0.479,0.593,1.491,0.561,0.199,-0.085,3.0
184,0.477,0.594,1.491,0.507,0.287,-0.119,3.0
185,0.476,0.597,1.491,0.445,0.283,-0.117,3.0
186,0.475,0.599,1.491,0.354,0.210,-0.086,3.0
187,0.476,0.602,1.491,0.233,0.106,-0.043,3.0
188,0.477,0.605,1.491,0.100,0.010,-0.003,3.0
189,0.477,0.608,1.491,-0.025,-0.053,0.023,3.0
190,0.478,0.612,1.491,-0.123,-0.075,0.032,3.0
191,0.479,0.615,1.491,-0.186,-0.061,0.026,3.0
192,0.479,0.617,1.491,-0.224,-0.221,0.080,3.0
193,0.478,0.620,1.491,-0.241,-0.315,0.108,3.0
194,0.477,0.622,1.491,-0.244,-0.307,0.100,3.0
195,0.474,0.624,1.491,-0.203,-0.225,0.066,3.0
196,0.471,0.626,1.491,-0.122,-0.110,0.023,3.0
197,0.467,0.628,1.491,-0.025,-0.004,-0.015,3.0
198,0.463,0.629,1.491,0.065,0.069,-0.038,3.0
199,0.459,0.631,1.491,0.132,0.098,-0.044,3.0
200,0.456,0.633,1.491,0.163,0.090,-0.037,3.0
201,0.453,0.635,1.491,0.169,0.253,-0.071,3.0
202,0.451,0.637,1.491,0.155,0.339,-0.086,3.0
203,0.450,0.640,1.491,0.128,0.319,-0.075,3.0
204,0.450,0.643,1.491,0.054,0.223,-0.049,3.0
205,0.450,0.646,1.491,-0.058,0.099,-0.018,3.0
206,0.452,0.649,1.491,-0.181,-0.009,0.008,3.0
207,0.453,0.652,1.491,-0.290,-0.075,0.022,3.0
208,0.454,0.655,1.491,-0.369,-0.092,0.023,3.0
209,0.454,0.658,1.491,-0.412,-0.070,0.016,3.0
210,0.455,0.661,1.491,-0.430,-0.027,0.005,3.0
211,0.455,0.664,1.491,-0.430,0.015,-0.005,3.0
212,0.455,0.667,1.491,-0.420,-0.156,0.017,3.0
213,0.455,0.670,1.491,-0.403,-0.279,0.032,3.0
214,0.454,0.673,1.491,-0.382,-0.303,0.034,3.0
215,0.452,0.676,1.491,-0.336,-0.244,0.023,3.0
216,0.449,0.678,1.491,-0.212,0.068,-0.011,3.0
217,0.446,0.681,1.491,-0.061,0.313,-0.036,3.0
218,0.445,0.684,1.491,0.101,0.426,-0.060,2.0
219,0.444,0.687,1.491,0.243,0.391,-0.064,2.0
220,0.445,0.690,1.491,0.391,0.257,-0.049,2.0
221,0.447,0.694,1.491,0.547,0.089,-0.025,2.0
222,0.449,0.697,1.491,0.638,-0.117,0.169,1
223,0.451,0.700,1.491,0.717,-0.240,0.297,1
224,0.452,0.702,1.491,0.790,-0.258,0.315,1
225,0.452,0.703,1.491,0.856,-0.193,0.245,1
226,0.452,0.703,1.491,0.916,-0.089,0.130,1
227,0.451,0.703,1.491,0.971,0.012,0.016,1
228,0.451,0.702,1.491,1.020,0.079,-0.063,1
229,0.450,0.702,1.491,1.066,0.103,-0.095,1
230,0.450,0.702,1.491,1.107,0.087,-0.084,1
231,0.450,0.702,1.491,1.144,0.048,-0.047,1
232,0.450,0.702,1.491,1.179,0.005,-0.002,1
233,0.451,0.703,1.491,1.210,-0.028,0.033,1
234,0.451,0.703,1.491,1.238,-0.043,0.050,1
235,0.451,0.704,1.491,1.263,-0.041,0.048,1
236,0.451,0.704,1.491,1.270,-0.029,0.035,-1
237,0.451,0.704,1.491,1.267,-0.011,0.017,-1
238,0.451,0.703,1.491,1.022,0.075,0.419,-1
239,0.451,0.702,1.491,0.871,0.130,0.680,-1
240,0.452,0.698,1.491,0.807,0.137,0.689,-1
241,0.453,0.692,1.491,0.531,0.032,0.367,-1
242,0.454,0.685,1.491,0.180,-0.067,0.012,-1
243,0.455,0.677,1.491,-0.209,-0.121,-0.242,-1
244,0.455,0.670,1.491,-0.388,-0.132,-0.417,-1
245,0.456,0.665,1.491,-0.427,-0.110,-0.490,-1
246,0.456,0.661,1.491,-0.608,0.083,-0.529,2.0
247,0.456,0.659,1.491,-0.620,0.226,-0.435,2.0
248,0.457,0.658,1.491,-0.573,0.271,-0.260,2.0
249,0.458,0.658,1.491,-0.480,0.230,-0.076,2.0
250,0.461,0.659,1.491,-0.365,0.138,0.062,2.0
251,0.464,0.660,1.491,-0.252,0.037,0.128,2.0
252,0.467,0.660,1.491,-0.157,-0.041,0.127,2.0
253,0.470,0.659,1.491,-0.080,-0.081,0.080,2.0
254,0.473,0.659,1.491,-0.073,-0.083,0.017,2.0
255,0.476,0.658,1.491,-0.084,-0.058,-0.038,2.0
256,0.478,0.658,1.491,-0.107,-0.240,-0.040,2.0
257,0.480,0.657,1.492,-0.100,-0.263,-0.051,1
258,0.480,0.657,1.492,-0.091,-0.201,-0.049,1
259,0.480,0.657,1.492,-0.083,-0.103,-0.034,1
260,0.480,0.657,1.492,-0.081,-0.009,-0.015,-1
261,0.480,0.657,1.492,-0.082,0.060,0.002,-1
262,0.479,0.657,1.492,-0.207,-0.122,-0.140,3.0
263,0.478,0.658,1.492,-0.317,-0.270,-0.232,3.0
264,0.477,0.659,1.492,-0.395,-0.317,-0.241,3.0
265,0.474,0.661,1.492,-0.397,-0.267,-0.186,3.0
266,0.471,0.664,1.492,-0.331,-0.159,-0.101,3.0
267,0.467,0.667,1.492,-0.224,-0.041,-0.021,3.0
268,0.462,0.670,1.492,-0.103,0.052,0.032,3.0
269,0.458,0.674,1.492,0.002,0.105,0.051,3.0
270,0.454,0.677,1.492,0.076,0.132,0.035,2.0
271,0.451,0.680,1.492,0.142,0.122,0.005,2.0
272,0.448,0.683,1.492,0.210,0.086,-0.024,2.0
273,0.446,0.686,1.492,0.285,0.243,-0.039,2.0
274,0.444,0.689,1.492,0.365,0.334,-0.040,2.0
275,0.443,0.692,1.492,0.445,0.322,-0.029,2.0
276,0.443,0.695,1.492,0.565,0.222,0.329,2.0
277,0.444,0.698,1.492,0.538,0.097,0.568,2.0
278,0.446,0.698,1.492,0.464,-0.013,0.265,3.0
279,0.447,0.698,1.492,0.331,-0.081,-0.087,3.0
280,0.449,0.697,1.492,0.133,-0.101,-0.328,3.0
281,0.450,0.698,1.492,-0.034,-0.081,-0.411,3.0
282,0.450,0.700,1.492,-0.190,-0.039,-0.354,3.0
283,0.451,0.704,1.492,-0.428,-0.202,-0.226,3.0
284,0.451,0.708,1.492,-0.691,-0.309,-0.073,3.0
285,0.450,0.712,1.492,-0.948,-0.312,0.053,3.0
286,0.447,0.717,1.492,-1.189,-0.230,0.118,3.0
287,0.444,0.721,1.492,-1.421,-0.104,0.120,3.0
288,0.441,0.725,1.492,-1.492,0.213,0.104,3.0
289,0.438,0.728,1.492,-1.531,0.418,0.063,3.0
290,0.437,0.731,1.492,-1.541,0.455,0.015,3.0
291,0.437,0.734,1.492,-1.507,0.356,-0.024,3.0
292,0.438,0.737,1.492,-1.409,0.186,-0.045,3.0
293,0.440,0.740,1.492,-1.269,0.015,-0.046,3.0
294,0.442,0.743,1.492,-1.121,-0.105,-0.032,3.0
295,0.444,0.747,1.492,-0.986,-0.154,-0.012,3.0
296,0.445,0.750,1.492,-0.868,-0.137,0.006,3.0
297,0.446,0.753,1.492,-0.754,-0.079,0.018,3.0
298,0.447,0.757,1.492,-0.640,-0.010,0.021,3.0
299,0.447,0.760,1.492,-0.533,0.045,0.017,3.0
300,0.448,0.763,1.492,-0.483,0.072,0.009,3.0
301,0.449,0.767,1.492,-0.444,0.071,0.001,3.0
302,0.450,0.770,1.492,-0.429,0.050,-0.004,3.0
303,0.451,0.773,1.492,-0.434,0.020,-0.006,3.0
304,0.453,0.777,1.492,-0.456,-0.007,-0.006,3.0
305,0.454,0.780,1.492,-0.490,-0.024,-0.003,3.0
306,0.455,0.783,1.492,-0.534,-0.028,0.001,3.0
307,0.457,0.786,1.492,-0.584,-0.022,0.003,3.0
308,0.458,0.790,1.492,-0.638,-0.010,0.005,3.0
309,0.459,0.793,1.492,-0.694,0.001,0.005,3.0
310,0.460,0.796,1.492,-0.748,0.010,0.004,3.0
311,0.461,0.800,1.492,-0.797,0.013,0.002,3.0
312,0.462,0.803,1.492,-0.841,0.011,0.001,3.0
313,0.464,0.806,1.492,-0.877,0.007,0.000,3.0
314,0.465,0.810,1.492,-0.902,0.002,0.000,3.0
315,0.466,0.813,1.492,-0.919,-0.002,0.001,3.0
316,0.467,0.816,1.492,-0.927,-0.005,0.001,3.0
317,0.469,0.820,1.492,-0.927,-0.005,0.002,3.0
318,0.470,0.823,1.492,-0.919,-0.003,0.002,3.0
319,0.471,0.826,1.492,-0.904,-0.001,0.002,3.0
320,0.472,0.830,1.492,-0.883,0.001,0.002,3.0
321,0.473,0.833,1.492,-0.858,0.002,0.002,3.0
322,0.475,0.836,1.492,-0.830,0.002,0.002,3.0
323,0.476,0.840,1.492,-0.800,0.002,0.001,3.0
324,0.477,0.843,1.492,-0.770,0.001,0.001,3.0
325,0.478,0.846,1.492,-0.740,-0.000,0.001,3.0
326,0.480,0.850,1.492,-0.712,-0.001,0.001,3.0
327,0.481,0.853,1.492,-0.686,-0.001,0.001,3.0
328,0.482,0.856,1.492,-0.664,-0.001,0.002,3.0
329,0.483,0.860,1.492,-0.645,-0.001,0.002,3.0
330,0.485,0.863,1.492,-0.631,-0.000,0.002,3.0
331,0.486,0.866,1.492,-0.620,0.000,0.002,3.0
332,0.487,0.870,1.492,-0.613,0.000,0.002,3.0
333,0.488,0.873,1.492,-0.609,0.000,0.002,3.0
334,0.490,0.876,1.492,-0.608,0.000,0.002,3.0
335,0.491,0.880,1.492,-0.610,-0.000,0.002,3.0
336,0.492,0.883,1.492,-0.613,-0.000,0.002,3.0
337,0.493,0.886,1.492,-0.618,-0.000,0.002,3.0
338,0.495,0.890,1.492,-0.624,-0.000,0.002,3.0
339,0.496,0.893,1.492,-0.630,-0.000,0.002,3.0
340,0.497,0.896,1.492,-0.635,-0.000,0.002,3.0
341,0.499,0.900,1.492,-0.640,-0.000,0.002,3.0
342,0.500,0.903,1.492,-0.644,-0.000,0.002,3.0
343,0.501,0.906,1.492,-0.646,-0.000,0.002,3.0
344,0.502,0.910,1.492,-0.646,-0.000,0.002,3.0
345,0.504,0.913,1.492,-0.645,-0.000,0.002,3.0
346,0.505,0.916,1.492,-0.642,-0.000,0.002,3.0
347,0.506,0.920,1.492,-0.638,-0.000,0.002,3.0
348,0.508,0.923,1.492,-0.632,-0.000,0.002,3.0
349,0.509,0.926,1.492,-0.625,-0.000,0.002,3.0
350,0.510,0.930,1.492,-0.617,-0.000,0.002,3.0
351,0.511,0.933,1.492,-0.608,-0.000,0.002,3.0
352,0.513,0.936,1.492,-0.599,-0.000,0.002,3.0
353,0.514,0.940,1.492,-0.589,-0.000,0.002,3.0
354,0.515,0.943,1.492,-0.579,-0.000,0.002,3.0
355,0.517,0.946,1.492,-0.569,-0.000,0.002,3.0
356,0.518,0.950,1.492,-0.560,-0.000,0.002,3.0
357,0.519,0.953,1.492,-0.551,-0.000,0.002,3.0
358,0.520,0.956,1.492,-0.543,-0.000,0.002,3.0
359,0.522,0.960,1.492,-0.535,-0.000,0.002,3.0
360,0.523,0.963,1.492,-0.528,-0.000,0.002,3.0
361,0.524,0.966,1.492,-0.521,-0.000,0.002,3.0
362,0.526,0.970,1.492,-0.508,-0.001,0.001,3.0
363,0.527,0.973,1.492,-0.489,-0.001,0.001,3.0
364,0.528,0.976,1.492,-0.471,-0.002,0.002,3.0
365,0.530,0.980,1.492,-0.454,-0.002,0.002,3.0
366,0.531,0.983,1.492,-0.439,-0.001,0.002,3.0
367,0.532,0.986,1.492,-0.432,-0.000,0.002,3.0
368,0.533,0.990,1.492,-0.428,0.001,0.002,3.0
369,0.535,0.993,1.492,-0.427,0.001,0.002,3.0
370,0.536,0.997,1.492,-0.430,0.001,0.002,3.0
371,0.537,1.000,1.492,-0.436,-0.001,0.001,3.0
372,0.539,1.003,1.492,-0.445,-0.003,-0.000,3.0
373,0.540,1.007,1.492,-0.457,-0.004,-0.000,3.0
374,0.541,1.010,1.492,-0.460,-0.066,0.168,1
375,0.542,1.013,1.492,-0.463,-0.105,0.279,1
376,0.543,1.015,1.492,-0.465,-0.108,0.291,1
377,0.543,1.016,1.492,-0.467,-0.083,0.225,1
378,0.543,1.016,1.492,-0.469,-0.043,0.120,1
379,0.543,1.015,1.492,-0.471,-0.005,0.017,1
380,0.543,1.015,1.492,-0.473,0.021,-0.054,1
381,0.543,1.015,1.492,-0.474,0.031,-0.083,1
382,0.543,1.015,1.492,-0.476,0.027,-0.073,1
383,0.543,1.015,1.492,-0.477,0.014,-0.040,1
384,0.543,1.015,1.492,-0.478,-0.001,-0.000,1
385,0.544,1.016,1.492,-0.478,-0.013,0.035,-1
386,0.544,1.016,1.492,-0.478,-0.021,0.056,-1
387,0.544,1.016,1.492,-0.605,0.040,-0.121,3.0
388,0.544,1.017,1.492,-0.760,0.087,-0.251,3.0
389,0.544,1.018,1.492,-0.938,0.101,-0.285,3.0
390,0.545,1.021,1.492,-1.120,0.081,-0.237,3.0
391,0.546,1.024,1.492,-1.311,0.043,-0.142,3.0
392,0.548,1.027,1.492,-1.503,0.004,-0.039,3.0
393,0.549,1.031,1.492,-1.682,-0.023,0.041,3.0
394,0.550,1.035,1.492,-1.829,-0.032,0.080,3.0
395,0.552,1.039,1.492,-1.929,-0.025,0.081,3.0
396,0.553,1.042,1.492,-1.987,-0.008,0.053,3.0
397,0.554,1.045,1.492,-2.007,0.011,0.016,3.0
398,0.555,1.048,1.492,-1.997,0.024,-0.017,3.0
399,0.556,1.051,1.492,-1.844,0.027,-0.036,3.0
400,0.557,1.054,1.492,-1.641,0.023,-0.040,3.0
401,0.558,1.057,1.492,-1.400,0.014,-0.030,3.0
402,0.560,1.061,1.492,-1.141,0.005,-0.014,3.0
403,0.561,1.064,1.492,-0.879,-0.003,0.002,3.0
404,0.563,1.067,1.492,-0.625,-0.008,0.013,3.0
405,0.564,1.071,1.492,-0.391,-0.009,0.016,3.0
406,0.565,1.074,1.492,-0.184,-0.007,0.014,3.0
407,0.567,1.078,1.492,-0.009,-0.004,0.008,3.0
408,0.568,1.081,1.492,0.133,-0.000,0.002,3.0
409,0.569,1.084,1.492,0.235,0.002,-0.003,3.0
410,0.571,1.087,1.492,0.300,0.004,-0.005,3.0
411,0.572,1.091,1.492,0.337,0.003,-0.005,3.0
412,0.573,1.094,1.492,0.342,0.001,-0.003,3.0
413,0.575,1.098,1.492,0.321,-0.001,-0.000,3.0
414,0.576,1.101,1.492,0.275,-0.002,0.002,3.0
415,0.577,1.104,1.492,0.211,-0.003,0.004,3.0
416,0.579,1.108,1.492,0.134,-0.002,0.004,3.0
417,0.580,1.111,1.492,0.050,-0.001,0.004,3.0
418,0.581,1.114,1.492,-0.038,-0.000,0.003,3.0
419,0.583,1.118,1.492,-0.125,0.000,0.002,3.0
420,0.584,1.121,1.492,-0.206,0.001,0.001,3.0
421,0.586,1.125,1.492,-0.278,0.000,0.001,3.0
422,0.587,1.128,1.492,-0.340,-0.000,0.001,3.0
423,0.588,1.131,1.492,-0.389,-0.001,0.001,3.0
424,0.590,1.135,1.492,-0.425,-0.001,0.001,3.0
425,0.591,1.138,1.492,-0.447,-0.001,0.002,3.0
426,0.592,1.141,1.492,-0.456,-0.001,0.002,3.0
427,0.594,1.145,1.492,-0.453,-0.001,0.002,3.0
428,0.595,1.148,1.492,-0.439,-0.001,0.002,3.0
429,0.596,1.151,1.492,-0.416,-0.000,0.002,3.0
430,0.598,1.155,1.492,-0.387,-0.001,0.002,3.0
431,0.599,1.158,1.492,-0.353,-0.001,0.004,3.0
432,0.600,1.162,1.492,-0.315,-0.003,0.007,3.0
433,0.602,1.165,1.492,-0.277,-0.004,0.010,3.0
434,0.603,1.168,1.492,-0.240,-0.005,0.012,3.0
435,0.604,1.171,1.492,-0.204,-0.005,0.013,3.0
436,0.606,1.175,1.492,-0.172,-0.005,0.013,3.0
437,0.607,1.178,1.492,-0.143,-0.005,0.013,3.0
438,0.608,1.181,1.492,-0.118,-0.004,0.012,3.0
439,0.610,1.184,1.492,-0.103,-0.004,0.011,3.0
440,0.611,1.187,1.492,-0.092,-0.004,0.010,3.0
441,0.612,1.190,1.492,-0.086,-0.004,0.010,3.0
442,0.613,1.193,1.492,-0.084,-0.004,0.010,3.0
443,0.615,1.196,1.492,-0.087,-0.004,0.010,3.0
444,0.616,1.199,1.492,-0.092,-0.005,0.011,3.0
445,0.617,1.202,1.492,-0.100,-0.005,0.011,3.0
446,0.618,1.205,1.492,-0.110,-0.005,0.011,3.0
447,0.619,1.208,1.492,-0.121,-0.004,0.011,3.0
448,0.620,1.211,1.492,-0.132,-0.004,0.011,3.0
449,0.622,1.214,1.492,-0.143,-0.004,0.011,3.0
450,0.623,1.217,1.492,-0.153,-0.004,0.010,3.0
451,0.624,1.219,1.492,-0.163,-0.004,0.010,3.0
452,0.625,1.222,1.492,-0.172,-0.004,0.010,3.0
453,0.626,1.225,1.492,-0.174,-0.004,0.010,3.0
454,0.627,1.227,1.492,-0.175,-0.004,0.010,3.0
455,0.628,1.230,1.492,-0.173,-0.004,0.010,3.0
456,0.629,1.233,1.492,-0.170,-0.004,0.010,3.0
457,0.630,1.235,1.492,-0.164,-0.004,0.010,3.0
458,0.631,1.238,1.492,-0.158,-0.004,0.010,3.0
459,0.632,1.240,1.492,-0.150,-0.004,0.009,3.0
460,0.633,1.243,1.492,-0.142,-0.004,0.009,3.0
461,0.634,1.245,1.492,-0.133,-0.004,0.009,3.0
462,0.635,1.248,1.492,-0.124,-0.004,0.009,3.0
463,0.636,1.250,1.492,-0.115,-0.004,0.009,3.0
464,0.637,1.252,1.492,-0.107,-0.004,0.009,3.0
465,0.638,1.255,1.492,-0.099,-0.004,0.009,3.0
466,0.639,1.257,1.492,-0.091,-0.004,0.009,3.0
467,0.640,1.259,1.492,-0.088,-0.004,0.009,3.0
468,0.641,1.262,1.492,-0.086,-0.004,0.008,3.0
469,0.642,1.264,1.492,-0.086,-0.003,0.009,3.0
470,0.643,1.266,1.492,-0.086,-0.002,0.009,3.0
471,0.644,1.268,1.492,-0.028,-0.004,0.010,3.0
472,0.644,1.271,1.492,0.045,-0.006,0.010,3.0
473,0.645,1.273,1.492,0.128,-0.006,0.010,3.0
474,0.646,1.275,1.492,0.214,-0.006,0.009,3.0
475,0.647,1.277,1.492,0.299,-0.005,0.008,3.0
476,0.648,1.279,1.492,0.378,-0.004,0.008,3.0
477,0.649,1.281,1.492,0.449,-0.003,0.007,3.0
478,0.649,1.283,1.492,0.510,-0.003,0.007,3.0
479,0.650,1.285,1.492,0.560,-0.002,0.007,3.0
480,0.651,1.287,1.492,0.596,-0.002,0.007,3.0
481,0.652,1.289,1.492,0.621,-0.003,0.007,3.0
482,0.652,1.291,1.492,0.633,-0.003,0.008,3.0
483,0.653,1.293,1.492,0.635,-0.003,0.008,3.0
484,0.654,1.295,1.492,0.628,-0.003,0.007,3.0
485,0.655,1.297,1.492,0.613,-0.003,0.007,3.0
486,0.655,1.298,1.492,0.591,-0.003,0.007,3.0
487,0.656,1.300,1.492,0.566,-0.003,0.007,3.0
488,0.657,1.302,1.492,0.538,-0.003,0.006,3.0
489,0.657,1.304,1.492,0.510,-0.003,0.006,3.0
490,0.658,1.305,1.492,0.482,-0.003,0.006,3.0
491,0.659,1.307,1.492,0.456,-0.003,0.006,3.0
492,0.659,1.309,1.492,0.434,-0.003,0.006,3.0
493,0.660,1.311,1.492,0.414,-0.003,0.006,3.0
494,0.661,1.312,1.492,0.398,-0.003,0.006,3.0
495,0.661,1.314,1.492,0.388,-0.003,0.006,3.0
496,0.662,1.316,1.492,0.383,-0.003,0.006,3.0
497,0.663,1.317,1.492,0.382,-0.003,0.006,3.0
498,0.663,1.319,1.492,0.384,-0.003,0.006,3.0
499,0.664,1.321,1.492,0.390,-0.002,0.006,3.0
500,0.664,1.322,1.492,0.398,-0.002,0.006,3.0
501,0.665,1.324,1.492,0.408,-0.002,0.006,3.0
502,0.666,1.325,1.492,0.420,-0.002,0.006,3.0
503,0.666,1.327,1.492,0.431,-0.002,0.006,3.0
504,0.667,1.328,1.492,0.443,-0.002,0.006,3.0
505,0.667,1.330,1.492,0.454,-0.002,0.006,3.0
506,0.668,1.331,1.492,0.464,-0.002,0.005,3.0
507,0.668,1.333,1.492,0.473,-0.002,0.005,3.0
508,0.669,1.334,1.492,0.481,-0.002,0.005,3.0
509,0.669,1.336,1.492,0.485,-0.002,0.005,3.0
510,0.670,1.337,1.492,0.488,-0.002,0.005,3.0
511,0.671,1.338,1.492,0.489,-0.002,0.005,3.0
512,0.671,1.340,1.492,0.489,-0.002,0.005,3.0
513,0.672,1.341,1.492,0.487,-0.002,0.005,3.0
514,0.672,1.342,1.492,0.484,-0.002,0.005,3.0
515,0.673,1.344,1.492,0.481,-0.002,0.005,3.0
516,0.673,1.345,1.492,0.477,-0.002,0.005,3.0
517,0.674,1.346,1.492,0.472,-0.002,0.005,3.0
518,0.674,1.348,1.492,0.468,-0.002,0.005,3.0
519,0.675,1.349,1.492,0.463,-0.002,0.005,3.0
520,0.675,1.350,1.492,0.459,-0.002,0.005,3.0
521,0.675,1.352,1.492,0.454,-0.002,0.005,3.0
522,0.676,1.353,1.492,0.450,-0.002,0.005,3.0
523,0.676,1.354,1.492,0.446,-0.002,0.004,3.0
524,0.677,1.355,1.492,0.445,-0.002,0.004,3.0
525,0.677,1.356,1.492,0.444,-0.002,0.004,3.0
526,0.678,1.358,1.492,0.445,-0.002,0.004,3.0
527,0.678,1.359,1.492,0.445,-0.002,0.004,3.0
528,0.679,1.360,1.492,0.446,-0.002,0.004,3.0
529,0.679,1.361,1.492,0.448,-0.002,0.004,3.0
530,0.679,1.362,1.492,0.449,-0.002,0.004,3.0
531,0.680,1.363,1.492,0.451,-0.002,0.004,3.0
532,0.680,1.364,1.492,0.453,-0.002,0.004,3.0
533,0.681,1.366,1.492,0.452,-0.002,0.004,3.0
534,0.681,1.367,1.492,0.451,-0.002,0.004,3.0
535,0.682,1.368,1.492,0.450,-0.002,0.004,3.0
536,0.682,1.369,1.492,0.448,-0.002,0.004,3.0
537,0.682,1.370,1.492,0.446,-0.002,0.004,3.0
538,0.683,1.371,1.492,0.444,-0.001,0.004,3.0
539,0.683,1.372,1.492,0.441,-0.001,0.004,3.0
540,0.683,1.373,1.492,0.438,-0.001,0.004,3.0
541,0.684,1.374,1.492,0.435,-0.001,0.004,3.0
542,0.684,1.375,1.492,0.432,-0.001,0.004,3.0
543,0.685,1.376,1.492,0.429,-0.001,0.004,3.0
544,0.685,1.377,1.492,0.426,-0.001,0.004,3.0
545,0.685,1.378,1.492,0.423,-0.001,0.004,3.0
546,0.686,1.379,1.492,0.419,-0.001,0.003,3.0
547,0.686,1.380,1.492,0.416,-0.001,0.003,3.0
548,0.686,1.381,1.492,0.413,-0.001,0.003,3.0
549,0.687,1.382,1.492,0.410,-0.001,0.003,3.0
550,0.687,1.383,1.492,0.407,-0.001,0.003,3.0
551,0.687,1.383,1.492,0.406,-0.001,0.003,3.0
552,0.688,1.384,1.492,0.405,-0.001,0.003,3.0
553,0.688,1.385,1.492,0.405,-0.001,0.003,3.0
554,0.688,1.386,1.492,0.405,-0.001,0.003,3.0
555,0.689,1.387,1.492,0.403,-0.001,0.003,3.0
556,0.689,1.388,1.492,0.401,-0.001,0.003,3.0
557,0.689,1.389,1.492,0.399,-0.001,0.003,3.0
558,0.690,1.390,1.492,0.397,-0.001,0.003,3.0
559,0.690,1.390,1.492,0.394,-0.001,0.003,3.0
560,0.690,1.391,1.492,0.391,-0.001,0.003,3.0
561,0.690,1.392,1.492,0.389,-0.001,0.003,3.0
562,0.691,1.393,1.492,0.386,-0.001,0.003,3.0
563,0.691,1.394,1.492,0.383,-0.001,0.003,3.0
564,0.691,1.394,1.492,0.379,-0.001,0.003,3.0
565,0.692,1.395,1.492,0.376,-0.001,0.003,3.0
566,0.692,1.396,1.492,0.373,-0.001,0.003,3.0
567,0.692,1.397,1.492,0.370,-0.001,0.003,3.0
568,0.692,1.397,1.492,0.366,-0.001,0.003,3.0
569,0.693,1.398,1.492,0.363,-0.001,0.003,3.0
570,0.693,1.399,1.492,0.362,-0.001,0.003,3.0
571,0.693,1.400,1.492,0.359,-0.001,0.003,3.0
572,0.694,1.400,1.492,0.356,-0.001,0.003,3.0
573,0.694,1.401,1.492,0.353,-0.001,0.003,3.0
574,0.694,1.402,1.492,0.350,-0.001,0.003,3.0
575,0.694,1.402,1.492,0.347,-0.001,0.003,3.0
576,0.695,1.403,1.492,0.344,-0.001,0.003,3.0
577,0.695,1.404,1.492,0.341,-0.001,0.002,3.0
578,0.695,1.405,1.492,0.338,-0.001,0.002,3.0
579,0.695,1.405,1.492,0.335,-0.001,0.002,3.0
580,0.696,1.406,1.492,0.331,-0.001,0.002,3.0
581,0.696,1.407,1.492,0.328,-0.001,0.002,3.0
582,0.696,1.407,1.492,0.325,-0.001,0.002,3.0
583,0.696,1.408,1.492,0.322,-0.001,0.002,3.0
584,0.696,1.408,1.492,0.319,-0.001,0.002,3.0
585,0.697,1.409,1.492,0.315,-0.001,0.002,3.0
586,0.697,1.410,1.492,0.312,-0.001,0.002,3.0
587,0.697,1.410,1.492,0.309,-0.001,0.002,3.0
588,0.697,1.411,1.492,0.306,-0.001,0.002,3.0
589,0.698,1.411,1.492,0.303,-0.001,0.002,3.0
590,0.698,1.412,1.492,0.300,-0.001,0.002,3.0
591,0.698,1.413,1.492,0.297,-0.001,0.002,3.0
592,0.698,1.413,1.492,0.294,-0.001,0.002,3.0
593,0.698,1.414,1.492,0.291,-0.001,0.002,3.0
594,0.699,1.414,1.492,0.288,-0.001,0.002,3.0
595,0.699,1.415,1.492,0.286,-0.001,0.002,3.0
596,0.699,1.415,1.492,0.283,-0.001,0.002,3.0
597,0.699,1.416,1.492,0.280,-0.001,0.002,3.0
598,0.699,1.417,1.492,0.277,-0.001,0.002,3.0
599,0.700,1.417,1.492,0.274,-0.001,0.002,3.0
600,0.700,1.418,1.492,0.271,-0.001,0.002,3.0
601,0.700,1.418,1.492,0.268,-0.001,0.002,3.0
602,0.700,1.419,1.492,0.265,-0.001,0.002,3.0
603,0.700,1.419,1.492,0.262,-0.001,0.002,3.0
604,0.701,1.420,1.492,0.259,-0.001,0.002,3.0
605,0.701,1.420,1.492,0.256,-0.001,0.002,3.0
606,0.701,1.421,1.492,0.253,-0.001,0.002,3.0
607,0.701,1.421,1.492,0.250,-0.001,0.002,3.0
608,0.701,1.422,1.492,0.247,-0.001,0.002,3.0
609,0.702,1.422,1.492,0.244,-0.001,0.002,3.0
610,0.702,1.423,1.492,0.241,-0.001,0.002,3.0
611,0.702,1.423,1.492,0.238,-0.001,0.002,3.0
612,0.702,1.424,1.492,0.235,-0.001,0.002,3.0
613,0.702,1.424,1.492,0.232,-0.001,0.002,3.0
614,0.702,1.424,1.492,0.229,-0.001,0.002,3.0
615,0.703,1.425,1.492,0.226,-0.001,0.002,3.0
616,0.703,1.425,1.492,0.224,-0.001,0.002,3.0
617,0.703,1.426,1.492,0.221,-0.001,0.002,3.0
618,0.703,1.426,1.492,0.218,-0.001,0.002,3.0
619,0.703,1.427,1.492,0.215,-0.001,0.002,3.0
620,0.703,1.427,1.492,0.212,-0.001,0.002,3.0
621,0.704,1.428,1.492,0.209,-0.001,0.002,3.0
622,0.704,1.428,1.492,0.206,-0.001,0.002,3.0
623,0.704,1.428,1.492,0.203,-0.001,0.002,3.0
624,0.704,1.429,1.492,0.201,-0.001,0.001,3.0
625,0.704,1.429,1.492,0.198,-0.001,0.001,3.0
626,0.704,1.430,1.492,0.195,-0.001,0.001,3.0
627,0.705,1.430,1.492,0.192,-0.001,0.001,3.0
628,0.705,1.430,1.492,0.190,-0.000,0.001,3.0
629,0.705,1.431,1.492,0.187,-0.000,0.001,3.0
630,0.705,1.431,1.492,0.184,-0.000,0.001,3.0
631,0.705,1.432,1.492,0.182,-0.000,0.001,3.0
632,0.705,1.432,1.492,0.179,-0.000,0.001,3.0
633,0.705,1.432,1.492,0.176,-0.000,0.001,3.0
634,0.706,1.433,1.492,0.174,-0.000,0.001,3.0
635,0.706,1.433,1.492,0.171,-0.000,0.001,3.0
636,0.706,1.433,1.492,0.168,-0.000,0.001,3.0
637,0.706,1.434,1.492,0.166,-0.000,0.001,3.0
638,0.706,1.434,1.492,0.163,-0.000,0.001,3.0
639,0.706,1.434,1.492,0.161,-0.000,0.001,3.0
640,0.706,1.435,1.492,0.158,-0.000,0.001,3.0
641,0.707,1.435,1.492,0.155,-0.000,0.001,3.0
642,0.707,1.435,1.492,0.153,-0.000,0.001,3.0
643,0.707,1.436,1.492,0.150,-0.000,0.001,3.0
644,0.707,1.436,1.492,0.148,-0.000,0.001,3.0
645,0.707,1.436,1.492,0.145,-0.000,0.001,3.0
646,0.707,1.437,1.492,0.143,-0.000,0.001,3.0
647,0.707,1.437,1.492,0.140,-0.000,0.001,3.0
648,0.707,1.437,1.492,0.138,-0.000,0.001,3.0
649,0.708,1.438,1.492,0.136,-0.000,0.001,3.0
650,0.708,1.438,1.492,0.133,-0.000,0.001,3.0
651,0.708,1.438,1.492,0.131,-0.000,0.001,3.0
652,0.708,1.439,1.492,0.128,-0.000,0.001,3.0
653,0.708,1.439,1.492,0.126,-0.000,0.001,3.0
654,0.708,1.439,1.492,0.124,-0.000,0.001,3.0
655,0.708,1.439,1.492,0.121,-0.000,0.001,3.0
656,0.708,1.440,1.492,0.119,-0.000,0.001,3.0
657,0.708,1.440,1.492,0.117,-0.000,0.001,3.0
658,0.709,1.440,1.492,0.114,-0.000,0.001,3.0
659,0.709,1.441,1.492,0.112,-0.000,0.001,3.0
660,0.709,1.441,1.492,0.110,-0.000,0.001,3.0
661,0.709,1.441,1.492,0.108,-0.000,0.001,3.0
662,0.709,1.441,1.492,0.106,-0.000,0.001,3.0
663,0.709,1.442,1.492,0.103,-0.000,0.001,3.0
664,0.709,1.442,1.492,0.101,-0.000,0.001,3.0
665,0.709,1.442,1.492,0.099,-0.000,0.001,3.0
666,0.709,1.442,1.492,0.097,-0.000,0.001,3.0
667,0.710,1.443,1.492,0.095,-0.000,0.001,3.0
668,0.710,1.443,1.492,0.093,-0.000,0.001,3.0
669,0.710,1.443,1.492,0.091,-0.000,0.001,3.0
670,0.710,1.443,1.492,0.089,-0.000,0.001,3.0
671,0.710,1.444,1.492,0.087,-0.000,0.001,3.0
672,0.710,1.444,1.492,0.085,-0.000,0.001,3.0
673,0.710,1.444,1.492,0.083,-0.000,0.001,3.0
674,0.710,1.444,1.492,0.081,-0.000,0.001,3.0
675,0.710,1.445,1.492,0.079,-0.000,0.001,3.0
676,0.710,1.445,1.492,0.077,-0.000,0.001,3.0
677,0.711,1.445,1.492,0.075,-0.000,0.001,3.0
678,0.711,1.445,1.492,0.073,-0.000,0.001,3.0
679,0.711,1.446,1.492,0.071,-0.000,0.001,3.0
680,0.711,1.446,1.492,0.069,-0.000,0.001,3.0
681,0.711,1.446,1.492,0.067,-0.000,0.001,3.0
682,0.711,1.446,1.492,0.065,-0.000,0.001,3.0
683,0.711,1.446,1.492,0.063,-0.000,0.001,3.0
684,0.711,1.447,1.492,0.062,-0.000,0.001,3.0
685,0.711,1.447,1.492,0.060,-0.000,0.001,3.0
686,0.711,1.447,1.492,0.058,-0.000,0.001,3.0
687,0.711,1.447,1.492,0.056,-0.000,0.001,3.0
688,0.712,1.447,1.492,0.055,-0.000,0.001,3.0
689,0.712,1.448,1.492,0.053,-0.000,0.001,3.0
690,0.712,1.448,1.492,0.051,-0.000,0.001,3.0
691,0.712,1.448,1.492,0.049,-0.000,0.001,3.0
692,0.712,1.448,1.492,0.048,-0.000,0.001,3.0
693,0.712,1.448,1.492,0.046,-0.000,0.001,3.0
694,0.712,1.449,1.492,0.044,-0.000,0.001,3.0
695,0.712,1.449,1.492,0.043,-0.000,0.001,3.0
696,0.712,1.449,1.492,0.041,-0.000,0.001,3.0
697,0.712,1.449,1.492,0.040,-0.000,0.001,3.0
698,0.712,1.449,1.492,0.038,-0.000,0.001,3.0
699,0.712,1.450,1.492,0.036,-0.000,0.001,3.0
700,0.713,1.450,1.492,0.035,-0.000,0.001,3.0
701,0.713,1.450,1.492,0.033,-0.000,0.001,3.0
702,0.713,1.450,1.492,0.032,-0.000,0.001,3.0
703,0.713,1.450,1.492,0.030,-0.000,0.001,3.0
704,0.713,1.450,1.492,0.029,-0.000,0.001,3.0
705,0.713,1.451,1.492,0.027,-0.000,0.001,3.0
706,0.713,1.451,1.492,0.026,-0.000,0.001,3.0
707,0.713,1.451,1.492,0.025,-0.000,0.001,3.0
708,0.713,1.451,1.492,0.023,-0.000,0.001,3.0
709,0.713,1.451,1.492,0.022,-0.000,0.001,3.0
710,0.713,1.451,1.492,0.020,-0.000,0.001,3.0
711,0.713,1.452,1.492,0.019,-0.000,0.001,3.0
712,0.713,1.452,1.492,0.018,-0.000,0.001,3.0
713,0.713,1.452,1.492,0.016,-0.000,0.001,3.0
714,0.714,1.452,1.492,0.015,-0.000,0.001,3.0
715,0.714,1.452,1.492,0.014,-0.000,0.001,3.0
716,0.714,1.452,1.492,0.012,-0.000,0.001,3.0
717,0.714,1.452,1.492,0.011,-0.000,0.001,3.0
718,0.714,1.453,1.492,0.010,-0.000,0.001,3.0
719,0.714,1.453,1.492,0.009,-0.000,0.001,3.0
720,0.714,1.453,1.492,0.008,-0.000,0.001,3.0
721,0.714,1.453,1.492,0.006,-0.000,0.001,3.0
722,0.714,1.453,1.492,0.005,-0.000,0.001,3.0
723,0.714,1.453,1.492,0.004,-0.000,0.001,3.0
724,0.714,1.453,1.492,0.003,-0.000,0.001,3.0
725,0.714,1.454,1.492,0.002,-0.000,0.000,3.0
726,0.714,1.454,1.492,0.000,-0.000,0.000,3.0
727,0.714,1.454,1.492,-0.001,-0.000,0.000,3.0
728,0.714,1.454,1.492,-0.002,-0.000,0.000,3.0
729,0.714,1.454,1.492,-0.003,-0.000,0.000,3.0
730,0.715,1.454,1.492,-0.004,-0.000,0.000,3.0
731,0.715,1.454,1.492,-0.005,-0.000,0.000,3.0
732,0.715,1.454,1.492,-0.006,-0.000,0.000,3.0
733,0.715,1.455,1.492,-0.007,-0.000,0.000,3.0
734,0.715,1.455,1.492,-0.008,-0.000,0.000,3.0
735,0.715,1.455,1.492,-0.009,-0.000,0.000,3.0
736,0.715,1.455,1.492,-0.010,-0.000,0.000,3.0
737,0.715,1.455,1.492,-0.011,-0.000,0.000,3.0
738,0.715,1.455,1.492,-0.012,-0.000,0.000,3.0
739,0.715,1.455,1.492,-0.013,-0.000,0.000,3.0
740,0.715,1.455,1.492,-0.014,-0.000,0.000,3.0
741,0.715,1.455,1.492,-0.015,-0.000,0.000,3.0
742,0.715,1.456,1.492,-0.016,-0.000,0.000,3.0
743,0.715,1.456,1.492,-0.017,-0.000,0.000,3.0
744,0.715,1.456,1.492,-0.018,-0.000,0.000,3.0
745,0.715,1.456,1.492,-0.018,-0.000,0.000,3.0
746,0.715,1.456,1.492,-0.019,-0.000,0.000,3.0
747,0.715,1.456,1.492,-0.020,-0.000,0.000,3.0
748,0.716,1.456,1.492,-0.021,-0.000,0.000,3.0
749,0.716,1.456,1.492,-0.022,-0.000,0.000,3.0
750,0.716,1.456,1.492,-0.023,-0.000,0.000,3.0
751,0.716,1.457,1.492,-0.023,-0.000,0.000,3.0
752,0.716,1.457,1.492,-0.024,-0.000,0.000,3.0
753,0.716,1.457,1.492,-0.025,-0.000,0.000,3.0
754,0.716,1.457,1.492,-0.026,-0.000,0.000,3.0
755,0.716,1.457,1.492,-0.026,-0.000,0.000,3.0
756,0.716,1.457,1.492,-0.027,-0.000,0.000,3.0
757,0.716,1.457,1.492,-0.028,-0.000,0.000,3.0
758,0.716,1.457,1.492,-0.029,-0.000,0.000,3.0
759,0.716,1.457,1.492,-0.029,-0.000,0.000,3.0
760,0.716,1.457,1.492,-0.030,-0.000,0.000,3.0
761,0.716,1.457,1.492,-0.031,-0.000,0.000,3.0
762,0.716,1.458,1.492,-0.031,-0.000,0.000,3.0
763,0.716,1.458,1.492,-0.032,-0.000,0.000,3.0
764,0.716,1.458,1.492,-0.033,-0.000,0.000,3.0
765,0.716,1.458,1.492,-0.033,-0.000,0.000,3.0
766,0.716,1.458,1.492,-0.034,-0.000,0.000,3.0
767,0.716,1.458,1.492,-0.035,-0.000,0.000,3.0
768,0.716,1.458,1.492,-0.035,-0.000,0.000,3.0
769,0.716,1.458,1.492,-0.036,-0.000,0.000,3.0
770,0.716,1.458,1.492,-0.036,-0.000,0.000,3.0
771,0.717,1.458,1.492,-0.037,-0.000,0.000,3.0
772,0.717,1.458,1.492,-0.038,-0.000,0.000,3.0
773,0.717,1.458,1.492,-0.038,-0.000,0.000,3.0
774,0.717,1.459,1.492,-0.039,-0.000,0.000,3.0
775,0.717,1.459,1.492,-0.039,-0.000,0.000,3.0
776,0.717,1.459,1.492,-0.040,-0.000,0.000,3.0
777,0.717,1.459,1.492,-0.040,-0.000,0.000,3.0
778,0.717,1.459,1.492,-0.041,-0.000,0.000,3.0
779,0.717,1.459,1.492,-0.041,-0.000,0.000,3.0
780,0.717,1.459,1.492,-0.042,-0.000,0.000,3.0
781,0.717,1.459,1.492,-0.042,-0.000,0.000,3.0
782,0.717,1.459,1.492,-0.043,-0.000,0.000,3.0
783,0.717,1.459,1.492,-0.043,-0.000,0.000,3.0
784,0.717,1.459,1.492,-0.044,-0.000,0.000,3.0
785,0.717,1.459,1.492,-0.044,-0.000,0.000,3.0
786,0.717,1.459,1.492,-0.045,-0.000,0.000,3.0
787,0.717,1.460,1.492,-0.045,-0.000,0.000,3.0
788,0.717,1.460,1.492,-0.045,-0.000,0.000,3.0
789,0.717,1.460,1.492,-0.046,-0.000,0.000,3.0
790,0.717,1.460,1.492,-0.046,-0.000,0.000,3.0
791,0.717,1.460,1.492,-0.047,-0.000,0.000,3.0
792,0.717,1.460,1.492,-0.047,-0.000,0.000,3.0
793,0.717,1.460,1.492,-0.047,-0.000,0.000,3.0
794,0.717,1.460,1.492,-0.048,-0.000,0.000,3.0
795,0.717,1.460,1.492,-0.048,-0.000,0.000,3.0
796,0.717,1.460,1.492,-0.048,-0.000,0.000,3.0
797,0.717,1.460,1.492,-0.049,-0.000,0.000,3.0
798,0.717,1.460,1.492,-0.049,-0.000,0.000,3.0
799,0.718,1.460,1.492,-0.049,-0.000,0.000,3.0
800,0.718,1.460,1.492,-0.050,-0.000,0.000,3.0
801,0.718,1.460,1.492,-0.050,-0.000,0.000,3.0
802,0.718,1.460,1.492,-0.050,-0.000,0.000,3.0
803,0.718,1.460,1.492,-0.051,-0.000,0.000,3.0
804,0.718,1.461,1.492,-0.051,-0.000,0.000,3.0
805,0.718,1.461,1.492,-0.051,-0.000,0.000,3.0
806,0.718,1.461,1.492,-0.052,-0.000,0.000,3.0
807,0.718,1.461,1.492,-0.052,-0.000,0.000,3.0
808,0.718,1.461,1.492,-0.052,-0.000,0.000,3.0
809,0.718,1.461,1.492,-0.052,-0.000,0.000,3.0
810,0.718,1.461,1.492,-0.053,-0.000,0.000,3.0
811,0.718,1.461,1.492,-0.053,-0.000,0.000,3.0
812,0.718,1.461,1.492,-0.053,-0.000,0.000,3.0
813,0.718,1.461,1.492,-0.053,-0.000,0.000,3.0
814,0.718,1.461,1.492,-0.054,-0.000,0.000,3.0
815,0.718,1.461,1.492,-0.054,-0.000,0.000,3.0
816,0.718,1.461,1.492,-0.054,-0.000,0.000,3.0
817,0.718,1.461,1.492,-0.054,-0.000,0.000,3.0
818,0.718,1.461,1.492,-0.055,-0.000,0.000,3.0
819,0.718,1.461,1.492,-0.055,-0.000,0.000,3.0
820,0.718,1.461,1.492,-0.055,-0.000,0.000,3.0
821,0.718,1.461,1.492,-0.055,-0.000,0.000,3.0
822,0.718,1.461,1.492,-0.055,-0.000,0.000,3.0
823,0.718,1.462,1.492,-0.055,-0.000,0.000,3.0
824,0.718,1.462,1.492,-0.056,-0.000,0.000,3.0
825,0.718,1.462,1.492,-0.056,-0.000,0.000,3.0
826,0.718,1.462,1.492,-0.056,-0.000,0.000,3.0
827,0.718,1.462,1.492,-0.056,-0.000,0.000,3.0
828,0.718,1.462,1.492,-0.056,-0.000,0.000,3.0
829,0.718,1.462,1.492,-0.056,-0.000,0.000,3.0
830,0.718,1.462,1.492,-0.056,-0.000,0.000,3.0
831,0.718,1.462,1.492,-0.056,-0.000,0.000,3.0
832,0.718,1.462,1.492,-0.056,-0.000,0.000,3.0
833,0.718,1.462,1.492,-0.057,-0.000,0.000,3.0
834,0.718,1.462,1.492,-0.057,-0.000,0.000,3.0
835,0.718,1.462,1.492,-0.057,-0.000,0.000,3.0
836,0.718,1.462,1.492,-0.057,-0.000,0.000,3.0
837,0.719,1.462,1.492,-0.057,-0.000,0.000,3.0
838,0.719,1.462,1.492,-0.057,-0.000,0.000,3.0
839,0.719,1.462,1.492,-0.057,-0.000,0.000,3.0
840,0.719,1.462,1.492,-0.058,-0.000,0.000,3.0
841,0.719,1.462,1.492,-0.058,-0.000,0.000,3.0
842,0.719,1.462,1.492,-0.058,-0.000,0.000,3.0
843,0.719,1.462,1.492,-0.058,-0.000,0.000,3.0
844,0.719,1.462,1.492,-0.058,-0.000,0.000,3.0
845,0.719,1.462,1.492,-0.058,-0.000,0.000,3.0
846,0.719,1.462,1.492,-0.058,-0.000,0.000,3.0
847,0.719,1.462,1.492,-0.058,-0.000,0.000,3.0
848,0.719,1.462,1.492,-0.058,-0.000,0.000,3.0
849,0.719,1.463,1.492,-0.058,-0.000,0.000,3.0
850,0.719,1.463,1.492,-0.058,-0.000,0.000,3.0
851,0.719,1.463,1.492,-0.058,-0.000,0.000,3.0
852,0.719,1.463,1.492,-0.058,-0.000,0.000,3.0
853,0.719,1.463,1.492,-0.058,-0.000,0.000,3.0
854,0.719,1.463,1.492,-0.058,-0.000,0.000,3.0
855,0.719,1.463,1.492,-0.058,-0.000,0.000,3.0
856,0.719,1.463,1.492,-0.058,-0.000,0.000,3.0
857,0.719,1.463,1.492,-0.058,-0.000,0.000,3.0
858,0.719,1.463,1.492,-0.058,-0.000,0.000,3.0
859,0.719,1.463,1.492,-0.058,-0.000,0.000,3.0
860,0.719,1.463,1.492,-0.058,-0.000,0.000,3.0
861,0.719,1.463,1.492,-0.058,-0.000,0.000,3.0
862,0.719,1.463,1.492,-0.058,-0.000,0.000,3.0
863,0.719,1.463,1.492,-0.058,-0.000,0.000,3.0
864,0.719,1.463,1.492,-0.058,-0.000,0.000,3.0
865,0.719,1.463,1.492,-0.058,-0.000,0.000,3.0
866,0.719,1.463,1.492,-0.058,-0.000,0.000,3.0
867,0.719,1.463,1.492,-0.058,-0.000,0.000,3.0
868,0.719,1.463,1.492,-0.058,-0.000,0.000,3.0
869,0.719,1.463,1.492,-0.058,-0.000,0.000,3.0
870,0.719,1.463,1.492,-0.058,-0.000,0.000,3.0
871,0.719,1.463,1.492,-0.058,-0.000,0.000,3.0
872,0.719,1.463,1.492,-0.058,-0.000,0.000,3.0
873,0.719,1.463,1.492,-0.058,-0.000,0.000,3.0
874,0.719,1.463,1.492,-0.058,-0.000,0.000,3.0
875,0.719,1.463,1.492,-0.058,-0.000,0.000,3.0
876,0.719,1.463,1.492,-0.058,-0.000,0.000,3.0
877,0.719,1.463,1.492,-0.057,-0.000,0.000,3.0
878,0.719,1.463,1.492,-0.057,-0.000,0.000,3.0
879,0.719,1.463,1.492,-0.057,-0.000,0.000,3.0
880,0.719,1.463,1.492,-0.057,-0.000,0.000,3.0
881,0.719,1.463,1.492,-0.057,-0.000,0.000,3.0
882,0.719,1.463,1.492,-0.057,-0.000,0.000,3.0
883,0.719,1.463,1.492,-0.057,-0.000,0.000,3.0
884,0.719,1.463,1.492,-0.057,-0.000,0.000,3.0
885,0.719,1.464,1.492,-0.057,-0.000,0.000,3.0
886,0.719,1.464,1.492,-0.057,-0.000,0.000,3.0
887,0.719,1.464,1.492,-0.057,-0.000,0.000,3.0
888,0.719,1.464,1.492,-0.057,-0.000,0.000,3.0
889,0.719,1.464,1.492,-0.057,-0.000,0.000,3.0
890,0.719,1.464,1.492,-0.057,-0.000,0.000,3.0
891,0.719,1.464,1.492,-0.057,-0.000,0.000,3.0
892,0.719,1.464,1.492,-0.057,-0.000,0.000,3.0
893,0.719,1.464,1.492,-0.057,-0.000,0.000,3.0
894,0.719,1.464,1.492,-0.056,-0.000,0.000,3.0
895,0.719,1.464,1.492,-0.056,-0.000,0.000,3.0
896,0.719,1.464,1.492,-0.056,-0.000,0.000,3.0
897,0.719,1.464,1.492,-0.056,-0.000,0.000,3.0
898,0.719,1.464,1.492,-0.056,-0.000,0.000,3.0
899,0.719,1.464,1.492,-0.056,-0.000,0.000,3.0
900,0.719,1.464,1.492,-0.056,-0.000,0.000,3.0
901,0.720,1.464,1.492,-0.056,-0.000,0.000,3.0
902,0.720,1.464,1.492,-0.055,-0.000,0.000,3.0
903,0.720,1.464,1.492,-0.055,-0.000,0.000,3.0
904,0.720,1.464,1.492,-0.055,-0.000,0.000,3.0
905,0.720,1.464,1.492,-0.055,-0.000,0.000,3.0
906,0.720,1.464,1.492,-0.055,-0.000,0.000,3.0
907,0.720,1.464,1.492,-0.055,-0.000,0.000,3.0
908,0.720,1.464,1.492,-0.055,-0.000,0.000,3.0
909,0.720,1.464,1.492,-0.055,-0.000,0.000,3.0
910,0.720,1.464,1.492,-0.055,-0.000,0.000,3.0
911,0.720,1.464,1.492,-0.054,-0.000,0.000,3.0
912,0.720,1.464,1.492,-0.054,-0.000,0.000,3.0
913,0.720,1.464,1.492,-0.054,-0.000,0.000,3.0
914,0.720,1.464,1.492,-0.054,-0.000,0.000,3.0
915,0.720,1.464,1.492,-0.054,-0.000,0.000,3.0
916,0.720,1.464,1.492,-0.054,-0.000,0.000,3.0
917,0.720,1.464,1.492,-0.054,-0.000,0.000,3.0
918,0.720,1.464,1.492,-0.053,-0.000,0.000,3.0
919,0.720,1.464,1.492,-0.053,-0.000,0.000,3.0
920,0.720,1.464,1.492,-0.053,-0.000,0.000,3.0
921,0.720,1.464,1.492,-0.053,-0.000,0.000,3.0
922,0.720,1.464,1.492,-0.053,-0.000,0.000,3.0
923,0.720,1.464,1.492,-0.053,-0.000,0.000,3.0
924,0.720,1.464,1.492,-0.053,-0.000,0.000,3.0
925,0.720,1.464,1.492,-0.053,-0.000,0.000,3.0
926,0.720,1.464,1.492,-0.052,-0.000,0.000,3.0
927,0.720,1.464,1.492,-0.052,-0.000,0.000,3.0
928,0.720,1.464,1.492,-0.052,-0.000,0.000,3.0
929,0.720,1.464,1.492,-0.052,-0.000,0.000,3.0
930,0.720,1.464,1.492,-0.052,-0.000,0.000,3.0
931,0.720,1.464,1.492,-0.052,-0.000,0.000,3.0
932,0.720,1.464,1.492,-0.051,-0.000,0.000,3.0
933,0.720,1.464,1.492,-0.051,-0.000,0.000,3.0
934,0.720,1.464,1.492,-0.051,-0.000,0.000,3.0
935,0.720,1.464,1.492,-0.051,-0.000,0.000,3.0
936,0.720,1.464,1.492,-0.051,-0.000,0.000,3.0
937,0.720,1.464,1.492,-0.051,-0.000,0.000,3.0
938,0.720,1.464,1.492,-0.050,-0.000,0.000,3.0
939,0.720,1.464,1.492,-0.050,-0.000,0.000,3.0
940,0.720,1.464,1.492,-0.050,-0.000,0.000,3.0
941,0.720,1.464,1.492,-0.050,-0.000,0.000,3.0
942,0.720,1.464,1.492,-0.050,-0.000,0.000,3.0
943,0.720,1.464,1.492,-0.050,-0.000,0.000,3.0
944,0.720,1.464,1.492,-0.050,-0.000,0.000,3.0
945,0.720,1.465,1.492,-0.049,-0.000,0.000,3.0
946,0.720,1.465,1.492,-0.049,-0.000,0.000,3.0
947,0.720,1.465,1.492,-0.049,-0.000,0.000,3.0
948,0.720,1.465,1.492,-0.049,-0.000,0.000,3.0
949,0.720,1.465,1.492,-0.049,-0.000,0.000,3.0
950,0.720,1.465,1.492,-0.049,-0.000,0.000,3.0
951,0.720,1.465,1.492,-0.048,-0.000,0.000,3.0
952,0.720,1.465,1.492,-0.048,-0.000,0.000,3.0
953,0.720,1.465,1.492,-0.048,-0.000,0.000,3.0
954,0.720,1.465,1.492,-0.048,-0.000,0.000,3.0
955,0.720,1.465,1.492,-0.048,-0.000,0.000,3.0
956,0.720,1.465,1.492,-0.047,-0.000,0.000,3.0
957,0.720,1.465,1.492,-0.047,-0.000,0.000,3.0
958,0.720,1.465,1.492,-0.047,-0.000,0.000,3.0
959,0.720,1.465,1.492,-0.047,-0.000,0.000,3.0
960,0.720,1.465,1.492,-0.047,-0.000,0.000,3.0
961,0.720,1.465,1.492,-0.047,-0.000,0.000,3.0
962,0.720,1.465,1.492,-0.046,-0.000,0.000,3.0
963,0.720,1.465,1.492,-0.046,-0.000,0.000,3.0
964,0.720,1.465,1.492,-0.046,-0.000,0.000,3.0
965,0.720,1.465,1.492,-0.046,-0.000,0.000,3.0
966,0.720,1.465,1.492,-0.046,-0.000,0.000,3.0
967,0.720,1.465,1.492,-0.046,-0.000,0.000,3.0
968,0.720,1.465,1.492,-0.045,-0.000,0.000,3.0
969,0.720,1.465,1.492,-0.045,-0.000,0.000,3.0
970,0.720,1.465,1.492,-0.045,-0.000,0.000,3.0
971,0.720,1.465,1.492,-0.045,-0.000,0.000,3.0
972,0.720,1.465,1.492,-0.045,-0.000,0.000,3.0
973,0.720,1.465,1.492,-0.044,-0.000,0.000,3.0
974,0.720,1.465,1.492,-0.044,-0.000,0.000,3.0
975,0.720,1.465,1.492,-0.044,-0.000,0.000,3.0
976,0.720,1.465,1.492,-0.044,-0.000,0.000,3.0
977,0.720,1.465,1.492,-0.044,-0.000,0.000,3.0
978,0.720,1.465,1.492,-0.044,-0.000,0.000,3.0
979,0.720,1.465,1.492,-0.043,-0.000,0.000,3.0
980,0.720,1.465,1.492,-0.043,-0.000,0.000,3.0
981,0.720,1.465,1.492,-0.043,-0.000,0.000,3.0
982,0.720,1.465,1.492,-0.043,-0.000,0.000,3.0
983,0.720,1.465,1.492,-0.043,-0.000,0.000,3.0
984,0.720,1.465,1.492,-0.043,-0.000,0.000,3.0
985,0.720,1.465,1.492,-0.042,-0.000,0.000,3.0
986,0.720,1.465,1.492,-0.042,-0.000,0.000,3.0
987,0.720,1.465,1.492,-0.042,-0.000,0.000,3.0
988,0.720,1.465,1.492,-0.042,-0.000,0.000,3.0
989,0.720,1.465,1.492,-0.042,-0.000,0.000,3.0
990,0.720,1.465,1.492,-0.041,-0.000,0.000,3.0
991,0.720,1.465,1.492,-0.041,-0.000,0.000,3.0
992,0.720,1.465,1.492,-0.041,-0.000,0.000,3.0
993,0.720,1.465,1.492,-0.041,-0.000,0.000,3.0
994,0.720,1.465,1.492,-0.041,-0.000,0.000,3.0
995,0.720,1.465,1.492,-0.041,-0.000,0.000,3.0
996,0.720,1.465,1.492,-0.040,-0.000,0.000,3.0
997,0.720,1.465,1.492,-0.040,-0.000,0.000,3.0
998,0.720,1.465,1.492,-0.040,-0.000,0.000,3.0
999,0.720,1.465,1.492,-0.040,-0.000,0.000,3.0
1000,0.720,1.465,1.492,-0.040,-0.000,0.000,3.0
1001,0.720,1.465,1.492,-0.039,-0.000,0.000,3.0
1002,0.720,1.465,1.492,-0.039,-0.000,0.000,3.0
1003,0.720,1.465,1.492,-0.039,-0.000,0.000,3.0
1004,0.720,1.465,1.492,-0.039,-0.000,0.000,3.0
1005,0.720,1.465,1.492,-0.039,-0.000,0.000,3.0
1006,0.720,1.465,1.492,-0.039,-0.000,0.000,3.0
1007,0.720,1.465,1.492,-0.038,-0.000,0.000,3.0
1008,0.720,1.465,1.492,-0.038,-0.000,0.000,3.0
1009,0.720,1.465,1.492,-0.038,-0.000,0.000,3.0
1010,0.720,1.465,1.492,-0.038,-0.000,0.000,3.0
1011,0.720,1.465,1.492,-0.038,-0.000,0.000,3.0
1012,0.720,1.465,1.492,-0.037,-0.000,0.000,3.0
1013,0.720,1.465,1.492,-0.037,-0.000,0.000,3.0
1014,0.720,1.465,1.492,-0.037,-0.000,0.000,3.0
1015,0.720,1.465,1.492,-0.037,-0.000,0.000,3.0
1016,0.720,1.465,1.492,-0.037,-0.000,0.000,3.0
1017,0.720,1.465,1.492,-0.037,-0.000,0.000,3.0
1018,0.720,1.465,1.492,-0.036,-0.000,0.000,3.0
1019,0.720,1.465,1.492,-0.036,-0.000,0.000,3.0
1020,0.720,1.465,1.492,-0.036,-0.000,0.000,3.0
1021,0.720,1.465,1.492,-0.036,-0.000,0.000,3.0
1022,0.720,1.465,1.492,-0.036,-0.000,0.000,3.0
1023,0.720,1.465,1.492,-0.036,-0.000,0.000,3.0
1024,0.720,1.465,1.492,-0.035,-0.000,0.000,3.0
1025,0.720,1.465,1.492,-0.035,-0.000,0.000,3.0
1026,0.720,1.465,1.492,-0.035,-0.000,0.000,3.0
1027,0.720,1.465,1.492,-0.035,-0.000,0.000,3.0
1028,0.720,1.465,1.492,-0.035,-0.000,0.000,3.0
1029,0.720,1.465,1.492,-0.034,-0.000,0.000,3.0
1030,0.720,1.465,1.492,-0.034,-0.000,0.000,3.0
1031,0.720,1.465,1.492,-0.034,-0.000,0.000,3.0
1032,0.720,1.465,1.492,-0.034,-0.000,0.000,3.0
1033,0.720,1.465,1.492,-0.034,-0.000,0.000,3.0
1034,0.720,1.465,1.492,-0.034,-0.000,0.000,3.0
1035,0.720,1.465,1.492,-0.033,-0.000,0.000,3.0
1036,0.720,1.465,1.492,-0.033,-0.000,0.000,3.0
1037,0.720,1.465,1.492,-0.033,-0.000,0.000,3.0
1038,0.720,1.465,1.492,-0.033,-0.000,0.000,3.0
1039,0.720,1.465,1.492,-0.033,-0.000,0.000,3.0
1040,0.720,1.465,1.492,-0.033,-0.000,0.000,3.0
1041,0.720,1.465,1.492,-0.032,-0.000,0.000,3.0
1042,0.720,1.465,1.492,-0.032,-0.000,0.000,3.0
1043,0.720,1.465,1.492,-0.032,-0.000,0.000,3.0
1044,0.720,1.465,1.492,-0.032,-0.000,0.000,3.0
1045,0.720,1.465,1.492,-0.032,-0.000,0.000,3.0
1046,0.720,1.465,1.492,-0.032,-0.000,0.000,3.0
1047,0.720,1.465,1.492,-0.031,-0.000,0.000,3.0
1048,0.720,1.465,1.492,-0.031,-0.000,0.000,3.0
1049,0.720,1.465,1.492,-0.031,-0.000,0.000,3.0
1050,0.720,1.465,1.492,-0.031,-0.000,0.000,3.0
1051,0.720,1.465,1.492,-0.031,-0.000,0.000,3.0
1052,0.720,1.465,1.492,-0.031,-0.000,0.000,3.0
1053,0.720,1.465,1.492,-0.030,-0.000,0.000,3.0
1054,0.720,1.465,1.492,-0.030,-0.000,0.000,3.0
1055,0.720,1.465,1.492,-0.030,-0.000,0.000,3.0
1056,0.720,1.465,1.492,-0.030,-0.000,0.000,3.0
1057,0.720,1.465,1.492,-0.030,-0.000,0.000,3.0
1058,0.720,1.465,1.492,-0.030,-0.000,0.000,3.0
1059,0.720,1.465,1.492,-0.029,-0.000,0.000,3.0
1060,0.720,1.465,1.492,-0.029,-0.000,0.000,3.0
1061,0.720,1.465,1.492,-0.029,-0.000,0.000,3.0
1062,0.720,1.465,1.492,-0.029,-0.000,0.000,3.0
1063,0.720,1.465,1.492,-0.029,-0.000,0.000,3.0
1064,0.720,1.465,1.492,-0.029,-0.000,0.000,3.0
1065,0.720,1.465,1.492,-0.028,-0.000,0.000,3.0
1066,0.720,1.465,1.492,-0.028,-0.000,0.000,3.0
1067,0.720,1.465,1.492,-0.028,-0.000,0.000,3.0
1068,0.720,1.465,1.492,-0.028,-0.000,0.000,3.0
1069,0.720,1.465,1.492,-0.028,-0.000,0.000,3.0
1070,0.720,1.465,1.492,-0.028,-0.000,0.000,3.0
1071,0.720,1.465,1.492,-0.028,-0.000,0.000,3.0
1072,0.720,1.465,1.492,-0.027,-0.000,0.000,3.0
1073,0.720,1.465,1.492,-0.027,-0.000,0.000,3.0
1074,0.720,1.465,1.492,-0.027,-0.000,0.000,3.0
1075,0.720,1.465,1.492,-0.027,-0.000,0.000,3.0
1076,0.720,1.465,1.492,-0.027,-0.000,0.000,3.0
1077,0.720,1.465,1.492,-0.027,-0.000,0.000,3.0
1078,0.720,1.465,1.492,-0.026,-0.000,0.000,3.0
1079,0.720,1.465,1.492,-0.026,-0.000,0.000,3.0
1080,0.720,1.465,1.492,-0.026,-0.000,0.000,3.0
1081,0.720,1.465,1.492,-0.026,-0.000,0.000,3.0
1082,0.720,1.465,1.492,-0.026,-0.000,0.000,3.0
1083,0.720,1.465,1.492,-0.026,-0.000,0.000,3.0
1084,0.720,1.465,1.492,-0.026,-0.000,0.000,3.0
1085,0.720,1.465,1.492,-0.025,-0.000,0.000,3.0
1086,0.720,1.465,1.492,-0.025,-0.000,0.000,3.0
1087,0.720,1.465,1.492,-0.025,-0.000,0.000,3.0
1088,0.720,1.465,1.492,-0.025,-0.000,0.000,3.0
1089,0.720,1.465,1.492,-0.025,-0.000,0.000,3.0
1090,0.720,1.465,1.492,-0.025,-0.000,0.000,3.0
1091,0.720,1.465,1.492,-0.025,-0.000,0.000,3.0
1092,0.720,1.465,1.492,-0.024,-0.000,0.000,3.0
1093,0.720,1.465,1.492,-0.024,-0.000,0.000,3.0
1094,0.720,1.465,1.492,-0.024,-0.000,0.000,3.0
1095,0.720,1.465,1.492,-0.024,-0.000,0.000,3.0
1096,0.720,1.465,1.492,-0.024,-0.000,0.000,3.0
1097,0.720,1.465,1.492,-0.024,-0.000,0.000,3.0
1098,0.720,1.465,1.492,-0.024,-0.000,0.000,3.0
1099,0.720,1.465,1.492,-0.023,-0.000,0.000,3.0
1100,0.720,1.465,1.492,-0.023,-0.000,0.000,3.0
1101,0.720,1.465,1.492,-0.023,-0.000,0.000,3.0
1102,0.720,1.465,1.492,-0.023,-0.000,0.000,3.0
1103,0.720,1.465,1.492,-0.023,-0.000,0.000,3.0
1104,0.720,1.465,1.492,-0.023,-0.000,0.000,3.0
1105,0.720,1.465,1.492,-0.023,-0.000,0.000,3.0
1106,0.720,1.465,1.492,-0.022,-0.000,0.000,3.0
1107,0.720,1.465,1.492,-0.022,-0.000,0.000,3.0
1108,0.720,1.465,1.492,-0.022,-0.000,0.000,3.0
1109,0.720,1.465,1.492,-0.022,-0.000,0.000,3.0
1110,0.720,1.465,1.492,-0.022,-0.000,0.000,3.0
1111,0.720,1.465,1.492,-0.022,-0.000,0.000,3.0
1112,0.720,1.465,1.492,-0.022,-0.000,0.000,3.0
1113,0.720,1.465,1.492,-0.022,-0.000,0.000,3.0
1114,0.720,1.465,1.492,-0.021,-0.000,0.000,3.0
1115,0.720,1.465,1.492,-0.021,-0.000,0.000,3.0
1116,0.720,1.465,1.492,-0.021,-0.000,0.000,3.0
1117,0.720,1.465,1.492,-0.021,-0.000,0.000,3.0
1118,0.720,1.465,1.492,-0.021,-0.000,0.000,3.0
1119,0.720,1.465,1.492,-0.021,-0.000,0.000,3.0
1120,0.720,1.465,1.492,-0.021,-0.000,0.000,3.0
1121,0.720,1.465,1.492,-0.021,-0.000,0.000,3.0
1122,0.720,1.465,1.492,-0.020,-0.000,0.000,3.0
1123,0.720,1.465,1.492,-0.020,-0.000,0.000,3.0
1124,0.720,1.465,1.492,-0.020,-0.000,0.000,3.0
1125,0.720,1.465,1.492,-0.020,-0.000,0.000,3.0
1126,0.720,1.465,1.492,-0.020,-0.000,0.000,3.0
1127,0.720,1.465,1.492,-0.020,-0.000,0.000,3.0
1128,0.720,1.465,1.492,-0.020,-0.000,0.000,3.0
1129,0.720,1.465,1.492,-0.020,-0.000,0.000,3.0
1130,0.720,1.465,1.492,-0.019,-0.000,0.000,3.0
1131,0.720,1.465,1.492,-0.019,-0.000,0.000,3.0
1132,0.720,1.465,1.492,-0.019,-0.000,0.000,3.0
1133,0.720,1.465,1.492,-0.019,-0.000,0.000,3.0
1134,0.720,1.465,1.492,-0.019,-0.000,0.000,3.0
1135,0.720,1.465,1.492,-0.019,-0.000,0.000,3.0
1136,0.720,1.465,1.492,-0.019,-0.000,0.000,3.0
1137,0.720,1.465,1.492,-0.019,-0.000,0.000,3.0
1138,0.720,1.465,1.492,-0.018,-0.000,0.000,3.0
1139,0.720,1.465,1.492,-0.018,-0.000,0.000,3.0
1140,0.720,1.465,1.492,-0.018,-0.000,0.000,3.0
1141,0.720,1.465,1.492,-0.018,-0.000,0.000,3.0
1142,0.720,1.465,1.492,-0.018,-0.000,0.000,3.0
1143,0.720,1.465,1.492,-0.018,-0.000,0.000,3.0
1144,0.720,1.465,1.492,-0.018,-0.000,0.000,3.0
1145,0.720,1.465,1.492,-0.018,-0.000,0.000,3.0
1146,0.720,1.465,1.492,-0.018,-0.000,0.000,3.0
1147,0.720,1.465,1.492,-0.017,-0.000,0.000,3.0
1148,0.720,1.465,1.492,-0.017,-0.000,0.000,3.0
1149,0.720,1.465,1.492,-0.017,-0.000,0.000,3.0
1150,0.720,1.465,1.492,-0.017,-0.000,0.000,3.0
1151,0.720,1.465,1.492,-0.017,-0.000,0.000,3.0
1152,0.720,1.465,1.492,-0.017,-0.000,0.000,3.0
1153,0.720,1.465,1.492,-0.017,-0.000,0.000,3.0
1154,0.720,1.465,1.492,-0.017,-0.000,0.000,3.0
1155,0.720,1.465,1.492,-0.017,-0.000,0.000,3.0
1156,0.720,1.465,1.492,-0.016,-0.000,0.000,3.0
1157,0.720,1.465,1.492,-0.016,-0.000,0.000,3.0
1158,0.720,1.465,1.492,-0.016,-0.000,0.000,3.0
1159,0.720,1.465,1.492,-0.016,-0.000,0.000,3.0
1160,0.720,1.465,1.492,-0.016,-0.000,0.000,3.0
1161,0.720,1.465,1.492,-0.016,-0.000,0.000,3.0
1162,0.720,1.465,1.492,-0.016,-0.000,0.000,3.0
1163,0.720,1.465,1.492,-0.016,-0.000,0.000,3.0
1164,0.720,1.465,1.492,-0.016,-0.000,0.000,3.0
1165,0.720,1.465,1.492,-0.016,-0.000,0.000,3.0
1166,0.720,1.465,1.492,-0.015,-0.000,0.000,3.0
1167,0.720,1.465,1.492,-0.015,-0.000,0.000,3.0
1168,0.720,1.465,1.492,-0.015,-0.000,0.000,3.0
1169,0.720,1.465,1.492,-0.015,-0.000,0.000,3.0
1170,0.720,1.465,1.492,-0.015,-0.000,0.000,3.0
1171,0.720,1.465,1.492,-0.015,-0.000,0.000,3.0
1172,0.720,1.465,1.492,-0.015,-0.000,0.000,3.0
1173,0.720,1.465,1.492,-0.015,-0.000,0.000,3.0
1174,0.720,1.465,1.492,-0.015,-0.000,0.000,3.0
1175,0.720,1.465,1.492,-0.015,-0.000,0.000,3.0
1176,0.720,1.465,1.492,-0.014,-0.000,0.000,3.0
1177,0.720,1.465,1.492,-0.014,-0.000,0.000,3.0
1178,0.720,1.465,1.492,-0.014,-0.000,0.000,3.0
1179,0.720,1.465,1.492,-0.014,-0.000,0.000,3.0
1180,0.720,1.465,1.492,-0.014,-0.000,0.000,3.0
1181,0.720,1.465,1.492,-0.014,-0.000,0.000,3.0
1182,0.720,1.465,1.492,-0.014,-0.000,0.000,3.0
1183,0.720,1.465,1.492,-0.014,-0.000,0.000,3.0
1184,0.720,1.466,1.492,-0.014,-0.000,0.000,3.0
1185,0.720,1.466,1.492,-0.014,-0.000,0.000,3.0
1186,0.720,1.466,1.492,-0.013,-0.000,0.000,3.0
1187,0.720,1.466,1.492,-0.013,-0.000,0.000,3.0
1188,0.720,1.466,1.492,-0.013,-0.000,0.000,3.0
1189,0.720,1.466,1.492,-0.013,-0.000,0.000,3.0
1190,0.720,1.466,1.492,-0.013,-0.000,0.000,3.0
1191,0.720,1.466,1.492,-0.013,-0.000,0.000,3.0
1192,0.720,1.466,1.492,-0.013,-0.000,0.000,3.0
1193,0.720,1.466,1.492,-0.013,-0.000,0.000,3.0
1194,0.720,1.466,1.492,-0.013,-0.000,0.000,3.0
1195,0.720,1.466,1.492,-0.013,-0.000,0.000,3.0
1196,0.720,1.466,1.492,-0.013,-0.000,0.000,3.0
1197,0.720,1.466,1.492,-0.013,-0.000,0.000,3.0
1198,0.720,1.466,1.492,-0.012,-0.000,0.000,3.0
1199,0.720,1.466,1.492,-0.012,-0.000,0.000,3.0
1200,0.720,1.466,1.492,-0.012,-0.000,0.000,3.0
1201,0.720,1.466,1.492,-0.012,-0.000,0.000,3.0
1202,0.720,1.466,1.492,-0.012,-0.000,0.000,3.0
1203,0.720,1.466,1.492,-0.012,-0.000,0.000,3.0
1204,0.720,1.466,1.492,-0.012,-0.000,0.000,3.0
1205,0.720,1.466,1.492,-0.012,-0.000,0.000,3.0
1206,0.720,1.466,1.492,-0.012,-0.000,0.000,3.0
1207,0.720,1.466,1.492,-0.012,-0.000,0.000,3.0
1208,0.720,1.466,1.492,-0.012,-0.000,0.000,3.0
1209,0.720,1.466,1.492,-0.012,-0.000,0.000,3.0
1210,0.720,1.466,1.492,-0.011,-0.000,0.000,3.0
1211,0.720,1.466,1.492,-0.011,-0.000,0.000,3.0
1212,0.720,1.466,1.492,-0.011,-0.000,0.000,3.0
1213,0.720,1.466,1.492,-0.011,-0.000,0.000,3.0
1214,0.720,1.466,1.492,-0.011,-0.000,0.000,3.0
1215,0.720,1.466,1.492,-0.011,-0.000,0.000,3.0
1216,0.720,1.466,1.492,-0.011,-0.000,0.000,3.0
1217,0.720,1.466,1.492,-0.011,-0.000,0.000,3.0
1218,0.720,1.466,1.492,-0.011,-0.000,0.000,3.0
1219,0.720,1.466,1.492,-0.011,-0.000,0.000,3.0
1220,0.720,1.466,1.492,-0.011,0.000,0.000,3.0
1221,0.720,1.466,1.492,-0.011,0.000,0.000,3.0
1222,0.720,1.466,1.492,-0.011,0.000,0.000,3.0
1223,0.720,1.466,1.492,-0.010,0.000,0.000,3.0
1224,0.720,1.466,1.492,-0.010,0.000,0.000,3.0
1225,0.720,1.466,1.492,-0.010,0.000,0.000,3.0
1226,0.720,1.466,1.492,-0.010,0.000,0.000,3.0
1227,0.720,1.466,1.492,-0.010,0.000,0.000,3.0
1228,0.720,1.466,1.492,-0.010,0.000,0.000,3.0
1229,0.720,1.466,1.492,-0.010,0.000,0.000,3.0
1230,0.720,1.466,1.492,-0.010,0.000,0.000,3.0
1231,0.720,1.466,1.492,-0.010,0.000,0.000,3.0
1232,0.720,1.466,1.492,-0.010,0.000,0.000,3.0
1233,0.720,1.466,1.492,-0.010,0.000,0.000,3.0
1234,0.720,1.466,1.492,-0.010,0.000,0.000,3.0
1235,0.720,1.466,1.492,-0.010,0.000,0.000,3.0
1236,0.720,1.466,1.492,-0.010,0.000,0.000,3.0
1237,0.720,1.466,1.492,-0.009,0.000,0.000,3.0
1238,0.720,1.466,1.492,-0.009,0.000,0.000,3.0
1239,0.720,1.466,1.492,-0.009,0.000,0.000,3.0
1240,0.720,1.466,1.492,-0.009,0.000,0.000,3.0
1241,0.720,1.466,1.492,-0.009,0.000,0.000,3.0
1242,0.720,1.466,1.492,-0.009,0.000,0.000,3.0
1243,0.720,1.466,1.492,-0.009,0.000,0.000,3.0
1244,0.720,1.466,1.492,-0.009,0.000,0.000,3.0
1245,0.720,1.466,1.492,-0.009,0.000,0.000,3.0
1246,0.720,1.466,1.492,-0.009,0.000,0.000,3.0
1247,0.720,1.466,1.492,-0.009,0.000,0.000,3.0
1248,0.720,1.466,1.492,-0.009,0.000,0.000,3.0
1249,0.720,1.466,1.492,-0.009,0.000,0.000,3.0
1250,0.720,1.466,1.492,-0.009,0.000,0.000,3.0
1251,0.720,1.466,1.492,-0.009,0.000,0.000,3.0
1252,0.720,1.466,1.492,-0.009,0.000,0.000,3.0
1253,0.720,1.466,1.492,-0.008,0.000,0.000,3.0
1254,0.720,1.466,1.492,-0.008,0.000,0.000,3.0
1255,0.720,1.466,1.492,-0.008,0.000,0.000,3.0
1256,0.720,1.466,1.492,-0.008,0.000,0.000,3.0
1257,0.720,1.466,1.492,-0.008,0.000,0.000,3.0
1258,0.720,1.466,1.492,-0.008,0.000,0.000,3.0
1259,0.720,1.466,1.492,-0.008,0.000,0.000,3.0
1260,0.720,1.466,1.492,-0.008,0.000,0.000,3.0
1261,0.720,1.466,1.492,-0.008,0.000,0.000,3.0
1262,0.720,1.466,1.492,-0.008,0.000,0.000,3.0
1263,0.720,1.466,1.492,-0.008,0.000,0.000,3.0
1264,0.720,1.466,1.492,-0.008,0.000,0.000,3.0
1265,0.720,1.466,1.492,-0.008,0.000,0.000,3.0
1266,0.720,1.466,1.492,-0.008,0.000,0.000,3.0
1267,0.720,1.466,1.492,-0.008,0.000,0.000,3.0
1268,0.720,1.466,1.492,-0.008,0.000,0.000,3.0
1269,0.720,1.466,1.492,-0.008,0.000,0.000,3.0
1270,0.720,1.466,1.492,-0.007,0.000,0.000,3.0
1271,0.720,1.466,1.492,-0.007,0.000,0.000,3.0
1272,0.720,1.466,1.492,-0.007,0.000,0.000,3.0
1273,0.720,1.466,1.492,-0.007,0.000,0.000,3.0
1274,0.720,1.466,1.492,-0.007,0.000,0.000,3.0
1275,0.720,1.466,1.492,-0.007,0.000,0.000,3.0
1276,0.720,1.466,1.492,-0.007,0.000,0.000,3.0
1277,0.720,1.466,1.492,-0.007,0.000,0.000,3.0
1278,0.720,1.466,1.492,-0.007,0.000,0.000,3.0
1279,0.720,1.466,1.492,-0.007,0.000,0.000,3.0
1280,0.720,1.466,1.492,-0.007,0.000,0.000,3.0
1281,0.720,1.466,1.492,-0.007,0.000,0.000,3.0
1282,0.720,1.466,1.492,-0.007,0.000,0.000,3.0
1283,0.720,1.466,1.492,-0.007,0.000,0.000,3.0
1284,0.720,1.466,1.492,-0.007,0.000,0.000,3.0
1285,0.720,1.466,1.492,-0.007,0.000,0.000,3.0
1286,0.720,1.466,1.492,-0.007,0.000,0.000,3.0
1287,0.720,1.466,1.492,-0.007,0.000,0.000,3.0
1288,0.720,1.466,1.492,-0.007,0.000,0.000,3.0
1289,0.720,1.466,1.492,-0.007,0.000,0.000,3.0
1290,0.720,1.466,1.492,-0.006,0.000,0.000,3.0
1291,0.720,1.466,1.492,-0.006,0.000,0.000,3.0
1292,0.720,1.466,1.492,-0.006,0.000,0.000,3.0
1293,0.720,1.466,1.492,-0.006,0.000,0.000,3.0
1294,0.720,1.466,1.492,-0.006,0.000,0.000,3.0
1295,0.720,1.466,1.492,-0.006,0.000,0.000,3.0
1296,0.720,1.466,1.492,-0.006,0.000,0.000,3.0
1297,0.720,1.466,1.492,-0.006,0.000,0.000,3.0
1298,0.720,1.466,1.492,-0.006,0.000,0.000,3.0
1299,0.720,1.466,1.492,-0.006,0.000,0.000,3.0
1300,0.720,1.466,1.492,-0.006,0.000,0.000,3.0
1301,0.720,1.466,1.492,-0.006,0.000,0.000,3.0
1302,0.720,1.466,1.492,-0.006,0.000,0.000,3.0
1303,0.720,1.466,1.492,-0.006,0.000,0.000,3.0
1304,0.720,1.466,1.492,-0.006,0.000,0.000,3.0
1305,0.720,1.466,1.492,-0.006,0.000,0.000,3.0
1306,0.720,1.466,1.492,-0.006,0.000,0.000,3.0
1307,0.720,1.466,1.492,-0.006,0.000,0.000,3.0
1308,0.720,1.466,1.492,-0.006,0.000,0.000,3.0
1309,0.720,1.466,1.492,-0.006,0.000,0.000,3.0
1310,0.720,1.466,1.492,-0.006,0.000,0.000,3.0
1311,0.720,1.466,1.492,-0.006,0.000,0.000,3.0
1312,0.720,1.466,1.492,-0.006,0.000,0.000,3.0
1313,0.720,1.466,1.492,-0.005,0.000,0.000,3.0
1314,0.720,1.466,1.492,-0.005,0.000,0.000,3.0
1315,0.720,1.466,1.492,-0.005,0.000,0.000,3.0
1316,0.720,1.466,1.492,-0.005,0.000,0.000,3.0
1317,0.720,1.466,1.492,-0.005,0.000,0.000,3.0
1318,0.720,1.466,1.492,-0.005,0.000,0.000,3.0
1319,0.720,1.466,1.492,-0.005,0.000,0.000,3.0
1320,0.720,1.466,1.492,-0.005,0.000,0.000,3.0
1321,0.720,1.466,1.492,-0.005,0.000,0.000,3.0
1322,0.720,1.466,1.492,-0.005,0.000,0.000,3.0
1323,0.720,1.466,1.492,-0.005,0.000,0.000,3.0
1324,0.720,1.466,1.492,-0.005,0.000,0.000,3.0
1325,0.720,1.466,1.492,-0.005,0.000,0.000,3.0
1326,0.720,1.466,1.492,-0.005,0.000,0.000,3.0
1327,0.720,1.466,1.492,-0.005,0.000,0.000,3.0
1328,0.720,1.466,1.492,-0.005,0.000,0.000,3.0
1329,0.720,1.466,1.492,-0.005,0.000,0.000,3.0
1330,0.720,1.466,1.492,-0.005,0.000,0.000,3.0
1331,0.720,1.466,1.492,-0.005,0.000,0.000,3.0
1332,0.720,1.466,1.492,-0.005,0.000,0.000,3.0
1333,0.720,1.466,1.492,-0.005,0.000,0.000,3.0
1334,0.720,1.466,1.492,-0.005,0.000,0.000,3.0
1335,0.720,1.466,1.492,-0.005,0.000,0.000,3.0
1336,0.720,1.466,1.492,-0.005,0.000,0.000,3.0
1337,0.720,1.466,1.492,-0.005,0.000,0.000,3.0
1338,0.720,1.466,1.492,-0.005,0.000,0.000,3.0
1339,0.720,1.466,1.492,-0.005,0.000,0.000,3.0
1340,0.720,1.466,1.492,-0.004,0.000,0.000,3.0
1341,0.720,1.466,1.492,-0.004,0.000,0.000,3.0
1342,0.720,1.466,1.492,-0.004,0.000,0.000,3.0
1343,0.720,1.466,1.492,-0.004,0.000,0.000,3.0
1344,0.720,1.466,1.492,-0.004,0.000,0.000,3.0
1345,0.720,1.466,1.492,-0.004,0.000,0.000,3.0
1346,0.720,1.466,1.492,-0.004,0.000,0.000,3.0
1347,0.720,1.466,1.492,-0.004,0.000,0.000,3.0
1348,0.720,1.466,1.492,-0.004,0.000,0.000,3.0
1349,0.720,1.466,1.492,-0.004,0.000,0.000,3.0
1350,0.720,1.466,1.492,-0.004,0.000,0.000,3.0
1351,0.720,1.466,1.492,-0.004,0.000,0.000,3.0
1352,0.720,1.466,1.492,-0.004,0.000,0.000,3.0
1353,0.720,1.466,1.492,-0.004,0.000,0.000,3.0
1354,0.720,1.466,1.492,-0.004,0.000,0.000,3.0
1355,0.720,1.466,1.492,-0.004,0.000,0.000,3.0
1356,0.720,1.466,1.492,-0.004,0.000,0.000,3.0
1357,0.720,1.466,1.492,-0.004,0.000,0.000,3.0
1358,0.720,1.466,1.492,-0.004,0.000,0.000,3.0
1359,0.720,1.466,1.492,-0.004,0.000,0.000,3.0
1360,0.720,1.466,1.492,-0.004,0.000,0.000,3.0
1361,0.720,1.466,1.492,-0.004,0.000,0.000,3.0
1362,0.720,1.466,1.492,-0.004,0.000,0.000,3.0
1363,0.720,1.466,1.492,-0.004,0.000,0.000,3.0
1364,0.720,1.466,1.492,-0.004,0.000,0.000,3.0
1365,0.720,1.466,1.492,-0.004,0.000,0.000,3.0
1366,0.720,1.466,1.492,-0.004,0.000,0.000,3.0
1367,0.720,1.466,1.492,-0.004,0.000,0.000,3.0
1368,0.720,1.466,1.492,-0.004,0.000,0.000,3.0
1369,0.720,1.466,1.492,-0.004,0.000,0.000,3.0
1370,0.720,1.466,1.492,-0.004,0.000,0.000,3.0
1371,0.720,1.466,1.492,-0.004,0.000,0.000,3.0
1372,0.720,1.466,1.492,-0.004,0.000,0.000,3.0
1373,0.720,1.466,1.492,-0.004,0.000,0.000,3.0
1374,0.720,1.466,1.492,-0.003,0.000,0.000,3.0
1375,0.720,1.466,1.492,-0.003,0.000,0.000,3.0
1376,0.720,1.466,1.492,-0.003,0.000,0.000,3.0
1377,0.720,1.466,1.492,-0.003,0.000,0.000,3.0
1378,0.720,1.466,1.492,-0.003,0.000,0.000,3.0
1379,0.720,1.466,1.492,-0.003,0.000,0.000,3.0
1380,0.720,1.466,1.492,-0.003,0.000,0.000,3.0
1381,0.720,1.466,1.492,-0.003,0.000,0.000,3.0
1382,0.720,1.466,1.492,-0.003,0.000,0.000,3.0
1383,0.720,1.466,1.492,-0.003,0.000,0.000,3.0
1384,0.720,1.466,1.492,-0.003,0.000,0.000,3.0
1385,0.720,1.466,1.492,-0.003,0.000,0.000,3.0
1386,0.720,1.466,1.492,-0.003,0.000,0.000,3.0
1387,0.720,1.466,1.492,-0.003,0.000,0.000,3.0
1388,0.720,1.466,1.492,-0.003,0.000,0.000,3.0
1389,0.720,1.466,1.492,-0.003,0.000,0.000,3.0
1390,0.720,1.466,1.492,-0.003,0.000,0.000,3.0
1391,0.720,1.466,1.492,-0.003,0.000,0.000,3.0
1392,0.720,1.466,1.492,-0.003,0.000,0.000,3.0
1393,0.720,1.466,1.492,-0.003,0.000,0.000,3.0
1394,0.720,1.466,1.492,-0.003,0.000,0.000,3.0
1395,0.720,1.466,1.492,-0.003,0.000,0.000,3.0
1396,0.720,1.466,1.492,-0.003,0.000,0.000,3.0
1397,0.720,1.466,1.492,-0.003,0.000,0.000,3.0
1398,0.720,1.466,1.492,-0.003,0.000,0.000,3.0
1399,0.720,1.466,1.492,-0.003,0.000,0.000,3.0
1400,0.720,1.466,1.492,-0.003,0.000,0.000,3.0
1401,0.720,1.466,1.492,-0.003,0.000,0.000,3.0
1402,0.720,1.466,1.492,-0.003,0.000,0.000,3.0
1403,0.720,1.466,1.492,-0.003,0.000,0.000,3.0
1404,0.720,1.466,1.492,-0.003,0.000,0.000,3.0
1405,0.720,1.466,1.492,-0.003,0.000,0.000,3.0
1406,0.720,1.466,1.492,-0.003,0.000,0.000,3.0
1407,0.720,1.466,1.492,-0.003,0.000,0.000,3.0
1408,0.720,1.466,1.492,-0.003,0.000,0.000,3.0
1409,0.720,1.466,1.492,-0.003,0.000,0.000,3.0
1410,0.720,1.466,1.492,-0.003,0.000,0.000,3.0
1411,0.720,1.466,1.492,-0.003,0.000,0.000,3.0
1412,0.720,1.466,1.492,-0.003,0.000,0.000,3.0
1413,0.720,1.466,1.492,-0.003,0.000,0.000,3.0
1414,0.720,1.466,1.492,-0.003,0.000,0.000,3.0
1415,0.720,1.466,1.492,-0.003,0.000,0.000,3.0
1416,0.720,1.466,1.492,-0.003,0.000,0.000,3.0
1417,0.720,1.466,1.492,-0.003,0.000,0.000,3.0
1418,0.720,1.466,1.492,-0.003,0.000,0.000,3.0
1419,0.720,1.466,1.492,-0.002,0.000,0.000,3.0
1420,0.720,1.466,1.492,-0.002,0.000,0.000,3.0
1421,0.720,1.466,1.492,-0.002,0.000,0.000,3.0
1422,0.720,1.466,1.492,-0.002,0.000,0.000,3.0
1423,0.720,1.466,1.492,-0.002,0.000,0.000,3.0
1424,0.720,1.466,1.492,-0.002,0.000,0.000,3.0
1425,0.720,1.466,1.492,-0.002,0.000,0.000,3.0
1426,0.720,1.466,1.492,-0.002,0.000,0.000,3.0
1427,0.720,1.466,1.492,-0.002,0.000,0.000,3.0
1428,0.720,1.466,1.492,-0.002,0.000,0.000,3.0
1429,0.720,1.466,1.492,-0.002,0.000,0.000,3.0
1430,0.720,1.466,1.492,-0.002,0.000,0.000,3.0
1431,0.720,1.466,1.492,-0.002,0.000,0.000,3.0
1432,0.720,1.466,1.492,-0.002,0.000,0.000,3.0
1433,0.720,1.466,1.492,-0.002,0.000,0.000,3.0
1434,0.720,1.466,1.492,-0.002,0.000,0.000,3.0
1435,0.720,1.466,1.492,-0.002,0.000,0.000,3.0
1436,0.720,1.466,1.492,-0.002,0.000,0.000,3.0
1437,0.720,1.466,1.492,-0.002,0.000,0.000,3.0
1438,0.720,1.466,1.492,-0.002,0.000,0.000,3.0
1439,0.720,1.466,1.492,-0.002,0.000,0.000,3.0
1440,0.720,1.466,1.492,-0.002,0.000,0.000,3.0
1441,0.720,1.466,1.492,-0.002,0.000,0.000,3.0
1442,0.720,1.466,1.492,-0.002,0.000,0.000,3.0
1443,0.720,1.466,1.492,-0.002,0.000,0.000,3.0
1444,0.720,1.466,1.492,-0.002,0.000,0.000,3.0
1445,0.720,1.466,1.492,-0.002,0.000,0.000,3.0
1446,0.720,1.466,1.492,-0.002,0.000,0.000,3.0
1447,0.720,1.466,1.492,-0.002,0.000,0.000,3.0
1448,0.720,1.466,1.492,-0.002,0.000,0.000,3.0
1449,0.720,1.466,1.492,-0.002,0.000,0.000,3.0
1450,0.720,1.466,1.492,-0.002,0.000,0.000,3.0
1451,0.720,1.466,1.492,-0.002,0.000,0.000,3.0
1452,0.720,1.466,1.492,-0.002,0.000,0.000,3.0
1453,0.720,1.466,1.492,-0.002,0.000,0.000,3.0
1454,0.720,1.466,1.492,-0.002,0.000,0.000,3.0
1455,0.720,1.466,1.492,-0.002,0.000,0.000,3.0
1456,0.720,1.466,1.492,-0.002,0.000,0.000,3.0
1457,0.720,1.466,1.492,-0.002,0.000,0.000,3.0
1458,0.720,1.466,1.492,-0.002,0.000,0.000,3.0
1459,0.720,1.466,1.492,-0.002,0.000,0.000,3.0
1460,0.720,1.466,1.492,-0.002,0.000,0.000,3.0
1461,0.720,1.466,1.492,-0.002,0.000,0.000,3.0
1462,0.720,1.466,1.492,-0.002,0.000,0.000,3.0
1463,0.720,1.466,1.492,-0.002,0.000,0.000,3.0
1464,0.720,1.466,1.492,-0.002,0.000,0.000,3.0
1465,0.720,1.466,1.492,-0.002,0.000,0.000,3.0
1466,0.720,1.466,1.492,-0.002,0.000,0.000,3.0
1467,0.720,1.466,1.492,-0.002,0.000,0.000,3.0
1468,0.720,1.466,1.492,-0.002,0.000,0.000,3.0
1469,0.720,1.466,1.492,-0.002,0.000,0.000,3.0
1470,0.720,1.466,1.492,-0.002,0.000,0.000,3.0
1471,0.720,1.466,1.492,-0.002,0.000,0.000,3.0
1472,0.720,1.466,1.492,-0.002,0.000,0.000,3.0
1473,0.720,1.466,1.492,-0.002,0.000,0.000,3.0
1474,0.720,1.466,1.492,-0.002,0.000,0.000,3.0
1475,0.720,1.466,1.492,-0.002,0.000,0.000,3.0
1476,0.720,1.466,1.492,-0.002,0.000,0.000,3.0
1477,0.720,1.466,1.492,-0.002,0.000,0.000,3.0
1478,0.720,1.466,1.492,-0.002,0.000,0.000,3.0
1479,0.720,1.466,1.492,-0.002,0.000,0.000,3.0
1480,0.720,1.466,1.492,-0.002,0.000,0.000,3.0
1481,0.720,1.466,1.492,-0.002,0.000,0.000,3.0
1482,0.720,1.466,1.492,-0.002,0.000,0.000,3.0
1483,0.720,1.466,1.492,-0.002,0.000,0.000,3.0
1484,0.720,1.466,1.492,-0.002,0.000,0.000,3.0
1485,0.720,1.466,1.492,-0.002,0.000,0.000,3.0
1486,0.720,1.466,1.492,-0.002,0.000,0.000,3.0
1487,0.720,1.466,1.492,-0.002,0.000,0.000,3.0
1488,0.720,1.466,1.492,-0.002,0.000,0.000,3.0
1489,0.720,1.466,1.492,-0.001,0.000,0.000,3.0
1490,0.720,1.466,1.492,-0.001,0.000,0.000,3.0
1491,0.720,1.466,1.492,-0.001,0.000,0.000,3.0
1492,0.720,1.466,1.492,-0.001,0.000,0.000,3.0
1493,0.720,1.466,1.492,-0.001,0.000,0.000,3.0
1494,0.720,1.466,1.492,-0.001,0.000,0.000,3.0
1495,0.720,1.466,1.492,-0.001,0.000,0.000,3.0
1496,0.720,1.466,1.492,-0.001,0.000,0.000,3.0
1497,0.720,1.466,1.492,-0.001,0.000,0.000,3.0
1498,0.720,1.466,1.492,-0.001,0.000,0.000,3.0
1499,0.720,1.466,1.492,-0.001,0.000,0.000,3.0
1500,0.720,1.466,1.492,-0.001,0.000,0.000,3.0
1501,0.720,1.466,1.492,-0.001,0.000,0.000,3.0
1502,0.720,1.466,1.492,-0.001,0.000,0.000,3.0
1503,0.720,1.466,1.492,-0.001,0.000,0.000,3.0
1504,0.720,1.466,1.492,-0.001,0.000,0.000,3.0
1505,0.720,1.466,1.492,-0.001,0.000,0.000,3.0
1506,0.720,1.466,1.492,-0.001,0.000,0.000,3.0
1507,0.720,1.466,1.492,-0.001,0.000,0.000,3.0
1508,0.720,1.466,1.492,-0.001,0.000,0.000,3.0
1509,0.720,1.466,1.492,-0.001,0.000,0.000,3.0
1510,0.720,1.466,1.492,-0.001,0.000,0.000,3.0
1511,0.720,1.466,1.492,-0.001,0.000,0.000,3.0
1512,0.720,1.466,1.492,-0.001,0.000,0.000,3.0
1513,0.720,1.466,1.492,-0.001,0.000,0.000,3.0
1514,0.720,1.466,1.492,-0.001,0.000,0.000,3.0
1515,0.720,1.466,1.492,-0.001,0.000,0.000,3.0
1516,0.720,1.466,1.492,-0.001,0.000,0.000,3.0
1517,0.720,1.466,1.492,-0.001,0.000,0.000,3.0
1518,0.720,1.466,1.492,-0.001,0.000,0.000,3.0
1519,0.720,1.466,1.492,-0.001,0.000,0.000,3.0
1520,0.720,1.466,1.492,-0.001,0.000,0.000,3.0
1521,0.720,1.466,1.492,-0.001,0.000,0.000,3.0
1522,0.720,1.466,1.492,-0.001,0.000,0.000,3.0
1523,0.720,1.466,1.492,-0.001,0.000,0.000,3.0
1524,0.720,1.466,1.492,-0.001,0.000,0.000,3.0
1525,0.720,1.466,1.492,-0.001,0.000,0.000,3.0
1526,0.720,1.466,1.492,-0.001,0.000,0.000,3.0
1527,0.720,1.466,1.492,-0.001,0.000,0.000,3.0
1528,0.720,1.466,1.492,-0.001,0.000,0.000,3.0
1529,0.720,1.466,1.492,-0.001,0.000,0.000,3.0
1530,0.720,1.466,1.492,-0.001,0.000,0.000,3.0
1531,0.720,1.466,1.492,-0.001,0.000,0.000,3.0
1532,0.720,1.466,1.492,-0.001,0.000,0.000,3.0
1533,0.720,1.466,1.492,-0.001,0.000,0.000,3.0
1534,0.720,1.466,1.492,-0.001,0.000,0.000,3.0
1535,0.720,1.466,1.492,-0.001,0.000,0.000,3.0
1536,0.720,1.466,1.492,-0.001,0.000,0.000,3.0
1537,0.720,1.466,1.492,-0.001,0.000,0.000,3.0
1538,0.720,1.466,1.492,-0.001,0.000,0.000,3.0
1539,0.720,1.466,1.492,-0.001,0.000,0.000,3.0
1540,0.720,1.466,1.492,-0.001,0.000,0.000,3.0
1541,0.720,1.466,1.492,-0.001,0.000,0.000,3.0
1542,0.720,1.466,1.492,-0.001,0.000,0.000,3.0
1543,0.720,1.466,1.492,-0.001,0.000,0.000,3.0
1544,0.720,1.466,1.492,-0.001,0.000,0.000,3.0
1545,0.720,1.466,1.492,-0.001,0.000,0.000,3.0
1546,0.720,1.466,1.492,-0.001,0.000,0.000,3.0
1547,0.720,1.466,1.492,-0.001,0.000,0.000,3.0
1548,0.720,1.466,1.492,-0.001,0.000,0.000,3.0
1549,0.720,1.466,1.492,-0.001,0.000,0.000,3.0
1550,0.720,1.466,1.492,-0.001,0.000,0.000,3.0
1551,0.720,1.466,1.492,-0.001,0.000,0.000,3.0
1552,0.720,1.466,1.492,-0.001,0.000,0.000,3.0
1553,0.720,1.466,1.492,-0.001,0.000,0.000,3.0
1554,0.720,1.466,1.492,-0.001,0.000,0.000,3.0
1555,0.720,1.466,1.492,-0.001,0.000,0.000,3.0
1556,0.720,1.466,1.492,-0.001,0.000,0.000,3.0
1557,0.720,1.466,1.492,-0.001,0.000,0.000,3.0
1558,0.720,1.466,1.492,-0.001,0.000,0.000,3.0
1559,0.720,1.466,1.492,-0.001,0.000,0.000,3.0
1560,0.720,1.466,1.492,-0.001,0.000,0.000,3.0
1561,0.720,1.466,1.492,-0.001,0.000,0.000,3.0
1562,0.720,1.466,1.492,-0.001,0.000,0.000,3.0
1563,0.720,1.466,1.492,-0.001,0.000,0.000,3.0
1564,0.720,1.466,1.492,-0.001,0.000,0.000,3.0
1565,0.720,1.466,1.492,-0.001,0.000,0.000,3.0
1566,0.720,1.466,1.492,-0.001,0.000,0.000,3.0
1567,0.720,1.466,1.492,-0.001,0.000,0.000,3.0
1568,0.720,1.466,1.492,-0.001,0.000,0.000,3.0
1569,0.720,1.466,1.492,-0.001,0.000,0.000,3.0
1570,0.720,1.466,1.492,-0.001,0.000,0.000,3.0
1571,0.720,1.466,1.492,-0.001,0.000,0.000,3.0
1572,0.720,1.466,1.492,-0.001,0.000,0.000,3.0
1573,0.720,1.466,1.492,-0.001,0.000,0.000,3.0
1574,0.720,1.466,1.492,-0.001,0.000,0.000,3.0
1575,0.720,1.466,1.492,-0.001,0.000,0.000,3.0
1576,0.720,1.466,1.492,-0.001,0.000,0.000,3.0
1577,0.720,1.466,1.492,-0.001,0.000,0.000,3.0
1578,0.720,1.466,1.492,-0.001,0.000,0.000,3.0
1579,0.720,1.466,1.492,-0.001,0.000,0.000,3.0
1580,0.720,1.466,1.492,-0.001,0.000,0.000,3.0
1581,0.720,1.466,1.492,-0.001,0.000,0.000,3.0
1582,0.720,1.466,1.492,-0.001,0.000,0.000,3.0
1583,0.720,1.466,1.492,-0.001,0.000,0.000,3.0
1584,0.720,1.466,1.492,-0.001,0.000,0.000,3.0
1585,0.720,1.466,1.492,-0.001,0.000,0.000,3.0
1586,0.720,1.466,1.492,-0.001,0.000,0.000,3.0
1587,0.720,1.466,1.492,-0.001,0.000,0.000,3.0
1588,0.720,1.466,1.492,-0.001,0.000,0.000,3.0
1589,0.720,1.466,1.492,-0.001,0.000,0.000,3.0
1590,0.720,1.466,1.492,-0.001,0.000,0.000,3.0
1591,0.720,1.466,1.492,-0.001,0.000,0.000,3.0
1592,0.720,1.466,1.492,-0.001,0.000,0.000,3.0
1593,0.720,1.466,1.492,-0.001,0.000,0.000,3.0
1594,0.720,1.466,1.492,-0.001,0.000,0.000,3.0
1595,0.720,1.466,1.492,-0.001,0.000,0.000,3.0
1596,0.720,1.466,1.492,-0.001,0.000,0.000,3.0
1597,0.720,1.466,1.492,-0.001,0.000,0.000,3.0
1598,0.720,1.466,1.492,-0.001,0.000,0.000,3.0
1599,0.720,1.466,1.492,-0.001,0.000,0.000,3.0
1600,0.720,1.466,1.492,-0.001,0.000,0.000,3.0
1601,0.720,1.466,1.492,-0.001,0.000,0.000,3.0
1602,0.720,1.466,1.492,-0.001,0.000,0.000,3.0
1603,0.720,1.466,1.492,-0.001,0.000,0.000,3.0
1604,0.720,1.466,1.492,-0.001,0.000,0.000,3.0
1605,0.720,1.466,1.492,-0.001,0.000,0.000,3.0
1606,0.720,1.466,1.492,-0.001,0.000,0.000,3.0
1607,0.720,1.466,1.492,-0.001,0.000,0.000,3.0
1608,0.720,1.466,1.492,-0.001,0.000,0.000,3.0
1609,0.720,1.466,1.492,-0.001,0.000,0.000,3.0
1610,0.720,1.466,1.492,-0.001,0.000,0.000,3.0
1611,0.720,1.466,1.492,-0.001,0.000,0.000,3.0
1612,0.720,1.466,1.492,-0.001,0.000,0.000,3.0
1613,0.720,1.466,1.492,-0.001,0.000,0.000,3.0
1614,0.720,1.466,1.492,-0.001,0.000,0.000,3.0
1615,0.720,1.466,1.492,-0.001,0.000,0.000,3.0
1616,0.720,1.466,1.492,-0.001,0.000,0.000,3.0
1617,0.720,1.466,1.492,-0.001,0.000,0.000,3.0
1618,0.720,1.466,1.492,-0.001,0.000,0.000,3.0
1619,0.720,1.466,1.492,-0.001,0.000,0.000,3.0
1620,0.720,1.466,1.492,-0.001,0.000,0.000,3.0
1621,0.720,1.466,1.492,-0.001,0.000,0.000,3.0
1622,0.720,1.466,1.492,-0.001,0.000,0.000,3.0
1623,0.720,1.466,1.492,-0.001,0.000,0.000,3.0
1624,0.720,1.466,1.492,-0.001,0.000,0.000,3.0
1625,0.720,1.466,1.492,-0.001,0.000,0.000,3.0
1626,0.720,1.466,1.492,-0.001,0.000,0.000,3.0
1627,0.720,1.466,1.492,-0.001,0.000,0.000,3.0
1628,0.720,1.466,1.492,-0.001,0.000,0.000,3.0
1629,0.720,1.466,1.492,-0.001,0.000,0.000,3.0
1630,0.720,1.466,1.492,-0.001,0.000,0.000,3.0
1631,0.720,1.466,1.492,-0.001,0.000,0.000,3.0
1632,0.720,1.466,1.492,-0.001,0.000,0.000,3.0
1633,0.720,1.466,1.492,-0.001,0.000,0.000,3.0
1634,0.720,1.466,1.492,-0.001,0.000,0.000,3.0
1635,0.720,1.466,1.492,-0.001,0.000,0.000,3.0
1636,0.720,1.466,1.492,-0.001,0.000,0.000,3.0
1637,0.720,1.466,1.492,-0.001,0.000,0.000,3.0
1638,0.720,1.466,1.492,-0.001,0.000,0.000,3.0
1639,0.720,1.466,1.492,-0.001,0.000,0.000,3.0
1640,0.720,1.466,1.492,-0.001,0.000,0.000,3.0
1641,0.720,1.466,1.492,-0.001,0.000,0.000,3.0
1642,0.720,1.466,1.492,-0.001,0.000,0.000,3.0
1643,0.720,1.466,1.492,-0.001,0.000,0.000,3.0
1644,0.720,1.466,1.492,-0.001,0.000,0.000,3.0
1645,0.720,1.466,1.492,-0.001,0.000,0.000,3.0
1646,0.720,1.466,1.492,-0.001,0.000,0.000,3.0
1647,0.720,1.466,1.492,-0.001,0.000,0.000,3.0
1648,0.720,1.466,1.492,-0.000,0.000,0.000,3.0
1649,0.720,1.466,1.492,-0.000,0.000,0.000,3.0
1650,0.720,1.466,1.492,-0.000,0.000,0.000,3.0
1651,0.720,1.466,1.492,-0.000,0.000,0.000,3.0
1652,0.720,1.466,1.492,-0.000,0.000,0.000,3.0
1653,0.720,1.466,1.492,-0.000,0.000,0.000,3.0
1654,0.720,1.466,1.492,-0.000,0.000,0.000,3.0
1655,0.720,1.466,1.492,-0.000,0.000,0.000,3.0
1656,0.720,1.466,1.492,-0.000,0.000,0.000,3.0
1657,0.720,1.466,1.492,-0.000,0.000,0.000,3.0
1658,0.720,1.466,1.492,-0.000,0.000,0.000,3.0
1659,0.720,1.466,1.492,-0.000,0.000,0.000,3.0
1660,0.720,1.466,1.492,-0.000,0.000,0.000,3.0
1661,0.720,1.466,1.492,-0.000,0.000,0.000,3.0
1662,0.720,1.466,1.492,-0.000,0.000,0.000,3.0
1663,0.720,1.466,1.492,-0.000,0.000,0.000,3.0
1664,0.720,1.466,1.492,-0.000,0.000,0.000,3.0
1665,0.720,1.466,1.492,-0.000,0.000,0.000,3.0
1666,0.720,1.466,1.492,-0.000,0.000,0.000,3.0
1667,0.720,1.466,1.492,-0.000,0.000,0.000,3.0
1668,0.720,1.466,1.492,-0.000,0.000,0.000,3.0
1669,0.720,1.466,1.492,-0.000,0.000,0.000,3.0
1670,0.720,1.466,1.492,-0.000,0.000,0.000,3.0
1671,0.720,1.466,1.492,-0.000,0.000,0.000,3.0
1672,0.720,1.466,1.492,-0.000,0.000,0.000,3.0
1673,0.720,1.466,1.492,-0.000,0.000,0.000,3.0
1674,0.720,1.466,1.492,-0.000,0.000,0.000,3.0
1675,0.720,1.466,1.492,-0.000,0.000,0.000,3.0
1676,0.720,1.466,1.492,-0.000,0.000,0.000,3.0
1677,0.720,1.466,1.492,-0.000,0.000,0.000,3.0
1678,0.720,1.466,1.492,-0.000,0.000,0.000,3.0
1679,0.720,1.466,1.492,-0.000,0.000,0.000,3.0
1680,0.720,1.466,1.492,-0.000,0.000,0.000,3.0
1681,0.720,1.466,1.492,-0.000,0.000,0.000,3.0
1682,0.720,1.466,1.492,-0.000,0.000,0.000,3.0
1683,0.720,1.466,1.492,-0.000,0.000,0.000,3.0
1684,0.720,1.466,1.492,-0.000,0.000,0.000,3.0
1685,0.720,1.466,1.492,-0.000,0.000,0.000,3.0
1686,0.720,1.466,1.492,-0.000,0.000,0.000,3.0
1687,0.720,1.466,1.492,-0.000,0.000,0.000,3.0
1688,0.720,1.466,1.492,-0.000,0.000,0.000,3.0
1689,0.720,1.466,1.492,-0.000,0.000,0.000,3.0
1690,0.720,1.466,1.492,-0.000,0.000,0.000,3.0
1691,0.720,1.466,1.492,-0.000,0.000,0.000,3.0
1692,0.720,1.466,1.492,-0.000,0.000,0.000,3.0
1693,0.720,1.466,1.492,-0.000,0.000,0.000,3.0
1694,0.720,1.466,1.492,-0.000,0.000,0.000,3.0
1695,0.720,1.466,1.492,-0.000,0.000,0.000,3.0
1696,0.720,1.466,1.492,-0.000,0.000,0.000,3.0
1697,0.720,1.466,1.492,-0.000,0.000,0.000,3.0
1698,0.720,1.466,1.492,-0.000,0.000,0.000,3.0
1699,0.720,1.466,1.492,-0.000,0.000,0.000,3.0
1700,0.720,1.466,1.492,-0.000,0.000,0.000,3.0
1701,0.720,1.466,1.492,-0.000,0.000,0.000,3.0
1702,0.720,1.466,1.492,-0.000,0.000,0.000,3.0
1703,0.720,1.466,1.492,-0.000,0.000,0.000,3.0
1704,0.720,1.466,1.492,-0.000,0.000,0.000,3.0
1705,0.720,1.466,1.492,-0.000,0.000,0.000,3.0
1706,0.720,1.466,1.492,-0.000,0.000,0.000,3.0
1707,0.720,1.466,1.492,-0.000,0.000,0.000,3.0
1708,0.720,1.466,1.492,-0.000,0.000,0.000,3.0
1709,0.720,1.466,1.492,-0.000,0.000,0.000,3.0
1710,0.720,1.466,1.492,-0.000,0.000,0.000,3.0
1711,0.720,1.466,1.492,-0.000,0.000,0.000,3.0
1712,0.720,1.466,1.492,-0.000,0.000,0.000,3.0
1713,0.720,1.466,1.492,-0.000,0.000,0.000,3.0
1714,0.720,1.466,1.492,-0.000,0.000,0.000,3.0
1715,0.720,1.466,1.492,-0.000,0.000,0.000,3.0
1716,0.720,1.466,1.492,-0.000,0.000,0.000,3.0
1717,0.720,1.466,1.492,-0.000,0.000,0.000,3.0
1718,0.720,1.466,1.492,-0.000,0.000,0.000,3.0
1719,0.720,1.466,1.492,-0.000,0.000,0.000,3.0
1720,0.720,1.466,1.492,-0.000,0.000,0.000,3.0
1721,0.720,1.466,1.492,-0.000,0.000,0.000,3.0
1722,0.720,1.466,1.492,-0.000,0.000,0.000,3.0
1723,0.720,1.466,1.492,-0.000,0.000,0.000,3.0
1724,0.720,1.466,1.492,-0.000,0.000,0.000,3.0
1725,0.720,1.466,1.492,-0.000,0.000,0.000,3.0
1726,0.720,1.466,1.492,-0.000,0.000,0.000,3.0
1727,0.720,1.466,1.492,-0.000,0.000,0.000,3.0
1728,0.720,1.466,1.492,-0.000,0.000,0.000,3.0
1729,0.720,1.466,1.492,-0.000,0.000,0.000,3.0
1730,0.720,1.466,1.492,-0.000,0.000,0.000,3.0
1731,0.720,1.466,1.492,-0.000,0.000,0.000,3.0
1732,0.720,1.466,1.492,-0.000,0.000,0.000,3.0
1733,0.720,1.466,1.492,-0.000,0.000,0.000,3.0
1734,0.720,1.466,1.492,-0.000,0.000,0.000,3.0
1735,0.720,1.466,1.492,-0.000,0.000,0.000,3.0
1736,0.720,1.466,1.492,-0.000,0.000,0.000,3.0
1737,0.720,1.466,1.492,-0.000,0.000,0.000,3.0
1738,0.720,1.466,1.492,-0.000,0.000,0.000,3.0
1739,0.720,1.466,1.492,-0.000,0.000,0.000,3.0
1740,0.720,1.466,1.492,-0.000,0.000,0.000,3.0
1741,0.720,1.466,1.492,-0.000,0.000,0.000,3.0
1742,0.720,1.466,1.492,-0.000,0.000,0.000,3.0
1743,0.720,1.466,1.492,-0.000,0.000,0.000,3.0
1744,0.720,1.466,1.492,-0.000,0.000,0.000,3.0
1745,0.720,1.466,1.492,-0.000,0.000,0.000,3.0
1746,0.720,1.466,1.492,-0.000,0.000,0.000,3.0
1747,0.720,1.466,1.492,-0.000,0.000,0.000,3.0
1748,0.720,1.466,1.492,-0.000,0.000,0.000,3.0
1749,0.720,1.466,1.492,-0.000,0.000,0.000,3.0
1750,0.720,1.466,1.492,-0.000,0.000,0.000,3.0
1751,0.720,1.466,1.492,-0.000,0.000,0.000,3.0
1752,0.720,1.466,1.492,-0.000,0.000,0.000,3.0
1753,0.720,1.466,1.492,-0.000,0.000,0.000,3.0
1754,0.720,1.466,1.492,-0.000,0.000,0.000,3.0
1755,0.720,1.466,1.492,-0.000,0.000,0.000,3.0
1756,0.720,1.466,1.492,-0.000,0.000,0.000,3.0
1757,0.720,1.466,1.492,-0.000,0.000,0.000,3.0
1758,0.720,1.466,1.492,-0.000,0.000,0.000,3.0
1759,0.720,1.466,1.492,-0.000,0.000,0.000,3.0
1760,0.720,1.466,1.492,-0.000,0.000,0.000,3.0
1761,0.720,1.466,1.492,-0.000,0.000,0.000,3.0
1762,0.720,1.466,1.492,-0.000,0.000,0.000,3.0
1763,0.720,1.466,1.492,-0.000,0.000,0.000,3.0
1764,0.720,1.466,1.492,-0.000,0.000,0.000,3.0
1765,0.720,1.466,1.492,-0.000,0.000,0.000,3.0
1766,0.720,1.466,1.492,-0.000,0.000,0.000,3.0
1767,0.720,1.466,1.492,-0.000,0.000,0.000,3.0
1768,0.720,1.466,1.492,-0.000,0.000,0.000,3.0
1769,0.720,1.466,1.492,-0.000,0.000,0.000,3.0
1770,0.720,1.466,1.492,-0.000,0.000,0.000,3.0
1771,0.720,1.466,1.492,-0.000,0.000,0.000,3.0
1772,0.720,1.466,1.492,-0.000,0.000,0.000,3.0
1773,0.720,1.466,1.492,-0.000,0.000,0.000,3.0
1774,0.720,1.466,1.492,-0.000,0.000,0.000,3.0
1775,0.720,1.466,1.492,-0.000,0.000,0.000,3.0
1776,0.720,1.466,1.492,-0.000,0.000,0.000,3.0
1777,0.720,1.466,1.492,-0.000,0.000,0.000,3.0
1778,0.720,1.466,1.492,-0.000,0.000,0.000,3.0
1779,0.720,1.466,1.492,-0.000,0.000,0.000,3.0
1780,0.720,1.466,1.492,-0.000,0.000,0.000,3.0
1781,0.720,1.466,1.492,-0.000,0.000,0.000,3.0
1782,0.720,1.466,1.492,-0.000,0.000,0.000,3.0
1783,0.720,1.466,1.492,-0.000,0.000,0.000,3.0
1784,0.720,1.466,1.492,-0.000,0.000,0.000,3.0
1785,0.720,1.466,1.492,-0.000,0.000,0.000,3.0
1786,0.720,1.466,1.492,-0.000,0.000,0.000,3.0
1787,0.720,1.466,1.492,-0.000,0.000,0.000,3.0
1788,0.720,1.466,1.492,-0.000,0.000,0.000,3.0
1789,0.720,1.466,1.492,-0.000,0.000,0.000,3.0
1790,0.720,1.466,1.492,-0.000,0.000,0.000,3.0
1791,0.720,1.466,1.492,-0.000,0.000,0.000,3.0
1792,0.720,1.466,1.492,-0.000,0.000,0.000,3.0
1793,0.720,1.466,1.492,-0.000,0.000,0.000,3.0
1794,0.720,1.466,1.492,-0.000,0.000,0.000,3.0
1795,0.720,1.466,1.492,-0.000,0.000,0.000,3.0
1796,0.720,1.466,1.492,-0.000,0.000,0.000,3.0
1797,0.720,1.466,1.492,-0.000,0.000,0.000,3.0
1798,0.720,1.466,1.492,-0.000,0.000,0.000,3.0
1799,0.720,1.466,1.492,-0.000,0.000,0.000,3.0
1800,0.720,1.466,1.492,-0.000,0.000,0.000,3.0
1801,0.720,1.466,1.492,-0.000,0.000,0.000,3.0
1802,0.720,1.466,1.492,-0.000,0.000,0.000,3.0
1803,0.720,1.466,1.492,-0.000,0.000,0.000,3.0
1804,0.720,1.466,1.492,-0.000,0.000,0.000,3.0
1805,0.720,1.466,1.492,-0.000,0.000,0.000,3.0
1806,0.720,1.466,1.492,-0.000,0.000,0.000,3.0
1807,0.720,1.466,1.492,-0.000,0.000,0.000,3.0
1808,0.720,1.466,1.492,-0.000,0.000,0.000,3.0
1809,0.720,1.466,1.492,-0.000,0.000,0.000,3.0
1810,0.720,1.466,1.492,-0.000,0.000,0.000,3.0
1811,0.720,1.466,1.492,-0.000,0.000,0.000,3.0
1812,0.720,1.466,1.492,-0.000,0.000,0.000,3.0
1813,0.720,1.466,1.492,-0.000,0.000,0.000,3.0
1814,0.720,1.466,1.492,-0.000,0.000,0.000,3.0
1815,0.720,1.466,1.492,-0.000,0.000,0.000,3.0
1816,0.720,1.466,1.492,-0.000,0.000,0.000,3.0
1817,0.720,1.466,1.492,-0.000,0.000,0.000,3.0
1818,0.720,1.466,1.492,-0.000,0.000,0.000,3.0
1819,0.720,1.466,1.492,-0.000,0.000,0.000,3.0
1820,0.720,1.466,1.492,-0.000,0.000,0.000,3.0
1821,0.720,1.466,1.492,-0.000,0.000,0.000,3.0
1822,0.720,1.466,1.492,-0.000,0.000,0.000,3.0
1823,0.720,1.466,1.492,-0.000,0.000,0.000,3.0
1824,0.720,1.466,1.492,-0.000,0.000,0.000,3.0
1825,0.720,1.466,1.492,-0.000,0.000,0.000,3.0
1826,0.720,1.466,1.492,-0.000,0.000,0.000,3.0
1827,0.720,1.466,1.492,-0.000,0.000,0.000,3.0
1828,0.720,1.466,1.492,-0.000,0.000,0.000,3.0
1829,0.720,1.466,1.492,-0.000,0.000,0.000,3.0
1830,0.720,1.466,1.492,-0.000,0.000,0.000,3.0
1831,0.720,1.466,1.492,-0.000,0.000,0.000,3.0
1832,0.720,1.466,1.492,-0.000,0.000,0.000,3.0
1833,0.720,1.466,1.492,-0.000,0.000,0.000,3.0
1834,0.720,1.466,1.492,-0.000,0.000,0.000,3.0
1835,0.720,1.466,1.492,-0.000,0.000,0.000,3.0
1836,0.720,1.466,1.492,-0.000,0.000,0.000,3.0
1837,0.720,1.466,1.492,-0.000,0.000,0.000,3.0
1838,0.720,1.466,1.492,-0.000,0.000,0.000,3.0
1839,0.720,1.466,1.492,-0.000,0.000,0.000,3.0
1840,0.720,1.466,1.492,-0.000,0.000,0.000,3.0
1841,0.720,1.466,1.492,-0.000,0.000,0.000,3.0
1842,0.720,1.466,1.492,-0.000,0.000,0.000,3.0
1843,0.720,1.466,1.492,-0.000,0.000,0.000,3.0
1844,0.720,1.466,1.492,-0.000,0.000,0.000,3.0
1845,0.720,1.466,1.492,-0.000,0.000,0.000,3.0
1846,0.720,1.466,1.492,-0.000,0.000,0.000,3.0
1847,0.720,1.466,1.492,-0.000,0.000,0.000,3.0
1848,0.720,1.466,1.492,-0.000,0.000,0.000,3.0
1849,0.720,1.466,1.492,-0.000,0.000,0.000,3.0
1850,0.720,1.466,1.492,-0.000,0.000,0.000,3.0
1851,0.720,1.466,1.492,-0.000,0.000,0.000,3.0
1852,0.720,1.466,1.492,-0.000,0.000,0.000,3.0
1853,0.720,1.466,1.492,-0.000,0.000,0.000,3.0
1854,0.720,1.466,1.492,-0.000,0.000,0.000,3.0
1855,0.720,1.466,1.492,-0.000,0.000,0.000,3.0
1856,0.720,1.466,1.492,-0.000,0.000,0.000,3.0
1857,0.720,1.466,1.492,-0.000,0.000,0.000,3.0
1858,0.720,1.466,1.492,-0.000,0.000,0.000,3.0
1859,0.720,1.466,1.492,-0.000,0.000,0.000,3.0
1860,0.720,1.466,1.492,-0.000,0.000,0.000,3.0
1861,0.720,1.466,1.492,-0.000,0.000,0.000,3.0
1862,0.720,1.466,1.492,-0.000,0.000,0.000,3.0
1863,0.720,1.466,1.492,-0.000,0.000,0.000,3.0
1864,0.720,1.466,1.492,-0.000,0.000,0.000,3.0
1865,0.720,1.466,1.492,-0.000,0.000,0.000,3.0
1866,0.720,1.466,1.492,-0.000,0.000,0.000,3.0
1867,0.720,1.466,1.492,-0.000,0.000,0.000,3.0
1868,0.720,1.466,1.492,-0.000,0.000,0.000,3.0
1869,0.720,1.466,1.492,-0.000,0.000,0.000,3.0
1870,0.720,1.466,1.492,-0.000,0.000,0.000,3.0
1871,0.720,1.466,1.492,-0.000,0.000,0.000,3.0
1872,0.720,1.466,1.492,-0.000,0.000,0.000,3.0
1873,0.720,1.466,1.492,-0.000,0.000,0.000,3.0
1874,0.720,1.466,1.492,-0.000,0.000,0.000,3.0
1875,0.720,1.466,1.492,-0.000,0.000,0.000,3.0
1876,0.720,1.466,1.492,-0.000,0.000,0.000,3.0
1877,0.720,1.466,1.492,-0.000,0.000,0.000,3.0
1878,0.720,1.466,1.492,-0.000,0.000,0.000,3.0
1879,0.720,1.466,1.492,-0.000,0.000,0.000,3.0
1880,0.720,1.466,1.492,-0.000,0.000,0.000,3.0
1881,0.720,1.466,1.492,-0.000,0.000,0.000,3.0
1882,0.720,1.466,1.492,-0.000,0.000,0.000,3.0
1883,0.720,1.466,1.492,-0.000,0.000,0.000,3.0
1884,0.720,1.466,1.492,-0.000,0.000,0.000,3.0
1885,0.720,1.466,1.492,-0.000,0.000,0.000,3.0
1886,0.720,1.466,1.492,-0.000,0.000,0.000,3.0
1887,0.720,1.466,1.492,-0.000,0.000,0.000,3.0
1888,0.720,1.466,1.492,-0.000,0.000,0.000,3.0
1889,0.720,1.466,1.492,-0.000,0.000,0.000,3.0
1890,0.720,1.466,1.492,-0.000,0.000,0.000,3.0
1891,0.720,1.466,1.492,-0.000,0.000,0.000,3.0
1892,0.720,1.466,1.492,-0.000,0.000,0.000,3.0
1893,0.720,1.466,1.492,-0.000,0.000,0.000,3.0
1894,0.720,1.466,1.492,-0.000,0.000,0.000,3.0
1895,0.720,1.466,1.492,-0.000,0.000,0.000,3.0
1896,0.720,1.466,1.492,-0.000,0.000,0.000,3.0
1897,0.720,1.466,1.492,-0.000,0.000,0.000,3.0
1898,0.720,1.466,1.492,-0.000,0.000,0.000,3.0
1899,0.720,1.466,1.492,-0.000,0.000,0.000,3.0
1900,0.720,1.466,1.492,-0.000,0.000,0.000,3.0
1901,0.720,1.466,1.492,-0.000,0.000,0.000,3.0
1902,0.720,1.466,1.492,-0.000,0.000,0.000,3.0
1903,0.720,1.466,1.492,-0.000,0.000,0.000,3.0
1904,0.720,1.466,1.492,-0.000,0.000,0.000,3.0
1905,0.720,1.466,1.492,-0.000,0.000,0.000,3.0
1906,0.720,1.466,1.492,-0.000,0.000,0.000,3.0
1907,0.720,1.466,1.492,-0.000,0.000,0.000,3.0
1908,0.720,1.466,1.492,-0.000,0.000,0.000,3.0
1909,0.720,1.466,1.492,-0.000,0.000,0.000,3.0
1910,0.720,1.466,1.492,-0.000,0.000,0.000,3.0
1911,0.720,1.466,1.492,-0.000,0.000,0.000,3.0
1912,0.720,1.466,1.492,-0.000,0.000,0.000,3.0
1913,0.720,1.466,1.492,-0.000,0.000,0.000,3.0
1914,0.720,1.466,1.492,-0.000,0.000,0.000,3.0
1915,0.720,1.466,1.492,-0.000,0.000,0.000,3.0
1916,0.720,1.466,1.492,-0.000,0.000,0.000,3.0
1917,0.720,1.466,1.492,-0.000,0.000,0.000,3.0
1918,0.720,1.466,1.492,-0.000,0.000,0.000,3.0
1919,0.720,1.466,1.492,-0.000,0.000,0.000,3.0
1920,0.720,1.466,1.492,-0.000,0.000,0.000,3.0
1921,0.720,1.466,1.492,-0.000,0.000,0.000,3.0
1922,0.720,1.466,1.492,-0.000,0.000,0.000,3.0
1923,0.720,1.466,1.492,-0.000,0.000,0.000,3.0
1924,0.720,1.466,1.492,-0.000,0.000,0.000,3.0
1925,0.720,1.466,1.492,-0.000,0.000,0.000,3.0
1926,0.720,1.466,1.492,-0.000,0.000,0.000,3.0
1927,0.720,1.466,1.492,-0.000,0.000,0.000,3.0
1928,0.720,1.466,1.492,-0.000,0.000,0.000,3.0
1929,0.720,1.466,1.492,-0.000,0.000,0.000,3.0
1930,0.720,1.466,1.492,-0.000,0.000,0.000,3.0
1931,0.720,1.466,1.492,-0.000,0.000,0.000,3.0
1932,0.720,1.466,1.492,-0.000,0.000,0.000,3.0
1933,0.720,1.466,1.492,-0.000,0.000,0.000,3.0
1934,0.720,1.466,1.492,-0.000,0.000,0.000,3.0
1935,0.720,1.466,1.492,-0.000,0.000,0.000,3.0
1936,0.720,1.466,1.492,-0.000,0.000,0.000,3.0
1937,0.720,1.466,1.492,-0.000,0.000,0.000,3.0
1938,0.720,1.466,1.492,-0.000,0.000,0.000,3.0
1939,0.720,1.466,1.492,-0.000,0.000,0.000,3.0
1940,0.720,1.466,1.492,-0.000,0.000,0.000,3.0
1941,0.720,1.466,1.492,-0.000,0.000,0.000,3.0
1942,0.720,1.466,1.492,-0.000,0.000,0.000,3.0
1943,0.720,1.466,1.492,-0.000,0.000,0.000,3.0
1944,0.720,1.466,1.492,-0.000,0.000,0.000,3.0
1945,0.720,1.466,1.492,-0.000,0.000,0.000,3.0
1946,0.720,1.466,1.492,-0.000,0.000,0.000,3.0
1947,0.720,1.466,1.492,-0.000,0.000,0.000,3.0
1948,0.720,1.466,1.492,-0.000,0.000,0.000,3.0
1949,0.720,1.466,1.492,-0.000,0.000,0.000,3.0
1950,0.720,1.466,1.492,-0.000,0.000,0.000,3.0
1951,0.720,1.466,1.492,-0.000,0.000,0.000,3.0
1952,0.720,1.466,1.492,-0.000,0.000,0.000,3.0
1953,0.720,1.466,1.492,-0.000,0.000,0.000,3.0
1954,0.720,1.466,1.492,-0.000,0.000,0.000,3.0
1955,0.720,1.466,1.492,-0.000,0.000,0.000,3.0
1956,0.720,1.466,1.492,-0.000,0.000,0.000,3.0
1957,0.720,1.466,1.492,-0.000,0.000,0.000,3.0
1958,0.720,1.466,1.492,-0.000,0.000,0.000,3.0
1959,0.720,1.466,1.492,-0.000,0.000,0.000,3.0
1960,0.720,1.466,1.492,-0.000,0.000,0.000,3.0
1961,0.720,1.466,1.492,-0.000,0.000,0.000,3.0
1962,0.720,1.466,1.492,-0.000,0.000,0.000,3.0
1963,0.720,1.466,1.492,-0.000,0.000,0.000,3.0
1964,0.720,1.466,1.492,-0.000,0.000,0.000,3.0
1965,0.720,1.466,1.492,-0.000,0.000,0.000,3.0
1966,0.720,1.466,1.492,-0.000,0.000,0.000,3.0
1967,0.720,1.466,1.492,-0.000,0.000,0.000,3.0
1968,0.720,1.466,1.492,-0.000,0.000,0.000,3.0
1969,0.720,1.466,1.492,-0.000,0.000,0.000,3.0
1970,0.720,1.466,1.492,-0.000,0.000,0.000,3.0
1971,0.720,1.466,1.492,-0.000,0.000,0.000,3.0
1972,0.720,1.466,1.492,-0.000,0.000,0.000,3.0
1973,0.720,1.466,1.492,-0.000,0.000,0.000,3.0
1974,0.720,1.466,1.492,-0.000,0.000,0.000,3.0
1975,0.720,1.466,1.492,-0.000,0.000,0.000,3.0
1976,0.720,1.466,1.492,-0.000,0.000,0.000,3.0
1977,0.720,1.466,1.492,-0.000,0.000,0.000,3.0
1978,0.720,1.466,1.492,-0.000,0.000,0.000,3.0
1979,0.720,1.466,1.492,-0.000,0.000,0.000,3.0
1980,0.720,1.466,1.492,-0.000,0.000,0.000,3.0
1981,0.720,1.466,1.492,-0.000,0.000,0.000,3.0
1982,0.720,1.466,1.492,-0.000,0.000,0.000,3.0
1983,0.720,1.466,1.492,-0.000,0.000,0.000,3.0
1984,0.720,1.466,1.492,-0.000,0.000,0.000,3.0
1985,0.720,1.466,1.492,-0.000,0.000,0.000,3.0
1986,0.720,1.466,1.492,-0.000,0.000,0.000,3.0
1987,0.720,1.466,1.492,-0.000,0.000,0.000,3.0
1988,0.720,1.466,1.492,-0.000,0.000,0.000,3.0
1989,0.720,1.466,1.492,-0.000,0.000,0.000,3.0
1990,0.720,1.466,1.492,-0.000,0.000,0.000,3.0
1991,0.720,1.466,1.492,-0.000,0.000,0.000,3.0
1992,0.720,1.466,1.492,-0.000,0.000,0.000,3.0
1993,0.720,1.466,1.492,-0.000,0.000,0.000,3.0
1994,0.720,1.466,1.492,-0.000,0.000,0.000,3.0
1995,0.720,1.466,1.492,-0.000,0.000,0.000,3.0
1996,0.720,1.466,1.492,-0.000,0.000,0.000,3.0
1997,0.720,1.466,1.492,-0.000,0.000,0.000,3.0
1998,0.720,1.466,1.492,-0.000,0.000,0.000,3.0
1999,0.720,1.466,1.492,-0.000,0.000,0.000,3.0
2000,0.720,1.466,1.492,-0.000,0.000,0.000,3.0
2001,0.720,1.466,1.492,-0.000,0.000,0.000,3.0
2002,0.720,1.466,1.492,-0.000,0.000,0.000,3.0
2003,0.720,1.466,1.492,-0.000,0.000,0.000,3.0
2004,0.720,1.466,1.492,-0.000,0.000,0.000,3.0
2005,0.720,1.466,1.492,-0.000,0.000,0.000,3.0
2006,0.720,1.466,1.492,-0.000,0.000,0.000,3.0
2007,0.720,1.466,1.492,-0.000,0.000,0.000,3.0
2008,0.720,1.466,1.492,-0.000,0.000,0.000,3.0
2009,0.720,1.466,1.492,-0.000,0.000,0.000,3.0
2010,0.720,1.466,1.492,-0.000,0.000,0.000,3.0
2011,0.720,1.466,1.492,-0.000,0.000,0.000,3.0
2012,0.720,1.466,1.492,-0.000,0.000,0.000,3.0
2013,0.720,1.466,1.492,-0.000,0.000,0.000,3.0
2014,0.720,1.466,1.492,-0.000,0.000,0.000,3.0
2015,0.720,1.466,1.492,-0.000,0.000,0.000,3.0
2016,0.720,1.466,1.492,-0.000,0.000,0.000,3.0
2017,0.720,1.466,1.492,-0.000,0.000,0.000,3.0
2018,0.720,1.466,1.492,-0.000,0.000,0.000,3.0
2019,0.720,1.466,1.492,-0.000,0.000,0.000,3.0
2020,0.720,1.466,1.492,-0.000,0.000,0.000,3.0
2021,0.720,1.466,1.492,-0.000,0.000,0.000,3.0
2022,0.720,1.466,1.492,-0.000,0.000,0.000,3.0
2023,0.720,1.466,1.492,-0.000,0.000,0.000,3.0
2024,0.720,1.466,1.492,-0.000,0.000,0.000,3.0
2025,0.720,1.466,1.492,-0.000,0.000,0.000,3.0
2026,0.720,1.466,1.492,-0.000,0.000,0.000,3.0
2027,0.720,1.466,1.492,-0.000,0.000,0.000,3.0
2028,0.720,1.466,1.492,-0.000,0.000,0.000,3.0
2029,0.720,1.466,1.492,-0.000,0.000,0.000,3.0
2030,0.720,1.466,1.492,-0.000,0.000,0.000,3.0
2031,0.720,1.466,1.492,-0.000,0.000,0.000,3.0
2032,0.720,1.466,1.492,-0.000,0.000,-0.000,3.0
2033,0.720,1.466,1.492,-0.000,0.000,-0.000,3.0
2034,0.720,1.466,1.492,-0.000,0.000,-0.000,3.0
2035,0.720,1.466,1.492,-0.000,0.000,-0.000,3.0
2036,0.720,1.466,1.492,-0.000,0.000,0.000,3.0
2037,0.720,1.466,1.492,-0.000,0.000,0.000,3.0
2038,0.720,1.466,1.492,-0.000,0.000,0.000,3.0
2039,0.720,1.466,1.492,-0.000,0.000,0.000,3.0
2040,0.720,1.466,1.492,-0.000,0.000,0.000,3.0
2041,0.720,1.466,1.492,-0.000,0.000,0.000,3.0
2042,0.720,1.466,1.492,-0.000,0.000,0.000,3.0
2043,0.720,1.466,1.492,-0.000,0.000,0.000,3.0
2044,0.720,1.466,1.492,-0.000,0.000,0.000,3.0
2045,0.720,1.466,1.492,-0.000,0.000,0.000,3.0
2046,0.720,1.466,1.492,-0.000,0.000,0.000,3.0
2047,0.720,1.466,1.492,-0.000,0.000,0.000,3.0
2048,0.720,1.466,1.492,-0.000,0.000,0.000,3.0
2049,0.720,1.466,1.492,-0.000,0.000,0.000,3.0
2050,0.720,1.466,1.492,-0.000,0.000,0.000,3.0
2051,0.720,1.466,1.492,-0.000,0.000,0.000,3.0
2052,0.720,1.466,1.492,-0.000,0.000,0.000,3.0
2053,0.720,1.466,1.492,-0.000,0.000,0.000,3.0
2054,0.720,1.466,1.492,-0.000,0.000,0.000,3.0
2055,0.720,1.466,1.492,-0.000,0.000,0.000,3.0
2056,0.720,1.466,1.492,-0.000,0.000,0.000,3.0
2057,0.720,1.466,1.492,-0.000,0.000,0.000,3.0
2058,0.720,1.466,1.492,-0.000,0.000,0.000,3.0
2059,0.720,1.466,1.492,-0.000,0.000,0.000,3.0
2060,0.720,1.466,1.492,-0.000,0.000,0.000,3.0
2061,0.720,1.466,1.492,-0.000,0.000,0.000,3.0
2062,0.720,1.466,1.492,-0.000,0.000,0.000,3.0
2063,0.720,1.466,1.492,-0.000,0.000,0.000,3.0
2064,0.720,1.466,1.492,-0.000,0.000,0.000,3.0
2065,0.720,1.466,1.492,-0.000,0.000,0.000,3.0
2066,0.720,1.466,1.492,-0.000,0.000,0.000,3.0
2067,0.720,1.466,1.492,-0.000,0.000,0.000,3.0
2068,0.720,1.466,1.492,-0.000,0.000,0.000,3.0
2069,0.720,1.466,1.492,-0.000,0.000,0.000,3.0
2070,0.720,1.466,1.492,-0.000,0.000,0.000,3.0
2071,0.720,1.466,1.492,-0.000,0.000,0.000,3.0
2072,0.720,1.466,1.492,-0.000,0.000,0.000,3.0
2073,0.720,1.466,1.492,-0.000,0.000,-0.000,3.0
2074,0.720,1.466,1.492,-0.000,0.000,-0.000,3.0
2075,0.720,1.466,1.492,-0.000,0.000,-0.000,3.0
2076,0.720,1.466,1.492,-0.000,0.000,0.000,3.0
2077,0.720,1.466,1.492,-0.000,0.000,0.000,3.0
2078,0.720,1.466,1.492,-0.000,0.000,0.000,3.0
2079,0.720,1.466,1.492,-0.000,0.000,0.000,3.0
2080,0.720,1.466,1.492,-0.000,0.000,0.000,3.0
2081,0.720,1.466,1.492,-0.000,0.000,0.000,3.0
2082,0.720,1.466,1.492,-0.000,0.000,-0.000,3.0
2083,0.720,1.466,1.492,-0.000,0.000,-0.000,3.0
2084,0.720,1.466,1.492,-0.000,0.000,-0.000,3.0
2085,0.720,1.466,1.492,-0.000,0.000,-0.000,3.0
2086,0.720,1.466,1.492,-0.000,0.000,-0.000,3.0
2087,0.720,1.466,1.492,-0.000,0.000,-0.000,3.0
2088,0.720,1.466,1.492,-0.000,0.000,-0.000,3.0
2089,0.720,1.466,1.492,-0.000,0.000,0.000,3.0
2090,0.720,1.466,1.492,-0.000,0.000,0.000,3.0
2091,0.720,1.466,1.492,-0.000,0.000,0.000,3.0
2092,0.720,1.466,1.492,-0.000,0.000,0.000,3.0
2093,0.720,1.466,1.492,-0.000,0.000,0.000,3.0
2094,0.720,1.466,1.492,-0.000,0.000,0.000,3.0
2095,0.720,1.466,1.492,-0.000,0.000,0.000,3.0
2096,0.720,1.466,1.492,-0.000,0.000,-0.000,3.0
2097,0.720,1.466,1.492,-0.000,0.000,-0.000,3.0
2098,0.720,1.466,1.492,-0.000,0.000,-0.000,3.0
2099,0.720,1.466,1.492,-0.000,0.000,-0.000,3.0
2100,0.720,1.466,1.492,-0.000,0.000,0.000,3.0
2101,0.720,1.466,1.492,-0.000,0.000,0.000,3.0
2102,0.720,1.466,1.492,-0.000,0.000,0.000,3.0
2103,0.720,1.466,1.492,-0.000,0.000,0.000,3.0
2104,0.720,1.466,1.492,-0.000,0.000,0.000,3.0
2105,0.720,1.466,1.492,-0.000,0.000,0.000,3.0
2106,0.720,1.466,1.492,-0.000,0.000,0.000,3.0
2107,0.720,1.466,1.492,-0.000,0.000,0.000,3.0
2108,0.720,1.466,1.492,-0.000,0.000,0.000,3.0
2109,0.720,1.466,1.492,-0.000,0.000,0.000,3.0
2110,0.720,1.466,1.492,-0.000,0.000,0.000,3.0
2111,0.720,1.466,1.492,-0.000,0.000,0.000,3.0
2112,0.720,1.466,1.492,-0.000,0.000,0.000,3.0
2113,0.720,1.466,1.492,-0.000,0.000,0.000,3.0
2114,0.720,1.466,1.492,-0.000,0.000,0.000,3.0
2115,0.720,1.466,1.492,-0.000,0.000,0.000,3.0
2116,0.720,1.466,1.492,-0.000,0.000,0.000,3.0
2117,0.720,1.466,1.492,-0.000,0.000,0.000,3.0
2118,0.720,1.466,1.492,-0.000,0.000,0.000,3.0
2119,0.720,1.466,1.492,-0.000,0.000,0.000,3.0
2120,0.720,1.466,1.492,-0.000,0.000,0.000,3.0
2121,0.720,1.466,1.492,-0.000,0.000,0.000,3.0
2122,0.720,1.466,1.492,-0.000,0.000,0.000,3.0
2123,0.720,1.466,1.492,-0.000,0.000,0.000,3.0
2124,0.720,1.466,1.492,-0.000,0.000,0.000,3.0
2125,0.720,1.466,1.492,-0.000,0.000,0.000,3.0
2126,0.720,1.466,1.492,-0.000,0.000,0.000,3.0
2127,0.720,1.466,1.492,-0.000,0.000,0.000,3.0
2128,0.720,1.466,1.492,-0.000,0.000,0.000,3.0
2129,0.720,1.466,1.492,-0.000,0.000,0.000,3.0
2130,0.720,1.466,1.492,-0.000,0.000,0.000,3.0
2131,0.720,1.466,1.492,-0.000,0.000,0.000,3.0
2132,0.720,1.466,1.492,-0.000,0.000,0.000,3.0
2133,0.720,1.466,1.492,-0.000,0.000,0.000,3.0
2134,0.720,1.466,1.492,-0.000,0.000,0.000,3.0
2135,0.720,1.466,1.492,-0.000,0.000,-0.000,3.0
2136,0.720,1.466,1.492,-0.000,0.000,-0.000,3.0
2137,0.720,1.466,1.492,-0.000,0.000,-0.000,3.0
2138,0.720,1.466,1.492,-0.000,-0.000,-0.000,3.0
2139,0.720,1.466,1.492,-0.000,-0.000,-0.000,3.0
2140,0.720,1.466,1.492,-0.000,-0.000,-0.000,3.0
2141,0.720,1.466,1.492,-0.000,-0.000,-0.000,3.0
2142,0.720,1.466,1.492,-0.000,0.000,-0.000,3.0
2143,0.720,1.466,1.492,-0.000,0.000,-0.000,3.0
2144,0.720,1.466,1.492,-0.000,0.000,-0.000,3.0
2145,0.720,1.466,1.492,-0.000,0.000,0.000,3.0
2146,0.720,1.466,1.492,-0.000,0.000,0.000,3.0
2147,0.720,1.466,1.492,-0.000,0.000,0.000,3.0
2148,0.720,1.466,1.492,-0.000,0.000,0.000,3.0
2149,0.720,1.466,1.492,-0.000,0.000,0.000,3.0
2150,0.720,1.466,1.492,-0.000,0.000,0.000,3.0
2151,0.720,1.466,1.492,-0.000,0.000,0.000,3.0
2152,0.720,1.466,1.492,-0.000,0.000,-0.000,3.0
2153,0.720,1.466,1.492,-0.000,-0.000,-0.000,3.0
2154,0.720,1.466,1.492,-0.000,-0.000,-0.000,3.0
2155,0.720,1.466,1.492,-0.000,-0.000,-0.000,3.0
2156,0.720,1.466,1.492,-0.000,-0.000,-0.000,3.0
2157,0.720,1.466,1.492,-0.000,-0.000,-0.000,3.0
2158,0.720,1.466,1.492,-0.000,0.000,-0.000,3.0
2159,0.720,1.466,1.492,-0.000,0.000,0.000,3.0
2160,0.720,1.466,1.492,-0.000,0.000,0.000,3.0
2161,0.720,1.466,1.492,-0.000,0.000,0.000,3.0
2162,0.720,1.466,1.492,-0.000,0.000,0.000,3.0
2163,0.720,1.466,1.492,-0.000,0.000,0.000,3.0
2164,0.720,1.466,1.492,-0.000,0.000,0.000,3.0
2165,0.720,1.466,1.492,-0.000,0.000,0.000,3.0
2166,0.720,1.466,1.492,-0.000,0.000,0.000,3.0
2167,0.720,1.466,1.492,-0.000,0.000,0.000,3.0
2168,0.720,1.466,1.492,-0.000,0.000,0.000,3.0
2169,0.720,1.466,1.492,-0.000,0.000,0.000,3.0
2170,0.720,1.466,1.492,-0.000,0.000,0.000,3.0
2171,0.720,1.466,1.492,-0.000,0.000,0.000,3.0
2172,0.720,1.466,1.492,-0.000,0.000,0.000,3.0
2173,0.720,1.466,1.492,-0.000,0.000,0.000,3.0
2174,0.720,1.466,1.492,-0.000,0.000,0.000,3.0
2175,0.720,1.466,1.492,-0.000,0.000,0.000,3.0
2176,0.720,1.466,1.492,-0.000,0.000,0.000,3.0
2177,0.720,1.466,1.492,-0.000,0.000,0.000,3.0
2178,0.720,1.466,1.492,-0.000,0.000,0.000,3.0
2179,0.720,1.466,1.492,-0.000,0.000,0.000,3.0
2180,0.720,1.466,1.492,-0.000,0.000,0.000,3.0
2181,0.720,1.466,1.492,-0.000,0.000,0.000,3.0
2182,0.720,1.466,1.492,-0.000,0.000,0.000,3.0
2183,0.720,1.466,1.492,-0.000,0.000,0.000,3.0
2184,0.720,1.466,1.492,-0.000,0.000,0.000,3.0
2185,0.720,1.466,1.492,-0.000,0.000,0.000,3.0
2186,0.720,1.466,1.492,-0.000,0.000,0.000,3.0
2187,0.720,1.466,1.492,-0.000,0.000,0.000,3.0
2188,0.720,1.466,1.492,-0.000,0.000,0.000,3.0
2189,0.720,1.466,1.492,-0.000,0.000,0.000,3.0
2190,0.720,1.466,1.492,-0.000,0.000,0.000,3.0
2191,0.720,1.466,1.492,-0.000,0.000,0.000,3.0
2192,0.720,1.466,1.492,-0.000,0.000,0.000,3.0
2193,0.720,1.466,1.492,-0.000,0.000,0.000,3.0
2194,0.720,1.466,1.492,-0.000,0.000,0.000,3.0
2195,0.720,1.466,1.492,-0.000,0.000,0.000,3.0
2196,0.720,1.466,1.492,-0.000,0.000,0.000,3.0
2197,0.720,1.466,1.492,-0.000,0.000,0.000,3.0
2198,0.720,1.466,1.492,-0.000,0.000,0.000,3.0
2199,0.720,1.466,1.492,-0.000,0.000,0.000,3.0
2200,0.720,1.466,1.492,-0.000,0.000,0.000,3.0
2201,0.720,1.466,1.492,-0.000,0.000,0.000,3.0
2202,0.720,1.466,1.492,-0.000,0.000,0.000,3.0
2203,0.720,1.466,1.492,-0.000,0.000,0.000,3.0
2204,0.720,1.466,1.492,-0.000,0.000,0.000,3.0
2205,0.720,1.466,1.492,-0.000,0.000,0.000,3.0
2206,0.720,1.466,1.492,-0.000,-0.000,-0.000,3.0
2207,0.720,1.466,1.492,-0.000,-0.000,-0.000,3.0
2208,0.720,1.466,1.492,-0.000,-0.000,-0.000,3.0
2209,0.720,1.466,1.492,-0.000,-0.000,-0.000,3.0
2210,0.720,1.466,1.492,-0.000,-0.000,-0.000,3.0
2211,0.720,1.466,1.492,-0.000,-0.000,-0.000,3.0
2212,0.720,1.466,1.492,-0.000,-0.000,-0.000,3.0
2213,0.720,1.466,1.492,-0.000,0.000,-0.000,3.0
2214,0.720,1.466,1.492,-0.000,0.000,-0.000,3.0
2215,0.720,1.466,1.492,-0.000,0.000,0.000,3.0
2216,0.720,1.466,1.492,-0.000,0.000,0.000,3.0
2217,0.720,1.466,1.492,-0.000,0.000,0.000,3.0
2218,0.720,1.466,1.492,-0.000,0.000,0.000,3.0
2219,0.720,1.466,1.492,-0.000,0.000,0.000,3.0
2220,0.720,1.466,1.492,-0.000,0.000,0.000,3.0
2221,0.720,1.466,1.492,-0.000,0.000,0.000,3.0
2222,0.720,1.466,1.492,-0.000,0.000,0.000,3.0
2223,0.720,1.466,1.492,-0.000,0.000,0.000,3.0
2224,0.720,1.466,1.492,-0.000,0.000,0.000,3.0
2225,0.720,1.466,1.492,-0.000,0.000,0.000,3.0
2226,0.720,1.466,1.492,-0.000,0.000,0.000,3.0
2227,0.720,1.466,1.492,-0.000,0.000,0.000,3.0
2228,0.720,1.466,1.492,-0.000,0.000,0.000,3.0
2229,0.720,1.466,1.492,-0.000,0.000,0.000,3.0
2230,0.720,1.466,1.492,-0.000,0.000,0.000,3.0
2231,0.720,1.466,1.492,-0.000,0.000,0.000,3.0
2232,0.720,1.466,1.492,-0.000,0.000,0.000,3.0
2233,0.720,1.466,1.492,-0.000,0.000,0.000,3.0
2234,0.720,1.466,1.492,-0.000,0.000,0.000,3.0
2235,0.720,1.466,1.492,-0.000,0.000,0.000,3.0
2236,0.720,1.466,1.492,-0.000,0.000,0.000,3.0
2237,0.720,1.466,1.492,-0.000,0.000,0.000,3.0
2238,0.720,1.466,1.492,-0.000,0.000,0.000,3.0
2239,0.720,1.466,1.492,-0.000,0.000,0.000,3.0
2240,0.720,1.466,1.492,-0.000,0.000,0.000,3.0
2241,0.720,1.466,1.492,-0.000,0.000,-0.000,3.0
2242,0.720,1.466,1.492,-0.000,0.000,-0.000,3.0
2243,0.720,1.466,1.492,-0.000,0.000,-0.000,3.0
2244,0.720,1.466,1.492,-0.000,0.000,-0.000,3.0
2245,0.720,1.466,1.492,-0.000,0.000,0.000,3.0
2246,0.720,1.466,1.492,-0.000,0.000,0.000,3.0
2247,0.720,1.466,1.492,-0.000,0.000,0.000,3.0
2248,0.720,1.466,1.492,-0.000,0.000,0.000,3.0
2249,0.720,1.466,1.492,-0.000,0.000,0.000,3.0
2250,0.720,1.466,1.492,-0.000,-0.000,0.000,3.0
2251,0.720,1.466,1.492,-0.000,-0.000,0.000,3.0
2252,0.720,1.466,1.492,-0.000,-0.000,-0.000,3.0
2253,0.720,1.466,1.492,-0.000,-0.000,-0.000,3.0
2254,0.720,1.466,1.492,-0.000,0.000,-0.000,3.0
2255,0.720,1.466,1.492,-0.000,0.000,-0.000,3.0
2256,0.720,1.466,1.492,-0.000,0.000,0.000,3.0
2257,0.720,1.466,1.492,-0.000,0.000,0.000,3.0
2258,0.720,1.466,1.492,-0.000,0.000,0.000,3.0
2259,0.720,1.466,1.492,-0.000,0.000,0.000,3.0
2260,0.720,1.466,1.492,-0.000,0.000,0.000,3.0
2261,0.720,1.466,1.492,-0.000,0.000,0.000,3.0
2262,0.720,1.466,1.492,-0.000,0.000,0.000,3.0
2263,0.720,1.466,1.492,-0.000,0.000,0.000,3.0
2264,0.720,1.466,1.492,-0.000,0.000,0.000,3.0
2265,0.720,1.466,1.492,0.000,0.000,0.000,3.0
2266,0.720,1.466,1.492,0.000,0.000,0.000,3.0
2267,0.720,1.466,1.492,0.000,0.000,0.000,3.0
2268,0.720,1.466,1.492,0.000,0.000,0.000,3.0
2269,0.720,1.466,1.492,0.000,0.000,0.000,3.0
2270,0.720,1.466,1.492,0.000,0.000,0.000,3.0
2271,0.720,1.466,1.492,0.000,0.000,0.000,3.0
2272,0.720,1.466,1.492,-0.000,0.000,0.000,3.0
2273,0.720,1.466,1.492,-0.000,0.000,0.000,3.0
2274,0.720,1.466,1.492,-0.000,0.000,0.000,3.0
2275,0.720,1.466,1.492,-0.000,0.000,-0.000,3.0
2276,0.720,1.466,1.492,-0.000,0.000,-0.000,3.0
2277,0.720,1.466,1.492,-0.000,0.000,-0.000,3.0
2278,0.720,1.466,1.492,-0.000,0.000,-0.000,3.0
2279,0.720,1.466,1.492,-0.000,0.000,-0.000,3.0
2280,0.720,1.466,1.492,-0.000,0.000,0.000,3.0
2281,0.720,1.466,1.492,-0.000,0.000,0.000,3.0
2282,0.720,1.466,1.492,-0.000,0.000,0.000,3.0
2283,0.720,1.466,1.492,-0.000,0.000,0.000,3.0
2284,0.720,1.466,1.492,-0.000,0.000,0.000,3.0
2285,0.720,1.466,1.492,-0.000,0.000,0.000,3.0
2286,0.720,1.466,1.492,-0.000,0.000,0.000,3.0
2287,0.720,1.466,1.492,-0.000,0.000,0.000,3.0
2288,0.720,1.466,1.492,-0.000,0.000,0.000,3.0
2289,0.720,1.466,1.492,-0.000,0.000,0.000,3.0
2290,0.720,1.466,1.492,-0.000,0.000,0.000,3.0
2291,0.720,1.466,1.492,-0.000,0.000,0.000,3.0
2292,0.720,1.466,1.492,-0.000,0.000,0.000,3.0
2293,0.720,1.466,1.492,-0.000,0.000,0.000,3.0
2294,0.720,1.466,1.492,-0.000,0.000,-0.000,3.0
2295,0.720,1.466,1.492,-0.000,0.000,-0.000,3.0
2296,0.720,1.466,1.492,-0.000,0.000,-0.000,3.0
2297,0.720,1.466,1.492,-0.000,0.000,-0.000,3.0
2298,0.720,1.466,1.492,-0.000,0.000,-0.000,3.0
2299,0.720,1.466,1.492,-0.000,0.000,-0.000,3.0
2300,0.720,1.466,1.492,-0.000,0.000,-0.000,3.0
2301,0.720,1.466,1.492,-0.000,0.000,-0.000,3.0
2302,0.720,1.466,1.492,-0.000,0.000,-0.000,3.0
2303,0.720,1.466,1.492,-0.000,0.000,-0.000,3.0
2304,0.720,1.466,1.492,-0.000,0.000,-0.000,3.0
2305,0.720,1.466,1.492,-0.000,0.000,-0.000,3.0
2306,0.720,1.466,1.492,-0.000,0.000,-0.000,3.0
2307,0.720,1.466,1.492,-0.000,0.000,-0.000,3.0
2308,0.720,1.466,1.492,-0.000,0.000,0.000,3.0
2309,0.720,1.466,1.492,-0.000,0.000,0.000,3.0
2310,0.720,1.466,1.492,-0.000,0.000,0.000,3.0
2311,0.720,1.466,1.492,-0.000,0.000,0.000,3.0
2312,0.720,1.466,1.492,-0.000,0.000,0.000,3.0
2313,0.720,1.466,1.492,-0.000,0.000,0.000,3.0
2314,0.720,1.466,1.492,-0.000,0.000,0.000,3.0
2315,0.720,1.466,1.492,-0.000,0.000,0.000,3.0
2316,0.720,1.466,1.492,-0.000,0.000,0.000,3.0
2317,0.720,1.466,1.492,-0.000,0.000,0.000,3.0
2318,0.720,1.466,1.492,-0.000,0.000,0.000,3.0
2319,0.720,1.466,1.492,-0.000,0.000,0.000,3.0
2320,0.720,1.466,1.492,-0.000,0.000,0.000,3.0
2321,0.720,1.466,1.492,-0.000,0.000,0.000,3.0
2322,0.720,1.466,1.492,-0.000,0.000,0.000,3.0
2323,0.720,1.466,1.492,-0.000,0.000,0.000,3.0
2324,0.720,1.466,1.492,-0.000,0.000,0.000,3.0
2325,0.720,1.466,1.492,-0.000,0.000,0.000,3.0
2326,0.720,1.466,1.492,-0.000,0.000,0.000,3.0
2327,0.720,1.466,1.492,-0.000,0.000,0.000,3.0
2328,0.720,1.466,1.492,-0.000,0.000,0.000,3.0
2329,0.720,1.466,1.492,-0.000,-0.000,0.000,3.0
2330,0.720,1.466,1.492,-0.000,-0.000,-0.000,3.0
2331,0.720,1.466,1.492,-0.000,-0.000,-0.000,3.0
2332,0.720,1.466,1.492,-0.000,-0.000,-0.000,3.0
2333,0.720,1.466,1.492,-0.000,-0.000,-0.000,3.0
2334,0.720,1.466,1.492,-0.000,-0.000,-0.000,3.0
2335,0.720,1.466,1.492,-0.000,0.000,-0.000,3.0
2336,0.720,1.466,1.492,-0.000,-0.000,-0.000,3.0
2337,0.720,1.466,1.492,-0.000,-0.000,-0.000,3.0
2338,0.720,1.466,1.492,-0.000,-0.000,-0.000,3.0
2339,0.720,1.466,1.492,-0.000,-0.000,-0.000,3.0
2340,0.720,1.466,1.492,-0.000,-0.000,-0.000,3.0
2341,0.720,1.466,1.492,-0.000,-0.000,-0.000,3.0
2342,0.720,1.466,1.492,-0.000,-0.000,-0.000,3.0
2343,0.720,1.466,1.492,-0.000,-0.000,-0.000,3.0
2344,0.720,1.466,1.492,-0.000,-0.000,-0.000,3.0
2345,0.720,1.466,1.492,-0.000,-0.000,-0.000,3.0
2346,0.720,1.466,1.492,-0.000,-0.000,-0.000,3.0
2347,0.720,1.466,1.492,-0.000,-0.000,-0.000,3.0
2348,0.720,1.466,1.492,-0.000,-0.000,-0.000,3.0
2349,0.720,1.466,1.492,-0.000,0.000,-0.000,3.0
2350,0.720,1.466,1.492,-0.000,0.000,0.000,3.0
2351,0.720,1.466,1.492,-0.000,0.000,0.000,3.0
2352,0.720,1.466,1.492,-0.000,0.000,0.000,3.0
2353,0.720,1.466,1.492,-0.000,0.000,0.000,3.0
2354,0.720,1.466,1.492,-0.000,0.000,0.000,3.0
2355,0.720,1.466,1.492,-0.000,0.000,0.000,3.0
2356,0.720,1.466,1.492,-0.000,0.000,0.000,3.0
2357,0.720,1.466,1.492,-0.000,0.000,0.000,3.0
2358,0.720,1.466,1.492,-0.000,0.000,0.000,3.0
2359,0.720,1.466,1.492,-0.000,0.000,0.000,3.0
2360,0.720,1.466,1.492,-0.000,0.000,0.000,3.0
2361,0.720,1.466,1.492,-0.000,0.000,0.000,3.0
2362,0.720,1.466,1.492,-0.000,0.000,0.000,3.0
2363,0.720,1.466,1.492,-0.000,0.000,0.000,3.0
2364,0.720,1.466,1.492,-0.000,0.000,0.000,3.0
2365,0.720,1.466,1.492,-0.000,0.000,0.000,3.0
2366,0.720,1.466,1.492,-0.000,0.000,0.000,3.0
2367,0.720,1.466,1.492,-0.000,0.000,0.000,3.0
2368,0.720,1.466,1.492,-0.000,0.000,0.000,3.0
2369,0.720,1.466,1.492,-0.000,0.000,0.000,3.0
2370,0.720,1.466,1.492,-0.000,0.000,0.000,3.0
2371,0.720,1.466,1.492,-0.000,0.000,0.000,3.0
2372,0.720,1.466,1.492,-0.000,0.000,-0.000,3.0
2373,0.720,1.466,1.492,-0.000,0.000,-0.000,3.0
2374,0.720,1.466,1.492,-0.000,0.000,-0.000,3.0
2375,0.720,1.466,1.492,-0.000,-0.000,-0.000,3.0
2376,0.720,1.466,1.492,-0.000,-0.000,-0.000,3.0
2377,0.720,1.466,1.492,-0.000,-0.000,-0.000,3.0
2378,0.720,1.466,1.492,-0.000,-0.000,-0.000,3.0
2379,0.720,1.466,1.492,-0.000,0.000,-0.000,3.0
2380,0.720,1.466,1.492,-0.000,0.000,-0.000,3.0
2381,0.720,1.466,1.492,-0.000,0.000,-0.000,3.0
2382,0.720,1.466,1.492,-0.000,-0.000,-0.000,3.0
2383,0.720,1.466,1.492,-0.000,-0.000,-0.000,3.0
2384,0.720,1.466,1.492,-0.000,-0.000,-0.000,3.0
2385,0.720,1.466,1.492,-0.000,-0.000,-0.000,3.0
2386,0.720,1.466,1.492,-0.000,-0.000,-0.000,3.0
2387,0.720,1.466,1.492,-0.000,-0.000,-0.000,3.0
2388,0.720,1.466,1.492,-0.000,-0.000,-0.000,3.0
2389,0.720,1.466,1.492,-0.000,0.000,0.000,3.0
2390,0.720,1.466,1.492,0.000,0.000,0.000,3.0
2391,0.720,1.466,1.492,0.000,0.000,0.000,3.0
2392,0.720,1.466,1.492,0.000,0.000,0.000,3.0
2393,0.720,1.466,1.492,0.000,0.000,0.000,3.0
2394,0.720,1.466,1.492,0.000,0.000,0.000,3.0
2395,0.720,1.466,1.492,0.000,0.000,0.000,3.0
2396,0.720,1.466,1.492,0.000,0.000,0.000,3.0
2397,0.720,1.466,1.492,0.000,0.000,-0.000,3.0
2398,0.720,1.466,1.492,0.000,0.000,-0.000,3.0
2399,0.720,1.466,1.492,0.000,0.000,-0.000,3.0
2400,0.720,1.466,1.492,0.000,0.000,0.000,3.0
2401,0.720,1.466,1.492,0.000,0.000,0.000,3.0
2402,0.720,1.466,1.492,0.000,0.000,0.000,3.0
2403,0.720,1.466,1.492,0.000,0.000,0.000,3.0
2404,0.720,1.466,1.492,0.000,0.000,0.000,3.0
2405,0.720,1.466,1.492,0.000,0.000,0.000,3.0
2406,0.720,1.466,1.492,0.000,0.000,0.000,3.0
2407,0.720,1.466,1.492,0.000,0.000,0.000,3.0
2408,0.720,1.466,1.492,0.000,0.000,0.000,3.0
2409,0.720,1.466,1.492,0.000,0.000,0.000,3.0
2410,0.720,1.466,1.492,0.000,0.000,0.000,3.0
2411,0.720,1.466,1.492,0.000,0.000,0.000,3.0
2412,0.720,1.466,1.492,0.000,0.000,-0.000,3.0
2413,0.720,1.466,1.492,0.000,0.000,-0.000,3.0
2414,0.720,1.466,1.492,0.000,0.000,-0.000,3.0
2415,0.720,1.466,1.492,0.000,0.000,-0.000,3.0
2416,0.720,1.466,1.492,0.000,0.000,-0.000,3.0
2417,0.720,1.466,1.492,0.000,0.000,-0.000,3.0
2418,0.720,1.466,1.492,-0.000,0.000,-0.000,3.0
2419,0.720,1.466,1.492,-0.000,0.000,0.000,3.0
2420,0.720,1.466,1.492,-0.000,0.000,-0.000,3.0
2421,0.720,1.466,1.492,-0.000,0.000,-0.000,3.0
2422,0.720,1.466,1.492,-0.000,0.000,-0.000,3.0
2423,0.720,1.466,1.492,-0.000,0.000,-0.000,3.0
2424,0.720,1.466,1.492,-0.000,0.000,-0.000,3.0
2425,0.720,1.466,1.492,-0.000,0.000,-0.000,3.0
2426,0.720,1.466,1.492,0.000,0.000,-0.000,3.0
2427,0.720,1.466,1.492,0.000,0.000,0.000,3.0
2428,0.720,1.466,1.492,0.000,0.000,0.000,3.0
2429,0.720,1.466,1.492,0.000,0.000,0.000,3.0
2430,0.720,1.466,1.492,0.000,0.000,0.000,3.0
2431,0.720,1.466,1.492,0.000,0.000,0.000,3.0
2432,0.720,1.466,1.492,0.000,0.000,0.000,3.0
2433,0.720,1.466,1.492,0.000,0.000,0.000,3.0
2434,0.720,1.466,1.492,0.000,0.000,0.000,3.0
2435,0.720,1.466,1.492,0.000,0.000,-0.000,3.0
2436,0.720,1.466,1.492,0.000,0.000,-0.000,3.0
2437,0.720,1.466,1.492,-0.000,0.000,-0.000,3.0
2438,0.720,1.466,1.492,-0.000,0.000,-0.000,3.0
2439,0.720,1.466,1.492,0.000,-0.000,-0.000,3.0
2440,0.720,1.466,1.492,0.000,-0.000,-0.000,3.0
2441,0.720,1.466,1.492,0.000,-0.000,-0.000,3.0
2442,0.720,1.466,1.492,0.000,-0.000,-0.000,3.0
2443,0.720,1.466,1.492,0.000,-0.000,-0.000,3.0
2444,0.720,1.466,1.492,0.000,-0.000,-0.000,3.0
2445,0.720,1.466,1.492,0.000,-0.000,-0.000,3.0
2446,0.720,1.466,1.492,0.000,0.000,-0.000,3.0
2447,0.720,1.466,1.492,0.000,0.000,0.000,3.0
2448,0.720,1.466,1.492,0.000,0.000,0.000,3.0
2449,0.720,1.466,1.492,0.000,0.000,0.000,3.0
2450,0.720,1.466,1.492,0.000,0.000,0.000,3.0
2451,0.720,1.466,1.492,0.000,0.000,0.000,3.0
2452,0.720,1.466,1.492,0.000,0.000,0.000,3.0
2453,0.720,1.466,1.492,0.000,-0.000,0.000,3.0
2454,0.720,1.466,1.492,0.000,0.000,0.000,3.0
2455,0.720,1.466,1.492,0.000,0.000,0.000,3.0
2456,0.720,1.466,1.492,0.000,0.000,-0.000,3.0
2457,0.720,1.466,1.492,0.000,0.000,-0.000,3.0
2458,0.720,1.466,1.492,0.000,0.000,-0.000,3.0
2459,0.720,1.466,1.492,0.000,0.000,-0.000,3.0
2460,0.720,1.466,1.492,0.000,0.000,-0.000,3.0
2461,0.720,1.466,1.492,0.000,0.000,0.000,3.0
2462,0.720,1.466,1.492,0.000,0.000,-0.000,3.0
2463,0.720,1.466,1.492,0.000,0.000,-0.000,3.0
2464,0.720,1.466,1.492,0.000,0.000,-0.000,3.0
2465,0.720,1.466,1.492,0.000,0.000,-0.000,3.0
2466,0.720,1.466,1.492,0.000,0.000,-0.000,3.0
2467,0.720,1.466,1.492,0.000,0.000,-0.000,3.0
2468,0.720,1.466,1.492,0.000,0.000,-0.000,3.0
2469,0.720,1.466,1.492,0.000,0.000,-0.000,3.0
2470,0.720,1.466,1.492,0.000,0.000,0.000,3.0
2471,0.720,1.466,1.492,0.000,0.000,0.000,3.0
2472,0.720,1.466,1.492,0.000,0.000,0.000,3.0
2473,0.720,1.466,1.492,0.000,0.000,0.000,3.0
2474,0.720,1.466,1.492,0.000,0.000,0.000,3.0
2475,0.720,1.466,1.492,0.000,0.000,0.000,3.0
2476,0.720,1.466,1.492,0.000,0.000,0.000,3.0
2477,0.720,1.466,1.492,0.000,0.000,0.000,3.0
2478,0.720,1.466,1.492,0.000,0.000,0.000,3.0
2479,0.720,1.466,1.492,0.000,0.000,0.000,3.0
2480,0.720,1.466,1.492,0.000,0.000,0.000,3.0
2481,0.720,1.466,1.492,0.000,0.000,0.000,3.0
2482,0.720,1.466,1.492,0.000,0.000,-0.000,3.0
2483,0.720,1.466,1.492,0.000,0.000,-0.000,3.0
2484,0.720,1.466,1.492,0.000,0.000,-0.000,3.0
2485,0.720,1.466,1.492,0.000,0.000,0.000,3.0
2486,0.720,1.466,1.492,0.000,0.000,0.000,3.0
2487,0.720,1.466,1.492,-0.000,0.000,0.000,3.0
2488,0.720,1.466,1.492,-0.000,0.000,0.000,3.0
2489,0.720,1.466,1.492,-0.000,-0.000,0.000,3.0
2490,0.720,1.466,1.492,-0.000,-0.000,-0.000,3.0
2491,0.720,1.466,1.492,-0.000,-0.000,-0.000,3.0
2492,0.720,1.466,1.492,-0.000,-0.000,-0.000,3.0
2493,0.720,1.466,1.492,-0.000,-0.000,-0.000,3.0
2494,0.720,1.466,1.492,-0.000,-0.000,-0.000,3.0
2495,0.720,1.466,1.492,-0.000,-0.000,-0.000,3.0
2496,0.720,1.466,1.492,-0.000,0.000,-0.000,3.0
2497,0.720,1.466,1.492,-0.000,0.000,-0.000,3.0
2498,0.720,1.466,1.492,-0.000,0.000,0.000,3.0
2499,0.720,1.466,1.492,-0.000,0.000,0.000,3.0
2500,0.720,1.466,1.492,-0.000,0.000,0.000,3.0
