1,0.981,0.088,0.000,108.673,-0.007,0.002,-1
2,0.981,0.088,0.000,108.673,-0.009,0.003,-1
3,0.981,0.088,0.000,108.673,-0.006,0.002,-1
4,0.981,0.088,0.000,108.673,-0.005,0.002,-1
5,0.981,0.088,0.000,108.673,-0.006,0.003,-1
6,0.982,0.086,0.000,108.675,-0.009,-0.008,-1
7,0.984,0.082,0.000,108.681,-0.016,-0.028,-1
8,0.986,0.076,0.000,108.684,-0.026,-0.059,-1
9,0.989,0.068,0.000,108.674,-0.039,-0.096,-1
10,0.992,0.060,0.000,108.652,-0.053,-0.135,-1
11,0.992,0.056,0.000,108.641,-0.061,-0.158,-1
12,0.992,0.054,0.000,108.669,-0.062,-0.165,-1
13,0.992,0.054,0.000,108.739,-0.063,-0.168,-1
14,0.992,0.054,0.000,108.850,-0.065,-0.170,-1
15,0.992,0.055,0.000,109.002,-0.066,-0.172,-1
16,0.994,0.053,0.000,109.174,-0.071,-0.188,-1
17,0.995,0.049,0.000,109.349,-0.081,-0.213,-1
18,0.997,0.044,0.000,109.522,-0.093,-0.241,-1
19,0.999,0.040,0.000,109.688,-0.104,-0.271,-1
20,1.000,0.035,0.000,109.846,-0.116,-0.303,-1
21,1.002,0.030,0.000,109.998,-0.129,-0.335,-1
22,1.004,0.026,0.000,110.143,-0.142,-0.369,-1
23,1.005,0.021,0.000,110.280,-0.156,-0.404,-1
24,1.007,0.017,0.000,110.410,-0.171,-0.441,-1
25,1.009,0.012,0.000,110.532,-0.187,-0.480,-1
26,1.010,0.008,0.000,110.648,-0.203,-0.521,-1
27,1.013,0.002,0.000,110.744,-0.222,-0.570,10.0
28,1.015,-0.004,0.000,110.810,-0.244,-0.625,10.0
29,1.018,-0.011,0.000,110.845,-0.267,-0.684,10.0
30,1.020,-0.018,0.000,110.851,-0.291,-0.746,10.0
31,1.023,-0.024,0.000,110.826,-0.315,-0.812,10.0
32,1.025,-0.031,0.000,110.771,-0.341,-0.881,10.0
33,1.028,-0.038,0.000,110.687,-0.367,-0.954,10.0
34,1.030,-0.044,0.000,110.574,-0.394,-1.031,10.0
35,1.033,-0.051,0.000,110.431,-0.421,-1.113,10.0
36,1.035,-0.057,0.000,110.259,-0.450,-1.201,10.0
37,1.038,-0.064,0.000,110.059,-0.479,-1.293,10.0
38,1.040,-0.071,0.000,109.830,-0.509,-1.392,10.0
39,1.043,-0.077,0.000,109.574,-0.539,-1.498,10.0
40,1.045,-0.084,0.000,109.290,-0.570,-1.610,10.0
41,1.047,-0.091,0.000,108.980,-0.602,-1.730,10.0
42,1.050,-0.098,0.000,108.643,-0.634,-1.858,10.0
43,1.051,-0.102,0.000,108.286,-0.629,-1.941,10.0
44,1.052,-0.105,0.000,107.932,-0.613,-1.860,10.0
45,1.054,-0.110,0.000,107.557,-0.576,-1.798,10.0
46,1.056,-0.117,0.000,107.157,-0.545,-1.749,10.0
47,1.059,-0.124,0.000,106.734,-0.520,-1.709,10.0
48,1.061,-0.131,0.000,106.287,-0.497,-1.678,10.0
49,1.063,-0.138,0.000,105.817,-0.476,-1.655,10.0
50,1.065,-0.145,0.000,105.324,-0.456,-1.641,10.0
51,1.067,-0.152,0.000,104.810,-0.439,-1.635,10.0
52,1.068,-0.160,0.000,104.275,-0.423,-1.637,10.0
53,1.070,-0.167,0.000,103.719,-0.409,-1.647,10.0
54,1.072,-0.174,0.000,103.144,-0.395,-1.665,10.0
55,1.074,-0.182,0.000,102.549,-0.383,-1.691,10.0
56,1.075,-0.189,0.000,101.936,-0.371,-1.726,10.0
57,1.077,-0.197,0.000,101.305,-0.360,-1.768,10.0
58,1.078,-0.204,0.000,100.657,-0.349,-1.820,10.0
59,1.080,-0.212,0.000,99.993,-0.338,-1.879,10.0
60,1.081,-0.220,0.000,99.312,-0.326,-1.948,10.0
61,1.082,-0.227,0.000,98.619,-0.291,-1.992,10.0
62,1.084,-0.232,0.000,97.924,-0.261,-1.943,10.0
63,1.085,-0.240,0.000,97.216,-0.238,-1.908,10.0
64,1.086,-0.247,0.000,96.496,-0.210,-1.887,10.0
65,1.087,-0.255,0.000,95.764,-0.182,-1.875,10.0
66,1.087,-0.264,0.000,95.021,-0.158,-1.873,10.0
67,1.088,-0.272,0.000,94.267,-0.134,-1.879,10.0
68,1.089,-0.280,0.000,93.504,-0.110,-1.894,10.0
69,1.089,-0.288,0.000,92.732,-0.085,-1.919,10.0
70,1.090,-0.297,0.000,91.954,-0.060,-1.952,10.0
71,1.090,-0.305,0.000,91.171,-0.035,-1.994,10.0
72,1.090,-0.312,0.000,90.388,-0.012,-1.998,10.0
73,1.090,-0.319,0.000,89.607,0.014,-1.974,10.0
74,1.090,-0.327,0.000,88.826,0.048,-1.964,10.0
75,1.090,-0.336,0.000,88.045,0.055,-1.966,10.0
76,1.089,-0.344,0.000,87.266,0.083,-1.977,10.0
77,1.089,-0.353,0.000,86.488,0.120,-1.997,10.0
78,1.088,-0.361,0.000,85.704,0.146,-1.991,10.0
79,1.088,-0.369,0.000,84.917,0.174,-1.980,10.0
80,1.087,-0.378,0.000,84.127,0.197,-1.980,10.0
81,1.086,-0.387,0.000,83.334,0.227,-1.988,10.0
82,1.085,-0.395,0.000,82.536,0.251,-1.981,10.0
83,1.083,-0.404,0.000,81.736,0.282,-1.977,10.0
84,1.082,-0.413,0.000,80.934,0.311,-1.974,10.0
85,1.081,-0.421,0.000,80.129,0.337,-1.969,10.0
86,1.079,-0.430,0.000,79.323,0.365,-1.965,10.0
87,1.077,-0.439,0.000,78.516,0.392,-1.959,10.0
88,1.075,-0.448,0.000,77.709,0.420,-1.954,10.0
89,1.073,-0.456,0.000,76.902,0.447,-1.947,10.0
90,1.071,-0.465,0.000,76.096,0.475,-1.941,10.0
91,1.069,-0.474,0.000,75.290,0.502,-1.934,10.0
92,1.066,-0.483,0.000,74.487,0.529,-1.927,10.0
93,1.064,-0.491,0.000,73.686,0.556,-1.919,10.0
94,1.061,-0.500,0.000,72.887,0.583,-1.911,10.0
95,1.058,-0.509,0.000,72.091,0.609,-1.903,10.0
96,1.055,-0.517,0.000,71.299,0.636,-1.894,10.0
97,1.052,-0.526,0.000,70.511,0.662,-1.885,10.0
98,1.049,-0.535,0.000,69.728,0.687,-1.876,10.0
99,1.045,-0.543,0.000,68.950,0.713,-1.866,10.0
100,1.042,-0.552,0.000,68.177,0.738,-1.857,10.0
101,1.038,-0.561,0.000,67.410,0.763,-1.847,10.0
102,1.035,-0.569,0.000,66.650,0.787,-1.836,10.0
103,1.031,-0.578,0.000,65.896,0.811,-1.826,10.0
104,1.027,-0.586,0.000,65.150,0.835,-1.815,10.0
105,1.023,-0.594,0.000,64.411,0.858,-1.804,10.0
106,1.019,-0.603,0.000,63.680,0.881,-1.793,10.0
107,1.015,-0.611,0.000,62.958,0.904,-1.782,10.0
108,1.010,-0.619,0.000,62.244,0.926,-1.770,10.0
109,1.006,-0.627,0.000,61.540,0.947,-1.759,10.0
110,1.001,-0.635,0.000,60.846,0.969,-1.747,10.0
111,0.997,-0.643,0.000,60.162,0.990,-1.736,10.0
112,0.992,-0.651,0.000,59.488,1.010,-1.724,10.0
113,0.987,-0.659,0.000,58.825,1.030,-1.712,10.0
114,0.982,-0.667,0.000,58.173,1.049,-1.700,10.0
115,0.977,-0.675,0.000,57.532,1.068,-1.688,10.0
116,0.972,-0.682,0.000,56.904,1.087,-1.677,10.0
117,0.967,-0.690,0.000,56.288,1.105,-1.665,10.0
118,0.962,-0.698,0.000,55.684,1.122,-1.653,10.0
119,0.957,-0.705,0.000,55.093,1.139,-1.641,10.0
120,0.952,-0.713,0.000,54.516,1.155,-1.630,10.0
121,0.946,-0.720,0.000,53.951,1.171,-1.618,10.0
122,0.941,-0.727,0.000,53.401,1.187,-1.607,10.0
123,0.936,-0.734,0.000,52.865,1.202,-1.596,10.0
124,0.930,-0.741,0.000,52.343,1.216,-1.585,10.0
125,0.925,-0.748,0.000,51.836,1.230,-1.574,10.0
126,0.919,-0.755,0.000,51.344,1.244,-1.563,10.0
127,0.913,-0.762,0.000,50.868,1.257,-1.553,10.0
128,0.908,-0.769,0.000,50.406,1.269,-1.543,10.0
129,0.902,-0.776,0.000,49.961,1.281,-1.533,10.0
130,0.896,-0.783,0.000,49.531,1.293,-1.523,10.0
131,0.891,-0.789,0.000,49.118,1.304,-1.514,10.0
132,0.885,-0.796,0.000,48.721,1.314,-1.505,10.0
133,0.879,-0.802,0.000,48.341,1.324,-1.496,10.0
134,0.874,-0.809,0.000,47.977,1.334,-1.488,10.0
135,0.868,-0.815,0.000,47.631,1.343,-1.480,10.0
136,0.862,-0.821,0.000,47.302,1.351,-1.472,10.0
137,0.856,-0.828,0.000,46.990,1.359,-1.465,10.0
138,0.850,-0.834,0.000,46.696,1.366,-1.458,10.0
139,0.844,-0.840,0.000,46.419,1.374,-1.451,10.0
140,0.839,-0.846,0.000,46.160,1.380,-1.445,10.0
141,0.833,-0.852,0.000,45.919,1.386,-1.439,10.0
142,0.827,-0.858,0.000,45.697,1.392,-1.433,10.0
143,0.821,-0.864,0.000,45.492,1.397,-1.428,10.0
144,0.815,-0.870,0.000,45.305,1.401,-1.424,10.0
145,0.809,-0.876,0.000,45.137,1.406,-1.420,10.0
146,0.804,-0.882,0.000,44.988,1.409,-1.416,10.0
147,0.798,-0.888,0.000,44.856,1.413,-1.413,10.0
148,0.792,-0.893,0.000,44.744,1.415,-1.410,10.0
149,0.786,-0.899,0.000,44.649,1.418,-1.408,10.0
150,0.780,-0.905,0.000,44.573,1.420,-1.406,10.0
151,0.775,-0.911,0.000,44.516,1.421,-1.405,10.0
152,0.769,-0.916,0.000,44.477,1.422,-1.404,10.0
153,0.763,-0.922,0.000,44.457,1.422,-1.403,10.0
154,0.757,-0.928,0.000,44.454,1.422,-1.403,10.0
155,0.752,-0.933,0.000,44.471,1.422,-1.403,10.0
156,0.746,-0.939,0.000,44.505,1.421,-1.404,10.0
157,0.740,-0.944,0.000,44.558,1.420,-1.406,10.0
158,0.734,-0.950,0.000,44.629,1.418,-1.407,10.0
159,0.729,-0.956,0.000,44.718,1.416,-1.409,10.0
160,0.723,-0.961,0.000,44.824,1.413,-1.412,10.0
161,0.717,-0.967,0.000,44.949,1.410,-1.415,10.0
162,0.712,-0.972,0.000,45.090,1.407,-1.419,10.0
163,0.706,-0.978,0.000,45.250,1.403,-1.423,10.0
164,0.701,-0.984,0.000,45.426,1.398,-1.427,10.0
165,0.695,-0.989,0.000,45.620,1.394,-1.432,10.0
166,0.690,-0.995,0.000,45.830,1.388,-1.437,10.0
167,0.684,-1.001,0.000,46.057,1.383,-1.442,10.0
168,0.679,-1.006,0.000,46.300,1.377,-1.448,10.0
169,0.673,-1.012,0.000,46.559,1.370,-1.454,10.0
170,0.668,-1.018,0.000,46.834,1.363,-1.461,10.0
171,0.662,-1.023,0.000,47.125,1.355,-1.468,10.0
172,0.657,-1.029,0.000,47.431,1.348,-1.475,10.0
173,0.652,-1.035,0.000,47.753,1.339,-1.482,10.0
174,0.647,-1.041,0.000,48.090,1.331,-1.490,10.0
175,0.641,-1.046,0.000,48.442,1.321,-1.498,10.0
176,0.636,-1.052,0.000,48.808,1.312,-1.507,10.0
177,0.631,-1.058,0.000,49.189,1.302,-1.516,10.0
178,0.626,-1.063,0.000,49.584,1.291,-1.525,10.0
179,0.622,-1.069,0.000,49.994,1.280,-1.534,10.0
180,0.617,-1.075,0.000,50.417,1.269,-1.543,10.0
181,0.612,-1.080,0.000,50.854,1.257,-1.553,10.0
182,0.607,-1.086,0.000,51.304,1.245,-1.563,10.0
183,0.603,-1.091,0.000,51.764,1.232,-1.548,10.0
184,0.598,-1.097,0.000,52.235,1.184,-1.522,10.0
185,0.594,-1.103,0.000,52.720,1.148,-1.499,10.0
186,0.589,-1.109,0.000,53.218,1.119,-1.484,10.0
187,0.585,-1.115,0.000,53.728,1.089,-1.479,10.0
188,0.581,-1.121,0.000,54.248,1.064,-1.482,10.0
189,0.576,-1.127,0.000,54.777,1.042,-1.493,10.0
190,0.572,-1.132,0.000,55.319,1.033,-1.506,10.0
191,0.568,-1.138,0.000,55.873,1.028,-1.525,10.0
192,0.564,-1.144,0.000,56.439,1.024,-1.553,10.0
193,0.560,-1.150,0.000,57.015,1.024,-1.590,10.0
194,0.556,-1.156,0.000,57.603,1.029,-1.633,10.0
195,0.552,-1.162,0.000,58.201,1.037,-1.684,10.0
196,0.550,-1.167,0.000,58.803,1.019,-1.691,10.0
197,0.546,-1.172,0.000,59.409,0.992,-1.680,10.0
198,0.542,-1.178,0.000,60.025,0.963,-1.684,10.0
199,0.539,-1.184,0.000,60.649,0.943,-1.694,10.0
200,0.535,-1.190,0.000,61.283,0.930,-1.710,10.0
201,0.532,-1.196,0.000,61.925,0.920,-1.735,10.0
202,0.529,-1.203,0.000,62.575,0.915,-1.762,10.0
203,0.526,-1.208,0.000,63.228,0.893,-1.789,10.0
204,0.524,-1.212,0.000,63.875,0.857,-1.747,10.0
205,0.521,-1.218,0.000,64.525,0.813,-1.717,10.0
206,0.518,-1.224,0.000,65.183,0.775,-1.696,10.0
207,0.515,-1.230,0.000,65.847,0.746,-1.681,10.0
208,0.512,-1.236,0.000,66.518,0.722,-1.675,10.0
209,0.509,-1.242,0.000,67.194,0.699,-1.676,10.0
210,0.507,-1.249,0.000,67.877,0.678,-1.686,10.0
211,0.504,-1.255,0.000,68.565,0.662,-1.703,10.0
212,0.502,-1.261,0.000,69.258,0.648,-1.728,10.0
213,0.499,-1.268,0.000,69.955,0.636,-1.761,10.0
214,0.497,-1.274,0.000,70.657,0.626,-1.802,10.0
215,0.495,-1.280,0.000,71.363,0.618,-1.851,10.0
216,0.493,-1.286,0.000,72.072,0.618,-1.893,10.0
217,0.491,-1.291,0.000,72.777,0.566,-1.876,10.0
218,0.489,-1.296,0.000,73.484,0.544,-1.861,10.0
219,0.487,-1.303,0.000,74.194,0.523,-1.858,10.0
220,0.485,-1.309,0.000,74.906,0.498,-1.866,10.0
221,0.484,-1.315,0.000,75.621,0.475,-1.882,10.0
222,0.482,-1.322,0.000,76.337,0.457,-1.906,10.0
223,0.481,-1.328,0.000,77.055,0.440,-1.939,10.0
224,0.479,-1.334,0.000,77.772,0.428,-1.958,10.0
225,0.478,-1.339,0.000,78.486,0.391,-1.947,10.0
226,0.477,-1.345,0.000,79.200,0.362,-1.948,10.0
227,0.476,-1.351,0.000,79.913,0.357,-1.939,10.0
228,0.474,-1.357,0.000,80.624,0.330,-1.938,10.0
229,0.473,-1.364,0.000,81.335,0.302,-1.948,10.0
230,0.472,-1.370,0.000,82.045,0.276,-1.962,10.0
231,0.472,-1.376,0.000,82.755,0.245,-1.971,10.0
232,0.471,-1.383,0.000,83.464,0.220,-1.989,10.0
233,0.470,-1.388,0.000,84.168,0.194,-1.987,10.0
234,0.470,-1.394,0.000,84.869,0.174,-1.987,10.0
235,0.469,-1.400,0.000,85.568,0.152,-1.993,10.0
236,0.469,-1.406,0.000,86.263,0.123,-1.993,10.0
237,0.468,-1.412,0.000,86.955,0.102,-1.995,10.0
238,0.468,-1.417,0.000,87.640,0.085,-1.943,10.0
239,0.468,-1.423,0.000,88.321,0.064,-1.899,10.0
240,0.468,-1.429,0.000,88.998,0.039,-1.867,10.0
241,0.467,-1.436,0.000,89.672,0.016,-1.843,10.0
242,0.467,-1.442,0.000,90.340,-0.005,-1.828,10.0
243,0.468,-1.448,0.000,91.004,-0.025,-1.822,10.0
244,0.468,-1.455,0.000,91.664,-0.047,-1.824,10.0
245,0.468,-1.461,0.000,92.319,-0.068,-1.834,10.0
246,0.468,-1.467,0.000,92.969,-0.090,-1.852,10.0
247,0.469,-1.473,0.000,93.614,-0.112,-1.879,10.0
248,0.469,-1.479,0.000,94.255,-0.136,-1.914,10.0
249,0.469,-1.486,0.000,94.890,-0.161,-1.958,10.0
250,0.470,-1.491,0.000,95.521,-0.197,-1.976,10.0
251,0.471,-1.495,0.000,96.146,-0.201,-1.942,10.0
252,0.471,-1.501,0.000,96.765,-0.216,-1.920,10.0
253,0.472,-1.507,0.000,97.378,-0.241,-1.909,10.0
254,0.473,-1.513,0.000,97.985,-0.263,-1.907,10.0
255,0.474,-1.519,0.000,98.585,-0.283,-1.915,10.0
256,0.475,-1.525,0.000,99.179,-0.305,-1.932,10.0
257,0.476,-1.531,0.000,99.766,-0.332,-1.955,10.0
258,0.477,-1.536,0.000,100.350,-0.344,-1.943,10.0
259,0.478,-1.541,0.000,100.926,-0.369,-1.927,10.0
260,0.479,-1.547,0.000,101.496,-0.387,-1.924,10.0
261,0.480,-1.553,0.000,102.057,-0.405,-1.931,10.0
262,0.482,-1.558,0.000,102.612,-0.431,-1.934,10.0
263,0.483,-1.564,0.000,103.161,-0.442,-1.923,10.0
264,0.484,-1.569,0.000,103.702,-0.460,-1.920,10.0
265,0.486,-1.575,0.000,104.235,-0.484,-1.920,10.0
266,0.487,-1.581,0.000,104.762,-0.496,-1.912,10.0
267,0.489,-1.586,0.000,105.280,-0.515,-1.910,10.0
268,0.491,-1.592,0.000,105.790,-0.532,-1.904,10.0
269,0.492,-1.597,0.000,106.292,-0.550,-1.900,10.0
270,0.494,-1.603,0.000,106.785,-0.566,-1.895,10.0
271,0.496,-1.608,0.000,107.271,-0.581,-1.890,10.0
272,0.497,-1.613,0.000,107.747,-0.598,-1.885,10.0
273,0.499,-1.619,0.000,108.215,-0.612,-1.880,10.0
274,0.501,-1.624,0.000,108.673,-0.628,-1.875,10.0
275,0.503,-1.629,0.000,109.122,-0.642,-1.870,10.0
276,0.505,-1.634,0.000,109.562,-0.657,-1.865,10.0
277,0.506,-1.639,0.000,109.992,-0.671,-1.860,10.0
278,0.508,-1.644,0.000,110.413,-0.685,-1.855,10.0
279,0.510,-1.649,0.000,110.823,-0.698,-1.850,10.0
280,0.512,-1.653,0.000,111.224,-0.711,-1.845,10.0
281,0.514,-1.658,0.000,111.614,-0.723,-1.840,10.0
282,0.516,-1.662,0.000,111.995,-0.735,-1.836,10.0
283,0.517,-1.667,0.000,112.365,-0.747,-1.831,10.0
284,0.519,-1.671,0.000,112.724,-0.759,-1.826,10.0
285,0.521,-1.675,0.000,113.073,-0.770,-1.821,10.0
286,0.523,-1.679,0.000,113.412,-0.781,-1.817,10.0
287,0.525,-1.683,0.000,113.740,-0.791,-1.812,10.0
288,0.527,-1.688,0.000,114.057,-0.801,-1.808,10.0
289,0.528,-1.691,0.000,114.364,-0.811,-1.804,10.0
290,0.530,-1.695,0.000,114.660,-0.820,-1.799,10.0
291,0.532,-1.699,0.000,114.945,-0.829,-1.795,10.0
292,0.534,-1.703,0.000,115.219,-0.838,-1.791,10.0
293,0.536,-1.706,0.000,115.483,-0.846,-1.787,10.0
294,0.537,-1.710,0.000,115.736,-0.854,-1.784,10.0
295,0.539,-1.714,0.000,115.978,-0.861,-1.780,10.0
296,0.541,-1.717,0.000,116.209,-0.868,-1.777,10.0
297,0.543,-1.720,0.000,116.429,-0.875,-1.773,10.0
298,0.544,-1.724,0.000,116.639,-0.882,-1.770,10.0
299,0.546,-1.727,0.000,116.838,-0.888,-1.767,10.0
300,0.548,-1.730,0.000,117.026,-0.894,-1.764,10.0
301,0.550,-1.733,0.000,117.204,-0.899,-1.761,10.0
302,0.551,-1.736,0.000,117.371,-0.904,-1.759,10.0
303,0.553,-1.740,0.000,117.527,-0.909,-1.756,10.0
304,0.554,-1.743,0.000,117.673,-0.913,-1.754,10.0
305,0.556,-1.745,0.000,117.809,-0.918,-1.752,10.0
306,0.558,-1.748,0.000,117.934,-0.921,-1.750,10.0
307,0.559,-1.751,0.000,118.050,-0.925,-1.748,10.0
308,0.561,-1.754,0.000,118.156,-0.928,-1.746,10.0
309,0.562,-1.757,0.000,118.251,-0.931,-1.745,10.0
310,0.564,-1.759,0.000,118.337,-0.934,-1.743,10.0
311,0.565,-1.762,0.000,118.413,-0.936,-1.742,10.0
312,0.567,-1.765,0.000,118.480,-0.938,-1.741,10.0
313,0.568,-1.768,0.000,118.536,-0.940,-1.740,10.0
314,0.570,-1.770,0.000,118.583,-0.941,-1.739,10.0
315,0.571,-1.773,0.000,118.620,-0.942,-1.739,10.0
316,0.573,-1.775,0.000,118.648,-0.943,-1.738,10.0
317,0.574,-1.778,0.000,118.667,-0.944,-1.738,10.0
318,0.576,-1.780,0.000,118.676,-0.944,-1.738,10.0
319,0.577,-1.783,0.000,118.676,-0.944,-1.738,10.0
320,0.578,-1.785,0.000,118.667,-0.944,-1.738,10.0
321,0.580,-1.787,0.000,118.649,-0.943,-1.738,10.0
322,0.581,-1.790,0.000,118.621,-0.942,-1.739,10.0
323,0.582,-1.792,0.000,118.585,-0.941,-1.739,10.0
324,0.584,-1.794,0.000,118.539,-0.940,-1.740,10.0
325,0.585,-1.796,0.000,118.485,-0.938,-1.741,10.0
326,0.586,-1.798,0.000,118.421,-0.936,-1.742,10.0
327,0.587,-1.800,0.000,118.349,-0.934,-1.743,10.0
328,0.588,-1.802,0.000,118.269,-0.932,-1.744,10.0
329,0.590,-1.804,0.000,118.179,-0.929,-1.746,10.0
330,0.591,-1.806,0.000,118.082,-0.926,-1.747,10.0
331,0.592,-1.808,0.000,117.976,-0.923,-1.749,10.0
332,0.593,-1.810,0.000,117.863,-0.919,-1.751,10.0
333,0.594,-1.812,0.000,117.742,-0.916,-1.753,10.0
334,0.595,-1.814,0.000,117.614,-0.912,-1.755,10.0
335,0.596,-1.816,0.000,117.478,-0.907,-1.757,10.0
336,0.597,-1.818,0.000,117.335,-0.903,-1.759,10.0
337,0.598,-1.820,0.000,117.186,-0.899,-1.762,10.0
338,0.599,-1.822,0.000,117.029,-0.894,-1.764,10.0
339,0.600,-1.824,0.000,116.865,-0.889,-1.767,10.0
340,0.601,-1.826,0.000,116.695,-0.883,-1.769,10.0
341,0.602,-1.827,0.000,116.519,-0.878,-1.772,10.0
342,0.603,-1.829,0.000,116.336,-0.872,-1.775,10.0
343,0.604,-1.831,0.000,116.147,-0.866,-1.778,10.0
344,0.605,-1.833,0.000,115.952,-0.860,-1.781,10.0
345,0.606,-1.834,0.000,115.750,-0.854,-1.784,10.0
346,0.607,-1.836,0.000,115.543,-0.848,-1.787,10.0
347,0.608,-1.838,0.000,115.329,-0.841,-1.790,10.0
348,0.609,-1.840,0.000,115.110,-0.834,-1.793,10.0
349,0.610,-1.841,0.000,114.885,-0.827,-1.796,10.0
350,0.610,-1.843,0.000,114.655,-0.820,-1.800,10.0
351,0.611,-1.844,0.000,114.419,-0.812,-1.803,10.0
352,0.612,-1.846,0.000,114.177,-0.805,-1.806,10.0
353,0.613,-1.848,0.000,113.930,-0.797,-1.810,10.0
354,0.614,-1.849,0.000,113.677,-0.789,-1.813,10.0
355,0.614,-1.851,0.000,113.419,-0.781,-1.817,10.0
356,0.615,-1.852,0.000,113.156,-0.772,-1.820,10.0
357,0.616,-1.854,0.000,112.888,-0.764,-1.824,10.0
358,0.616,-1.855,0.000,112.615,-0.755,-1.828,10.0
359,0.617,-1.857,0.000,112.337,-0.746,-1.831,10.0
360,0.618,-1.858,0.000,112.054,-0.737,-1.835,10.0
361,0.618,-1.860,0.000,111.767,-0.728,-1.839,10.0
362,0.619,-1.861,0.000,111.474,-0.719,-1.842,10.0
363,0.620,-1.863,0.000,111.178,-0.730,-1.841,10.0
364,0.620,-1.865,0.000,110.881,-0.714,-1.860,10.0
365,0.621,-1.866,0.000,110.580,-0.702,-1.874,10.0
366,0.622,-1.867,0.000,110.274,-0.698,-1.868,10.0
367,0.622,-1.868,0.000,109.963,-0.689,-1.871,10.0
368,0.623,-1.870,0.000,109.648,-0.676,-1.883,10.0
369,0.623,-1.871,0.000,109.326,-0.668,-1.881,10.0
370,0.624,-1.872,0.000,108.999,-0.656,-1.887,10.0
371,0.624,-1.874,0.000,108.666,-0.645,-1.891,10.0
372,0.625,-1.875,0.000,108.329,-0.634,-1.894,10.0
373,0.625,-1.876,0.000,107.986,-0.622,-1.899,10.0
374,0.625,-1.877,0.000,107.639,-0.611,-1.902,10.0
375,0.626,-1.878,0.000,107.287,-0.599,-1.906,10.0
376,0.626,-1.880,0.000,106.930,-0.587,-1.909,10.0
377,0.627,-1.881,0.000,106.568,-0.575,-1.913,10.0
378,0.627,-1.882,0.000,106.202,-0.548,-1.908,10.0
379,0.627,-1.882,0.000,105.837,-0.525,-1.861,10.0
380,0.628,-1.884,0.000,105.470,-0.500,-1.828,10.0
381,0.628,-1.885,0.000,105.098,-0.479,-1.803,10.0
382,0.628,-1.887,0.000,104.723,-0.463,-1.786,10.0
383,0.629,-1.888,0.000,104.345,-0.449,-1.777,10.0
384,0.629,-1.889,0.000,103.962,-0.435,-1.776,10.0
385,0.629,-1.891,0.000,103.577,-0.424,-1.784,10.0
386,0.630,-1.892,0.000,103.188,-0.415,-1.800,10.0
387,0.630,-1.893,0.000,102.795,-0.408,-1.823,10.0
388,0.630,-1.895,0.000,102.400,-0.402,-1.855,10.0
389,0.631,-1.896,0.000,102.001,-0.397,-1.896,10.0
390,0.631,-1.897,0.000,101.599,-0.393,-1.944,10.0
391,0.631,-1.898,0.000,101.204,-0.374,-1.937,10.0
392,0.631,-1.898,0.000,100.812,-0.365,-1.909,10.0
393,0.631,-1.899,0.000,100.421,-0.342,-1.894,10.0
394,0.632,-1.900,0.000,100.026,-0.325,-1.888,10.0
395,0.632,-1.902,0.000,99.629,-0.314,-1.890,10.0
396,0.632,-1.903,0.000,99.229,-0.304,-1.902,10.0
397,0.632,-1.904,0.000,98.827,-0.292,-1.923,10.0
398,0.633,-1.905,0.000,98.422,-0.282,-1.952,10.0
399,0.633,-1.906,0.000,98.018,-0.277,-1.962,10.0
400,0.633,-1.907,0.000,97.618,-0.256,-1.946,10.0
401,0.633,-1.908,0.000,97.217,-0.237,-1.942,10.0
402,0.633,-1.909,0.000,96.813,-0.225,-1.947,10.0
403,0.633,-1.910,0.000,96.407,-0.215,-1.960,10.0
404,0.633,-1.911,0.000,96.000,-0.207,-1.970,10.0
405,0.634,-1.912,0.000,95.596,-0.185,-1.964,10.0
406,0.634,-1.913,0.000,95.189,-0.170,-1.968,10.0
407,0.634,-1.914,0.000,94.782,-0.162,-1.973,10.0
408,0.634,-1.915,0.000,94.374,-0.144,-1.970,10.0
409,0.634,-1.916,0.000,93.965,-0.131,-1.974,10.0
410,0.634,-1.917,0.000,93.557,-0.116,-1.974,10.0
411,0.634,-1.918,0.000,93.147,-0.103,-1.975,10.0
412,0.634,-1.919,0.000,92.738,-0.089,-1.975,10.0
413,0.634,-1.920,0.000,92.328,-0.075,-1.976,10.0
414,0.634,-1.921,0.000,91.918,-0.060,-1.977,10.0
415,0.634,-1.922,0.000,91.510,-0.046,-1.977,10.0
416,0.635,-1.923,0.000,91.102,-0.032,-1.977,10.0
417,0.635,-1.924,0.000,90.695,-0.018,-1.977,10.0
418,0.635,-1.925,0.000,90.289,-0.004,-1.978,10.0
419,0.635,-1.926,0.000,89.886,0.010,-1.977,10.0
420,0.635,-1.927,0.000,89.484,0.024,-1.977,10.0
421,0.634,-1.928,0.000,89.084,0.038,-1.977,10.0
422,0.634,-1.929,0.000,88.685,0.051,-1.977,10.0
423,0.634,-1.930,0.000,88.287,0.065,-1.976,10.0
424,0.634,-1.931,0.000,87.890,0.079,-1.976,10.0
425,0.634,-1.932,0.000,87.494,0.092,-1.975,10.0
426,0.634,-1.933,0.000,87.098,0.106,-1.975,10.0
427,0.634,-1.933,0.000,86.702,0.120,-1.974,10.0
428,0.634,-1.934,0.000,86.307,0.133,-1.973,10.0
429,0.634,-1.935,0.000,85.911,0.147,-1.972,10.0
430,0.634,-1.936,0.000,85.516,0.160,-1.971,10.0
431,0.634,-1.937,0.000,85.121,0.174,-1.970,10.0
432,0.634,-1.938,0.000,84.725,0.188,-1.969,10.0
433,0.634,-1.939,0.000,84.330,0.201,-1.967,10.0
434,0.633,-1.940,0.000,83.935,0.215,-1.966,10.0
435,0.633,-1.941,0.000,83.539,0.228,-1.964,10.0
436,0.633,-1.941,0.000,83.144,0.242,-1.963,10.0
437,0.633,-1.942,0.000,82.749,0.255,-1.961,10.0
438,0.633,-1.943,0.000,82.354,0.269,-1.959,10.0
439,0.633,-1.944,0.000,81.959,0.282,-1.957,10.0
440,0.633,-1.945,0.000,81.565,0.296,-1.955,10.0
441,0.632,-1.946,0.000,81.170,0.309,-1.953,10.0
442,0.632,-1.946,0.000,80.776,0.323,-1.951,10.0
443,0.632,-1.947,0.000,80.381,0.336,-1.949,10.0
444,0.632,-1.948,0.000,79.987,0.350,-1.946,10.0
445,0.632,-1.949,0.000,79.594,0.363,-1.944,10.0
446,0.632,-1.949,0.000,79.200,0.376,-1.941,10.0
447,0.631,-1.950,0.000,78.807,0.390,-1.939,10.0
448,0.631,-1.951,0.000,78.415,0.403,-1.936,10.0
449,0.631,-1.952,0.000,78.022,0.416,-1.933,10.0
450,0.631,-1.953,0.000,77.631,0.429,-1.930,10.0
451,0.631,-1.953,0.000,77.239,0.443,-1.927,10.0
452,0.630,-1.954,0.000,76.848,0.456,-1.924,10.0
453,0.630,-1.955,0.000,76.458,0.469,-1.921,10.0
454,0.630,-1.956,0.000,76.068,0.482,-1.918,10.0
455,0.630,-1.956,0.000,75.678,0.495,-1.914,10.0
456,0.629,-1.957,0.000,75.289,0.508,-1.911,10.0
457,0.629,-1.958,0.000,74.901,0.521,-1.908,10.0
458,0.629,-1.958,0.000,74.513,0.534,-1.904,10.0
459,0.629,-1.959,0.000,74.126,0.547,-1.900,10.0
460,0.629,-1.960,0.000,73.740,0.559,-1.897,10.0
461,0.628,-1.960,0.000,73.355,0.572,-1.893,10.0
462,0.628,-1.961,0.000,72.970,0.585,-1.889,10.0
463,0.628,-1.962,0.000,72.586,0.598,-1.885,10.0
464,0.627,-1.962,0.000,72.202,0.610,-1.881,10.0
465,0.627,-1.963,0.000,71.820,0.623,-1.877,10.0
466,0.627,-1.964,0.000,71.438,0.635,-1.873,10.0
467,0.627,-1.964,0.000,71.058,0.648,-1.868,10.0
468,0.626,-1.965,0.000,70.678,0.660,-1.864,10.0
469,0.626,-1.966,0.000,70.299,0.672,-1.860,10.0
470,0.626,-1.966,0.000,69.921,0.685,-1.855,10.0
471,0.625,-1.967,0.000,69.544,0.697,-1.851,10.0
472,0.625,-1.968,0.000,69.168,0.709,-1.846,10.0
473,0.625,-1.968,0.000,68.792,0.721,-1.841,10.0
474,0.625,-1.969,0.000,68.418,0.733,-1.837,10.0
475,0.624,-1.969,0.000,68.045,0.745,-1.832,10.0
476,0.624,-1.970,0.000,67.673,0.757,-1.827,10.0
477,0.624,-1.971,0.000,67.303,0.769,-1.822,10.0
478,0.623,-1.971,0.000,66.933,0.780,-1.817,10.0
479,0.623,-1.972,0.000,66.565,0.792,-1.812,10.0
480,0.623,-1.972,0.000,66.197,0.804,-1.807,10.0
481,0.622,-1.973,0.000,65.831,0.815,-1.802,10.0
482,0.622,-1.973,0.000,65.466,0.827,-1.796,10.0
483,0.622,-1.974,0.000,65.103,0.838,-1.791,10.0
484,0.621,-1.975,0.000,64.740,0.849,-1.786,10.0
485,0.621,-1.975,0.000,64.379,0.861,-1.780,10.0
486,0.621,-1.976,0.000,64.018,0.872,-1.775,10.0
487,0.620,-1.976,0.000,63.659,0.883,-1.769,10.0
488,0.620,-1.977,0.000,63.301,0.894,-1.764,10.0
489,0.620,-1.977,0.000,62.945,0.905,-1.758,10.0
490,0.619,-1.978,0.000,62.589,0.916,-1.753,10.0
491,0.619,-1.978,0.000,62.235,0.927,-1.747,10.0
492,0.619,-1.979,0.000,61.883,0.937,-1.741,10.0
493,0.618,-1.979,0.000,61.532,0.948,-1.735,10.0
494,0.618,-1.980,0.000,61.182,0.959,-1.730,10.0
495,0.618,-1.980,0.000,60.833,0.969,-1.724,10.0
496,0.617,-1.981,0.000,60.486,0.980,-1.718,10.0
497,0.617,-1.981,0.000,60.140,0.990,-1.712,10.0
498,0.617,-1.982,0.000,59.796,1.000,-1.706,10.0
499,0.616,-1.982,0.000,59.453,1.010,-1.700,10.0
500,0.616,-1.983,0.000,59.111,1.020,-1.694,10.0
501,0.616,-1.983,0.000,58.771,1.031,-1.688,10.0
502,0.615,-1.984,0.000,58.432,1.040,-1.682,10.0
503,0.615,-1.984,0.000,58.094,1.050,-1.675,10.0
504,0.614,-1.985,0.000,57.759,1.060,-1.669,10.0
505,0.614,-1.985,0.000,57.424,1.070,-1.663,10.0
506,0.614,-1.985,0.000,57.091,1.080,-1.657,10.0
507,0.613,-1.986,0.000,56.760,1.089,-1.651,10.0
508,0.613,-1.986,0.000,56.429,1.099,-1.644,10.0
509,0.613,-1.987,0.000,56.101,1.108,-1.638,10.0
510,0.612,-1.987,0.000,55.774,1.117,-1.632,10.0
511,0.612,-1.988,0.000,55.448,1.127,-1.625,10.0
512,0.612,-1.988,0.000,55.124,1.136,-1.619,10.0
513,0.611,-1.988,0.000,54.801,1.145,-1.612,10.0
514,0.611,-1.989,0.000,54.480,1.154,-1.606,10.0
515,0.611,-1.989,0.000,54.161,1.163,-1.599,10.0
516,0.610,-1.990,0.000,53.843,1.172,-1.593,10.0
517,0.610,-1.990,0.000,53.526,1.180,-1.587,10.0
518,0.610,-1.990,0.000,53.211,1.189,-1.580,10.0
519,0.609,-1.991,0.000,52.898,1.198,-1.573,10.0
520,0.609,-1.991,0.000,52.586,1.206,-1.567,10.0
521,0.609,-1.992,0.000,52.276,1.215,-1.560,10.0
522,0.608,-1.992,0.000,51.967,1.223,-1.554,10.0
523,0.608,-1.992,0.000,51.661,1.232,-1.547,10.0
524,0.608,-1.992,0.000,51.356,1.240,-1.541,10.0
525,0.608,-1.993,0.000,51.054,1.248,-1.534,10.0
526,0.607,-1.993,0.000,50.755,1.256,-1.528,10.0
527,0.607,-1.993,0.000,50.458,1.264,-1.521,10.0
528,0.607,-1.993,0.000,50.163,1.272,-1.515,10.0
529,0.607,-1.994,0.000,49.872,1.279,-1.508,10.0
530,0.606,-1.994,0.000,49.584,1.287,-1.502,10.0
531,0.606,-1.994,0.000,49.299,1.294,-1.495,10.0
532,0.606,-1.995,0.000,49.016,1.302,-1.489,10.0
533,0.605,-1.995,0.000,48.737,1.309,-1.482,10.0
534,0.605,-1.995,0.000,48.460,1.316,-1.476,10.0
535,0.605,-1.996,0.000,48.187,1.323,-1.470,10.0
536,0.605,-1.996,0.000,47.916,1.330,-1.463,10.0
537,0.604,-1.996,0.000,47.648,1.337,-1.457,10.0
538,0.604,-1.996,0.000,47.383,1.343,-1.451,10.0
539,0.604,-1.997,0.000,47.121,1.350,-1.445,10.0
540,0.603,-1.997,0.000,46.861,1.357,-1.439,10.0
541,0.603,-1.997,0.000,46.603,1.363,-1.433,10.0
542,0.603,-1.997,0.000,46.346,1.370,-1.427,10.0
543,0.603,-1.998,0.000,46.091,1.376,-1.420,10.0
544,0.602,-1.998,0.000,45.837,1.382,-1.414,10.0
545,0.602,-1.998,0.000,45.585,1.388,-1.408,10.0
546,0.602,-1.999,0.000,45.334,1.395,-1.402,10.0
547,0.601,-1.999,0.000,45.084,1.401,-1.396,10.0
548,0.601,-1.999,0.000,44.836,1.407,-1.390,10.0
549,0.601,-2.000,0.000,44.588,1.413,-1.384,10.0
550,0.600,-2.000,0.000,44.342,1.419,-1.378,10.0
551,0.600,-2.000,0.000,44.096,1.424,-1.372,10.0
552,0.600,-2.000,0.000,43.852,1.430,-1.366,10.0
553,0.599,-2.001,0.000,43.609,1.436,-1.360,10.0
554,0.599,-2.001,0.000,43.367,1.442,-1.353,10.0
555,0.599,-2.001,0.000,43.126,1.447,-1.347,10.0
556,0.599,-2.002,0.000,42.887,1.453,-1.341,10.0
557,0.598,-2.002,0.000,42.648,1.459,-1.335,10.0
558,0.598,-2.002,0.000,42.411,1.464,-1.329,10.0
559,0.598,-2.002,0.000,42.175,1.470,-1.323,10.0
560,0.597,-2.003,0.000,41.940,1.475,-1.317,10.0
561,0.597,-2.003,0.000,41.706,1.480,-1.311,10.0
562,0.597,-2.003,0.000,41.474,1.486,-1.305,10.0
563,0.597,-2.003,0.000,41.243,1.491,-1.299,10.0
564,0.596,-2.004,0.000,41.013,1.496,-1.293,10.0
565,0.596,-2.004,0.000,40.785,1.501,-1.287,10.0
566,0.596,-2.004,0.000,40.557,1.506,-1.281,10.0
567,0.596,-2.004,0.000,40.331,1.511,-1.275,10.0
568,0.595,-2.005,0.000,40.107,1.516,-1.269,10.0
569,0.595,-2.005,0.000,39.883,1.521,-1.263,10.0
570,0.595,-2.005,0.000,39.661,1.526,-1.257,10.0
571,0.595,-2.005,0.000,39.440,1.531,-1.252,10.0
572,0.594,-2.005,0.000,39.220,1.536,-1.246,10.0
573,0.594,-2.006,0.000,39.002,1.541,-1.240,10.0
574,0.594,-2.006,0.000,38.784,1.545,-1.234,10.0
575,0.594,-2.006,0.000,38.568,1.550,-1.228,10.0
576,0.593,-2.006,0.000,38.353,1.555,-1.222,10.0
577,0.593,-2.007,0.000,38.139,1.559,-1.216,10.0
578,0.593,-2.007,0.000,37.926,1.564,-1.211,10.0
579,0.593,-2.007,0.000,37.715,1.568,-1.205,10.0
580,0.592,-2.007,0.000,37.504,1.572,-1.199,10.0
581,0.592,-2.007,0.000,37.295,1.577,-1.193,10.0
582,0.592,-2.008,0.000,37.086,1.581,-1.188,10.0
583,0.592,-2.008,0.000,36.879,1.585,-1.182,10.0
584,0.592,-2.008,0.000,36.673,1.590,-1.176,10.0
585,0.591,-2.008,0.000,36.467,1.594,-1.170,10.0
586,0.591,-2.008,0.000,36.263,1.598,-1.165,10.0
587,0.591,-2.009,0.000,36.060,1.602,-1.159,10.0
588,0.591,-2.009,0.000,35.858,1.606,-1.153,10.0
589,0.591,-2.009,0.000,35.657,1.610,-1.148,10.0
590,0.590,-2.009,0.000,35.457,1.614,-1.142,10.0
591,0.590,-2.009,0.000,35.258,1.618,-1.137,10.0
592,0.590,-2.010,0.000,35.061,1.622,-1.131,10.0
593,0.590,-2.010,0.000,34.864,1.626,-1.125,10.0
594,0.590,-2.010,0.000,34.668,1.630,-1.120,10.0
595,0.589,-2.010,0.000,34.473,1.634,-1.114,10.0
596,0.589,-2.010,0.000,34.279,1.637,-1.109,10.0
597,0.589,-2.010,0.000,34.087,1.641,-1.103,10.0
598,0.589,-2.011,0.000,33.895,1.645,-1.098,10.0
599,0.589,-2.011,0.000,33.704,1.648,-1.092,10.0
600,0.588,-2.011,0.000,33.514,1.652,-1.087,10.0
601,0.588,-2.011,0.000,33.325,1.656,-1.081,10.0
602,0.588,-2.011,0.000,33.137,1.659,-1.076,10.0
603,0.588,-2.011,0.000,32.950,1.663,-1.070,10.0
604,0.588,-2.012,0.000,32.764,1.666,-1.065,10.0
605,0.588,-2.012,0.000,32.579,1.670,-1.060,10.0
606,0.587,-2.012,0.000,32.395,1.673,-1.054,10.0
607,0.587,-2.012,0.000,32.211,1.676,-1.049,10.0
608,0.587,-2.012,0.000,32.029,1.680,-1.044,10.0
609,0.587,-2.012,0.000,31.847,1.683,-1.038,10.0
610,0.587,-2.013,0.000,31.667,1.686,-1.033,10.0
611,0.586,-2.013,0.000,31.487,1.689,-1.028,10.0
612,0.586,-2.013,0.000,31.308,1.693,-1.022,10.0
613,0.586,-2.013,0.000,31.130,1.696,-1.017,10.0
614,0.586,-2.013,0.000,30.952,1.699,-1.012,10.0
615,0.586,-2.013,0.000,30.776,1.702,-1.007,10.0
616,0.586,-2.014,0.000,30.600,1.705,-1.001,10.0
617,0.586,-2.014,0.000,30.425,1.708,-0.996,10.0
618,0.585,-2.014,0.000,30.251,1.711,-0.991,10.0
619,0.585,-2.014,0.000,30.078,1.714,-0.986,10.0
620,0.585,-2.014,0.000,29.905,1.717,-0.981,10.0
621,0.585,-2.014,0.000,29.734,1.720,-0.976,10.0
622,0.585,-2.015,0.000,29.563,1.723,-0.970,10.0
623,0.585,-2.015,0.000,29.392,1.726,-0.965,10.0
624,0.585,-2.015,0.000,29.223,1.729,-0.960,10.0
625,0.584,-2.015,0.000,29.054,1.732,-0.955,10.0
626,0.584,-2.015,0.000,28.886,1.734,-0.950,10.0
627,0.584,-2.015,0.000,28.719,1.737,-0.945,10.0
628,0.584,-2.015,0.000,28.552,1.740,-0.940,10.0
629,0.584,-2.016,0.000,28.386,1.743,-0.935,10.0
630,0.584,-2.016,0.000,28.221,1.745,-0.930,10.0
631,0.584,-2.016,0.000,28.056,1.748,-0.925,10.0
632,0.583,-2.016,0.000,27.893,1.751,-0.920,10.0
633,0.583,-2.016,0.000,27.729,1.753,-0.915,10.0
634,0.583,-2.016,0.000,27.567,1.756,-0.910,10.0
635,0.583,-2.016,0.000,27.405,1.758,-0.905,10.0
636,0.583,-2.017,0.000,27.243,1.761,-0.900,10.0
637,0.583,-2.017,0.000,27.083,1.763,-0.895,10.0
638,0.583,-2.017,0.000,26.923,1.766,-0.890,10.0
639,0.583,-2.017,0.000,26.763,1.768,-0.885,10.0
640,0.582,-2.017,0.000,26.604,1.771,-0.880,10.0
641,0.582,-2.017,0.000,26.446,1.773,-0.875,10.0
642,0.582,-2.017,0.000,26.288,1.776,-0.870,10.0
643,0.582,-2.018,0.000,26.131,1.778,-0.866,10.0
644,0.582,-2.018,0.000,25.974,1.780,-0.861,10.0
645,0.582,-2.018,0.000,25.818,1.783,-0.856,10.0
646,0.582,-2.018,0.000,25.663,1.785,-0.851,10.0
647,0.582,-2.018,0.000,25.508,1.787,-0.846,10.0
648,0.582,-2.018,0.000,25.353,1.790,-0.841,10.0
649,0.581,-2.018,0.000,25.199,1.792,-0.836,10.0
650,0.581,-2.018,0.000,25.045,1.794,-0.832,10.0
651,0.581,-2.019,0.000,24.892,1.796,-0.827,10.0
652,0.581,-2.019,0.000,24.740,1.798,-0.822,10.0
653,0.581,-2.019,0.000,24.588,1.801,-0.817,10.0
654,0.581,-2.019,0.000,24.436,1.803,-0.813,10.0
655,0.581,-2.019,0.000,24.285,1.805,-0.808,10.0
656,0.581,-2.019,0.000,24.134,1.807,-0.803,10.0
657,0.581,-2.019,0.000,23.984,1.809,-0.798,10.0
658,0.580,-2.020,0.000,23.834,1.811,-0.794,10.0
659,0.580,-2.020,0.000,23.684,1.813,-0.789,10.0
660,0.580,-2.020,0.000,23.535,1.815,-0.784,10.0
661,0.580,-2.020,0.000,23.387,1.817,-0.779,10.0
662,0.580,-2.020,0.000,23.238,1.819,-0.775,10.0
663,0.580,-2.020,0.000,23.090,1.821,-0.770,10.0
664,0.580,-2.020,0.000,22.943,1.823,-0.765,10.0
665,0.580,-2.020,0.000,22.795,1.825,-0.761,10.0
666,0.580,-2.021,0.000,22.649,1.827,-0.756,10.0
667,0.580,-2.021,0.000,22.502,1.829,-0.751,10.0
668,0.580,-2.021,0.000,22.356,1.831,-0.747,10.0
669,0.579,-2.021,0.000,22.210,1.833,-0.742,10.0
670,0.579,-2.021,0.000,22.064,1.835,-0.737,10.0
671,0.579,-2.021,0.000,21.919,1.837,-0.733,10.0
672,0.579,-2.021,0.000,21.774,1.839,-0.728,10.0
673,0.579,-2.021,0.000,21.630,1.840,-0.723,10.0
674,0.579,-2.022,0.000,21.485,1.842,-0.719,10.0
675,0.579,-2.022,0.000,21.341,1.844,-0.714,10.0
676,0.579,-2.022,0.000,21.197,1.846,-0.709,10.0
677,0.579,-2.022,0.000,21.053,1.848,-0.705,10.0
678,0.579,-2.022,0.000,20.910,1.849,-0.700,10.0
679,0.579,-2.022,0.000,20.767,1.851,-0.696,10.0
680,0.579,-2.022,0.000,20.624,1.853,-0.691,10.0
681,0.578,-2.022,0.000,20.481,1.855,-0.686,10.0
682,0.578,-2.023,0.000,20.339,1.856,-0.682,10.0
683,0.578,-2.023,0.000,20.197,1.858,-0.677,10.0
684,0.578,-2.023,0.000,20.054,1.860,-0.672,10.0
685,0.578,-2.023,0.000,19.912,1.861,-0.668,10.0
686,0.578,-2.023,0.000,19.771,1.863,-0.663,10.0
687,0.578,-2.023,0.000,19.629,1.865,-0.659,10.0
688,0.578,-2.023,0.000,19.488,1.866,-0.654,10.0
689,0.578,-2.023,0.000,19.346,1.868,-0.649,10.0
690,0.578,-2.024,0.000,19.205,1.869,-0.645,10.0
691,0.578,-2.024,0.000,19.064,1.871,-0.640,10.0
692,0.578,-2.024,0.000,18.923,1.873,-0.636,10.0
693,0.578,-2.024,0.000,18.783,1.874,-0.631,10.0
694,0.577,-2.024,0.000,18.642,1.876,-0.626,10.0
695,0.577,-2.024,0.000,18.502,1.877,-0.622,10.0
696,0.577,-2.024,0.000,18.361,1.879,-0.617,10.0
697,0.577,-2.024,0.000,18.221,1.880,-0.613,10.0
698,0.577,-2.025,0.000,18.080,1.882,-0.608,10.0
699,0.577,-2.025,0.000,17.940,1.883,-0.603,10.0
700,0.577,-2.025,0.000,17.800,1.885,-0.599,10.0
701,0.577,-2.025,0.000,17.660,1.886,-0.594,10.0
702,0.577,-2.025,0.000,17.520,1.888,-0.590,10.0
703,0.577,-2.025,0.000,17.380,1.889,-0.585,10.0
704,0.577,-2.025,0.000,17.240,1.890,-0.580,10.0
705,0.577,-2.025,0.000,17.100,1.892,-0.576,10.0
706,0.577,-2.025,0.000,16.960,1.893,-0.571,10.0
707,0.577,-2.026,0.000,16.820,1.895,-0.567,10.0
708,0.577,-2.026,0.000,16.680,1.896,-0.562,10.0
709,0.576,-2.026,0.000,16.540,1.897,-0.557,10.0
710,0.576,-2.026,0.000,16.400,1.899,-0.553,10.0
711,0.576,-2.026,0.000,16.260,1.900,-0.548,10.0
712,0.576,-2.026,0.000,16.121,1.901,-0.543,10.0
713,0.576,-2.026,0.000,15.981,1.903,-0.539,10.0
714,0.576,-2.026,0.000,15.841,1.904,-0.534,10.0
715,0.576,-2.027,0.000,15.700,1.905,-0.529,10.0
716,0.576,-2.027,0.000,15.560,1.907,-0.525,10.0
717,0.576,-2.027,0.000,15.420,1.908,-0.520,10.0
718,0.576,-2.027,0.000,15.280,1.909,-0.515,10.0
719,0.576,-2.027,0.000,15.140,1.910,-0.511,10.0
720,0.576,-2.027,0.000,14.999,1.912,-0.506,10.0
721,0.576,-2.027,0.000,14.859,1.913,-0.501,10.0
722,0.576,-2.027,0.000,14.718,1.914,-0.497,10.0
723,0.576,-2.027,0.000,14.577,1.915,-0.492,10.0
724,0.576,-2.028,0.000,14.437,1.916,-0.487,10.0
725,0.575,-2.028,0.000,14.296,1.918,-0.483,10.0
726,0.575,-2.028,0.000,14.155,1.919,-0.478,10.0
727,0.575,-2.028,0.000,14.014,1.920,-0.473,10.0
728,0.575,-2.028,0.000,13.872,1.921,-0.468,10.0
729,0.575,-2.028,0.000,13.731,1.922,-0.464,10.0
730,0.575,-2.028,0.000,13.590,1.923,-0.459,10.0
731,0.575,-2.028,0.000,13.448,1.925,-0.454,10.0
732,0.575,-2.028,0.000,13.306,1.926,-0.449,10.0
733,0.575,-2.029,0.000,13.164,1.927,-0.445,10.0
734,0.575,-2.029,0.000,13.022,1.928,-0.440,10.0
735,0.575,-2.029,0.000,12.880,1.929,-0.435,10.0
736,0.575,-2.029,0.000,12.737,1.930,-0.430,10.0
737,0.575,-2.029,0.000,12.595,1.931,-0.425,10.0
738,0.575,-2.029,0.000,12.452,1.932,-0.421,10.0
739,0.575,-2.029,0.000,12.309,1.933,-0.416,10.0
740,0.575,-2.029,0.000,12.166,1.934,-0.411,10.0
741,0.575,-2.029,0.000,12.022,1.935,-0.406,10.0
742,0.574,-2.030,0.000,11.879,1.936,-0.401,10.0
743,0.574,-2.030,0.000,11.735,1.937,-0.396,10.0
744,0.574,-2.030,0.000,11.591,1.938,-0.392,10.0
745,0.574,-2.030,0.000,11.447,1.939,-0.387,10.0
746,0.574,-2.030,0.000,11.303,1.940,-0.382,10.0
747,0.574,-2.030,0.000,11.158,1.941,-0.377,10.0
748,0.574,-2.030,0.000,11.013,1.942,-0.372,10.0
749,0.574,-2.030,0.000,10.868,1.943,-0.367,10.0
750,0.574,-2.030,0.000,10.723,1.944,-0.362,10.0
751,0.574,-2.030,0.000,10.577,1.945,-0.357,10.0
752,0.574,-2.031,0.000,10.431,1.946,-0.352,10.0
753,0.574,-2.031,0.000,10.285,1.947,-0.347,10.0
754,0.574,-2.031,0.000,10.139,1.948,-0.342,10.0
755,0.574,-2.031,0.000,9.993,1.948,-0.337,10.0
756,0.574,-2.031,0.000,9.846,1.949,-0.332,10.0
757,0.574,-2.031,0.000,9.699,1.950,-0.327,10.0
758,0.574,-2.031,0.000,9.552,1.951,-0.322,10.0
759,0.574,-2.031,0.000,9.404,1.952,-0.317,10.0
760,0.574,-2.031,0.000,9.256,1.953,-0.312,10.0
761,0.573,-2.031,0.000,9.108,1.953,-0.307,10.0
762,0.573,-2.032,0.000,8.960,1.954,-0.302,10.0
763,0.573,-2.032,0.000,8.811,1.954,-0.312,10.0
764,0.573,-2.032,0.000,8.664,1.965,-0.299,10.0
765,0.573,-2.032,0.000,8.516,1.980,-0.300,10.0
766,0.573,-2.032,0.000,8.370,1.972,-0.301,10.0
767,0.573,-2.032,0.000,8.225,1.971,-0.292,10.0
768,0.572,-2.032,0.000,8.078,1.979,-0.285,10.0
769,0.572,-2.032,0.000,7.931,1.978,-0.281,10.0
770,0.572,-2.032,0.000,7.783,1.976,-0.275,10.0
771,0.572,-2.032,0.000,7.634,1.981,-0.270,10.0
772,0.572,-2.032,0.000,7.484,1.979,-0.267,10.0
773,0.572,-2.032,0.000,7.334,1.981,-0.261,10.0
774,0.572,-2.032,0.000,7.183,1.982,-0.255,10.0
775,0.572,-2.032,0.000,7.032,1.982,-0.250,10.0
776,0.572,-2.032,0.000,6.879,1.983,-0.244,10.0
777,0.571,-2.032,0.000,6.727,1.983,-0.240,10.0
778,0.571,-2.032,0.000,6.573,1.985,-0.234,10.0
779,0.571,-2.032,0.000,6.419,1.984,-0.229,10.0
780,0.571,-2.032,0.000,6.264,1.986,-0.223,10.0
781,0.571,-2.032,0.000,6.109,1.986,-0.218,10.0
782,0.571,-2.032,0.000,5.953,1.986,-0.213,10.0
783,0.571,-2.032,0.000,5.797,1.987,-0.207,10.0
784,0.571,-2.032,0.000,5.640,1.987,-0.202,10.0
785,0.571,-2.032,0.000,5.482,1.988,-0.196,10.0
786,0.570,-2.032,0.000,5.324,1.989,-0.191,10.0
787,0.570,-2.032,0.000,5.166,1.989,-0.185,10.0
788,0.570,-2.032,0.000,5.007,1.990,-0.180,10.0
789,0.570,-2.032,0.000,4.848,1.990,-0.174,10.0
790,0.570,-2.032,0.000,4.688,1.991,-0.169,10.0
791,0.570,-2.032,0.000,4.528,1.991,-0.163,10.0
792,0.570,-2.032,0.000,4.367,1.992,-0.158,10.0
793,0.570,-2.032,0.000,4.207,1.992,-0.152,10.0
794,0.570,-2.032,0.000,4.045,1.992,-0.146,10.0
795,0.569,-2.032,0.000,3.884,1.993,-0.141,10.0
796,0.569,-2.032,0.000,3.722,1.993,-0.135,10.0
797,0.569,-2.032,0.000,3.560,1.994,-0.130,10.0
798,0.569,-2.032,0.000,3.399,1.981,-0.110,10.0
799,0.569,-2.032,0.000,3.242,1.927,-0.105,10.0
800,0.569,-2.032,0.000,3.085,1.883,-0.095,10.0
801,0.569,-2.032,0.000,2.927,1.849,-0.087,10.0
802,0.569,-2.032,0.000,2.768,1.824,-0.081,10.0
803,0.568,-2.032,0.000,2.609,1.808,-0.076,10.0
804,0.568,-2.032,0.000,2.448,1.801,-0.071,10.0
805,0.568,-2.032,0.000,2.287,1.801,-0.065,10.0
806,0.568,-2.032,0.000,2.125,1.811,-0.061,10.0
807,0.568,-2.032,0.000,1.963,1.828,-0.056,10.0
808,0.568,-2.032,0.000,1.800,1.854,-0.052,10.0
809,0.568,-2.032,0.000,1.636,1.888,-0.048,10.0
810,0.568,-2.032,0.000,1.472,1.930,-0.043,10.0
811,0.568,-2.032,0.000,1.308,1.981,-0.039,10.0
812,0.568,-2.032,0.000,1.150,1.975,-0.036,10.0
813,0.568,-2.032,0.000,0.998,1.937,-0.028,10.0
814,0.567,-2.032,0.000,0.844,1.909,-0.021,10.0
815,0.567,-2.032,0.000,0.691,1.890,-0.016,10.0
816,0.567,-2.032,0.000,0.537,1.879,-0.012,10.0
817,0.567,-2.032,0.000,0.384,1.878,-0.006,10.0
818,0.567,-2.032,0.000,0.230,1.885,-0.001,10.0
819,0.567,-2.032,0.000,0.076,1.900,0.004,10.0
820,0.567,-2.032,0.000,-0.078,1.925,0.009,10.0
821,0.567,-2.032,0.000,-0.233,1.958,0.014,10.0
822,0.567,-2.032,0.000,-0.386,1.989,0.010,10.0
823,0.566,-2.032,0.000,-0.531,1.963,0.031,10.0
824,0.566,-2.032,0.000,-0.676,1.941,0.031,10.0
825,0.566,-2.032,0.000,-0.821,1.927,0.031,10.0
826,0.566,-2.032,0.000,-0.967,1.922,0.038,10.0
827,0.566,-2.032,0.000,-1.112,1.926,0.045,10.0
828,0.566,-2.032,0.000,-1.259,1.939,0.049,10.0
829,0.566,-2.032,0.000,-1.406,1.961,0.054,10.0
830,0.566,-2.032,0.000,-1.552,1.985,0.053,10.0
831,0.566,-2.032,0.000,-1.693,1.968,0.070,10.0
832,0.566,-2.032,0.000,-1.835,1.954,0.070,10.0
833,0.565,-2.032,0.000,-1.976,1.950,0.072,10.0
834,0.565,-2.032,0.000,-2.119,1.955,0.078,10.0
835,0.565,-2.032,0.000,-2.263,1.968,0.085,10.0
836,0.565,-2.032,0.000,-2.406,1.981,0.083,10.0
837,0.565,-2.032,0.000,-2.547,1.969,0.097,10.0
838,0.565,-2.032,0.000,-2.688,1.964,0.100,10.0
839,0.565,-2.032,0.000,-2.831,1.969,0.103,10.0
840,0.565,-2.032,0.000,-2.974,1.978,0.105,10.0
841,0.565,-2.032,0.000,-3.115,1.971,0.116,10.0
842,0.565,-2.032,0.000,-3.258,1.971,0.119,10.0
843,0.565,-2.032,0.000,-3.401,1.976,0.120,10.0
844,0.565,-2.032,0.000,-3.543,1.972,0.129,10.0
845,0.565,-2.032,0.000,-3.685,1.974,0.133,10.0
846,0.565,-2.032,0.000,-3.828,1.972,0.138,10.0
847,0.565,-2.032,0.000,-3.970,1.972,0.143,10.0
848,0.565,-2.032,0.000,-4.113,1.972,0.147,10.0
849,0.565,-2.032,0.000,-4.256,1.971,0.153,10.0
850,0.565,-2.032,0.000,-4.399,1.971,0.157,10.0
851,0.565,-2.032,0.000,-4.542,1.970,0.163,10.0
852,0.565,-2.032,0.000,-4.685,1.971,0.167,10.0
853,0.565,-2.032,0.000,-4.828,1.970,0.172,10.0
854,0.565,-2.032,0.000,-4.971,1.970,0.177,10.0
855,0.565,-2.032,0.000,-5.115,1.969,0.182,10.0
856,0.565,-2.032,0.000,-5.259,1.969,0.187,10.0
857,0.565,-2.032,0.000,-5.402,1.968,0.192,10.0
858,0.565,-2.032,0.000,-5.546,1.968,0.197,10.0
859,0.565,-2.032,0.000,-5.691,1.967,0.202,10.0
860,0.565,-2.032,0.000,-5.835,1.967,0.207,10.0
861,0.565,-2.032,0.000,-5.979,1.966,0.212,10.0
862,0.565,-2.032,0.000,-6.124,1.965,0.217,10.0
863,0.565,-2.032,0.000,-6.269,1.965,0.222,10.0
864,0.565,-2.032,0.000,-6.414,1.964,0.227,10.0
865,0.565,-2.032,0.000,-6.559,1.964,0.232,10.0
866,0.565,-2.032,0.000,-6.704,1.963,0.237,10.0
867,0.565,-2.032,0.000,-6.850,1.963,0.242,10.0
868,0.565,-2.032,0.000,-6.996,1.962,0.247,10.0
869,0.565,-2.032,0.000,-7.141,1.961,0.252,10.0
870,0.565,-2.032,0.000,-7.288,1.964,0.242,10.0
871,0.564,-2.032,0.000,-7.433,1.971,0.258,10.0
872,0.564,-2.032,0.000,-7.578,1.985,0.261,10.0
873,0.564,-2.032,0.000,-7.721,1.978,0.257,10.0
874,0.564,-2.032,0.000,-7.864,1.976,0.266,10.0
875,0.564,-2.032,0.000,-8.008,1.981,0.276,10.0
876,0.564,-2.032,0.000,-8.152,1.977,0.277,10.0
877,0.564,-2.032,0.000,-8.296,1.975,0.282,10.0
878,0.563,-2.032,0.000,-8.441,1.978,0.290,10.0
879,0.563,-2.032,0.000,-8.586,1.975,0.291,10.0
880,0.563,-2.032,0.000,-8.733,1.976,0.298,10.0
881,0.563,-2.032,0.000,-8.879,1.975,0.302,10.0
882,0.563,-2.032,0.000,-9.026,1.974,0.308,10.0
883,0.563,-2.032,0.000,-9.173,1.973,0.313,10.0
884,0.563,-2.032,0.000,-9.321,1.972,0.318,10.0
885,0.563,-2.032,0.000,-9.470,1.972,0.324,10.0
886,0.563,-2.031,0.000,-9.618,1.970,0.328,10.0
887,0.563,-2.031,0.000,-9.768,1.970,0.334,10.0
888,0.563,-2.031,0.000,-9.917,1.969,0.338,10.0
889,0.562,-2.031,0.000,-10.068,1.968,0.344,10.0
890,0.562,-2.031,0.000,-10.218,1.967,0.349,10.0
891,0.562,-2.031,0.000,-10.369,1.966,0.354,10.0
892,0.562,-2.031,0.000,-10.521,1.965,0.359,10.0
893,0.562,-2.031,0.000,-10.673,1.964,0.364,10.0
894,0.562,-2.031,0.000,-10.825,1.963,0.370,10.0
895,0.562,-2.031,0.000,-10.978,1.962,0.375,10.0
896,0.562,-2.031,0.000,-11.131,1.961,0.380,10.0
897,0.562,-2.031,0.000,-11.284,1.960,0.385,10.0
898,0.562,-2.031,0.000,-11.438,1.959,0.391,10.0
899,0.562,-2.031,0.000,-11.592,1.958,0.396,10.0
900,0.562,-2.031,0.000,-11.747,1.957,0.401,10.0
901,0.561,-2.031,0.000,-11.902,1.956,0.406,10.0
902,0.561,-2.031,0.000,-12.057,1.955,0.412,10.0
903,0.561,-2.031,0.000,-12.212,1.954,0.417,10.0
904,0.561,-2.031,0.000,-12.368,1.953,0.422,10.0
905,0.561,-2.031,0.000,-12.524,1.951,0.428,10.0
906,0.561,-2.031,0.000,-12.681,1.950,0.433,10.0
907,0.561,-2.031,0.000,-12.838,1.949,0.438,10.0
908,0.561,-2.031,0.000,-12.995,1.948,0.444,10.0
909,0.561,-2.031,0.000,-13.152,1.947,0.449,10.0
910,0.561,-2.031,0.000,-13.310,1.945,0.454,10.0
911,0.561,-2.031,0.000,-13.468,1.944,0.460,10.0
912,0.560,-2.030,0.000,-13.626,1.943,0.465,10.0
913,0.560,-2.030,0.000,-13.785,1.942,0.471,10.0
914,0.560,-2.030,0.000,-13.944,1.940,0.476,10.0
915,0.560,-2.030,0.000,-14.103,1.939,0.481,10.0
916,0.560,-2.030,0.000,-14.262,1.938,0.487,10.0
917,0.560,-2.030,0.000,-14.422,1.936,0.492,10.0
918,0.560,-2.030,0.000,-14.582,1.935,0.497,10.0
919,0.560,-2.030,0.000,-14.742,1.933,0.503,10.0
920,0.560,-2.030,0.000,-14.902,1.932,0.508,10.0
921,0.560,-2.030,0.000,-15.062,1.931,0.514,10.0
922,0.560,-2.030,0.000,-15.223,1.929,0.519,10.0
923,0.560,-2.030,0.000,-15.384,1.928,0.524,10.0
924,0.559,-2.030,0.000,-15.545,1.926,0.530,10.0
925,0.559,-2.030,0.000,-15.706,1.925,0.535,10.0
926,0.559,-2.030,0.000,-15.867,1.923,0.541,10.0
927,0.559,-2.030,0.000,-16.029,1.922,0.546,10.0
928,0.559,-2.030,0.000,-16.190,1.920,0.552,10.0
929,0.559,-2.030,0.000,-16.352,1.919,0.557,10.0
930,0.559,-2.029,0.000,-16.514,1.917,0.562,10.0
931,0.559,-2.029,0.000,-16.676,1.915,0.568,10.0
932,0.559,-2.029,0.000,-16.837,1.880,0.580,10.0
933,0.559,-2.029,0.000,-16.995,1.831,0.567,10.0
934,0.558,-2.029,0.000,-17.152,1.792,0.558,10.0
935,0.558,-2.029,0.000,-17.310,1.761,0.555,10.0
936,0.558,-2.029,0.000,-17.469,1.737,0.554,10.0
937,0.558,-2.029,0.000,-17.629,1.722,0.554,10.0
938,0.558,-2.029,0.000,-17.791,1.714,0.556,10.0
939,0.558,-2.029,0.000,-17.953,1.714,0.562,10.0
940,0.557,-2.029,0.000,-18.117,1.722,0.570,10.0
941,0.557,-2.029,0.000,-18.282,1.738,0.581,10.0
942,0.557,-2.029,0.000,-18.448,1.762,0.594,10.0
943,0.557,-2.029,0.000,-18.615,1.794,0.611,10.0
944,0.557,-2.029,0.000,-18.783,1.833,0.630,10.0
945,0.557,-2.029,0.000,-18.952,1.879,0.649,10.0
946,0.557,-2.029,0.000,-19.115,1.859,0.649,10.0
947,0.557,-2.029,0.000,-19.277,1.822,0.642,10.0
948,0.557,-2.029,0.000,-19.441,1.795,0.641,10.0
949,0.557,-2.029,0.000,-19.605,1.776,0.640,10.0
950,0.557,-2.029,0.000,-19.771,1.766,0.641,10.0
951,0.557,-2.029,0.000,-19.937,1.764,0.646,10.0
952,0.556,-2.029,0.000,-20.105,1.770,0.655,10.0
953,0.556,-2.029,0.000,-20.274,1.784,0.666,10.0
954,0.556,-2.028,0.000,-20.444,1.806,0.680,10.0
955,0.556,-2.028,0.000,-20.615,1.837,0.698,10.0
956,0.556,-2.028,0.000,-20.786,1.860,0.700,10.0
957,0.556,-2.028,0.000,-20.952,1.827,0.708,10.0
958,0.556,-2.028,0.000,-21.119,1.805,0.708,10.0
959,0.556,-2.028,0.000,-21.288,1.794,0.705,10.0
960,0.555,-2.028,0.000,-21.457,1.790,0.708,10.0
961,0.555,-2.028,0.000,-21.628,1.793,0.718,10.0
962,0.555,-2.028,0.000,-21.799,1.805,0.729,10.0
963,0.555,-2.028,0.000,-21.972,1.825,0.743,10.0
964,0.555,-2.028,0.000,-22.144,1.838,0.746,10.0
965,0.555,-2.028,0.000,-22.312,1.815,0.752,10.0
966,0.555,-2.028,0.000,-22.482,1.803,0.756,10.0
967,0.555,-2.028,0.000,-22.652,1.801,0.758,10.0
968,0.555,-2.028,0.000,-22.824,1.806,0.766,10.0
969,0.554,-2.028,0.000,-22.996,1.819,0.779,10.0
970,0.555,-2.028,0.000,-23.168,1.817,0.783,10.0
971,0.555,-2.028,0.000,-23.339,1.806,0.783,10.0
972,0.554,-2.028,0.000,-23.512,1.803,0.792,10.0
973,0.554,-2.028,0.000,-23.685,1.809,0.801,10.0
974,0.554,-2.028,0.000,-23.858,1.806,0.805,10.0
975,0.554,-2.028,0.000,-24.031,1.802,0.808,10.0
976,0.554,-2.027,0.000,-24.205,1.803,0.815,10.0
977,0.554,-2.027,0.000,-24.377,1.797,0.822,10.0
978,0.554,-2.027,0.000,-24.551,1.797,0.827,10.0
979,0.554,-2.027,0.000,-24.723,1.793,0.832,10.0
980,0.555,-2.027,0.000,-24.896,1.792,0.837,10.0
981,0.555,-2.027,0.000,-25.068,1.800,0.826,10.0
982,0.554,-2.027,0.000,-25.239,1.802,0.849,10.0
983,0.554,-2.027,0.000,-25.411,1.807,0.860,10.0
984,0.554,-2.027,0.000,-25.580,1.801,0.854,10.0
985,0.554,-2.027,0.000,-25.750,1.799,0.858,10.0
986,0.554,-2.027,0.000,-25.921,1.801,0.871,10.0
987,0.554,-2.027,0.000,-26.092,1.796,0.871,10.0
988,0.554,-2.027,0.000,-26.263,1.792,0.878,10.0
989,0.554,-2.026,0.000,-26.434,1.792,0.887,10.0
990,0.554,-2.026,0.000,-26.605,1.788,0.887,10.0
991,0.554,-2.026,0.000,-26.776,1.787,0.895,10.0
992,0.554,-2.026,0.000,-26.947,1.784,0.900,10.0
993,0.554,-2.026,0.000,-27.117,1.780,0.905,10.0
994,0.554,-2.026,0.000,-27.288,1.778,0.912,10.0
995,0.553,-2.026,0.000,-27.459,1.775,0.915,10.0
996,0.553,-2.026,0.000,-27.629,1.773,0.922,10.0
997,0.553,-2.026,0.000,-27.799,1.770,0.926,10.0
998,0.553,-2.025,0.000,-27.969,1.767,0.932,10.0
999,0.553,-2.025,0.000,-28.139,1.764,0.937,10.0
1000,0.553,-2.025,0.000,-28.309,1.762,0.942,10.0
1001,0.553,-2.025,0.000,-28.478,1.759,0.948,10.0
1002,0.553,-2.025,0.000,-28.647,1.756,0.952,10.0
1003,0.553,-2.025,0.000,-28.816,1.753,0.958,10.0
1004,0.553,-2.025,0.000,-28.984,1.750,0.963,10.0
1005,0.553,-2.025,0.000,-29.153,1.748,0.968,10.0
1006,0.553,-2.024,0.000,-29.321,1.745,0.973,10.0
1007,0.553,-2.024,0.000,-29.489,1.742,0.979,10.0
1008,0.553,-2.024,0.000,-29.657,1.739,0.983,10.0
1009,0.553,-2.024,0.000,-29.824,1.736,0.989,10.0
1010,0.553,-2.024,0.000,-29.991,1.733,0.994,10.0
1011,0.553,-2.024,0.000,-30.158,1.730,0.999,10.0
1012,0.553,-2.024,0.000,-30.324,1.727,1.004,10.0
1013,0.553,-2.024,0.000,-30.491,1.724,1.009,10.0
1014,0.553,-2.023,0.000,-30.657,1.722,1.014,10.0
1015,0.553,-2.023,0.000,-30.822,1.719,1.019,10.0
1016,0.553,-2.023,0.000,-30.988,1.716,1.024,10.0
1017,0.552,-2.023,0.000,-31.153,1.713,1.029,10.0
1018,0.552,-2.023,0.000,-31.317,1.710,1.033,10.0
1019,0.552,-2.023,0.000,-31.482,1.707,1.038,10.0
1020,0.552,-2.023,0.000,-31.646,1.704,1.043,10.0
1021,0.552,-2.023,0.000,-31.810,1.701,1.048,10.0
1022,0.552,-2.022,0.000,-31.973,1.698,1.053,10.0
1023,0.552,-2.022,0.000,-32.136,1.695,1.058,10.0
1024,0.552,-2.022,0.000,-32.299,1.692,1.063,10.0
1025,0.552,-2.022,0.000,-32.461,1.689,1.067,10.0
1026,0.552,-2.022,0.000,-32.623,1.686,1.072,10.0
1027,0.552,-2.022,0.000,-32.785,1.683,1.077,10.0
1028,0.552,-2.022,0.000,-32.946,1.680,1.082,10.0
1029,0.552,-2.021,0.000,-33.107,1.677,1.086,10.0
1030,0.552,-2.021,0.000,-33.267,1.674,1.091,10.0
1031,0.552,-2.021,0.000,-33.427,1.671,1.096,10.0
1032,0.552,-2.021,0.000,-33.587,1.668,1.100,10.0
1033,0.552,-2.021,0.000,-33.746,1.664,1.105,10.0
1034,0.552,-2.021,0.000,-33.905,1.661,1.110,10.0
1035,0.552,-2.021,0.000,-34.064,1.658,1.114,10.0
1036,0.552,-2.020,0.000,-34.222,1.655,1.119,10.0
1037,0.552,-2.020,0.000,-34.380,1.652,1.123,10.0
1038,0.552,-2.020,0.000,-34.538,1.649,1.128,10.0
1039,0.552,-2.020,0.000,-34.695,1.646,1.132,10.0
1040,0.552,-2.020,0.000,-34.852,1.643,1.137,10.0
1041,0.552,-2.020,0.000,-35.008,1.640,1.141,10.0
1042,0.552,-2.020,0.000,-35.165,1.637,1.146,10.0
1043,0.552,-2.019,0.000,-35.321,1.633,1.150,10.0
1044,0.552,-2.019,0.000,-35.476,1.630,1.155,10.0
1045,0.552,-2.019,0.000,-35.631,1.627,1.159,10.0
1046,0.552,-2.019,0.000,-35.786,1.624,1.164,10.0
1047,0.552,-2.019,0.000,-35.941,1.621,1.168,10.0
1048,0.552,-2.019,0.000,-36.095,1.618,1.172,10.0
1049,0.552,-2.019,0.000,-36.249,1.615,1.177,10.0
1050,0.552,-2.019,0.000,-36.403,1.611,1.181,10.0
1051,0.552,-2.018,0.000,-36.556,1.608,1.185,10.0
1052,0.552,-2.018,0.000,-36.709,1.605,1.190,10.0
1053,0.551,-2.018,0.000,-36.862,1.602,1.194,10.0
1054,0.551,-2.018,0.000,-37.014,1.599,1.198,10.0
1055,0.551,-2.018,0.000,-37.166,1.596,1.202,10.0
1056,0.551,-2.018,0.000,-37.318,1.592,1.207,10.0
1057,0.551,-2.018,0.000,-37.469,1.589,1.211,10.0
1058,0.551,-2.017,0.000,-37.620,1.586,1.215,10.0
1059,0.551,-2.017,0.000,-37.771,1.583,1.219,10.0
1060,0.551,-2.017,0.000,-37.922,1.580,1.223,10.0
1061,0.551,-2.017,0.000,-38.072,1.576,1.227,10.0
1062,0.551,-2.017,0.000,-38.222,1.573,1.231,10.0
1063,0.551,-2.017,0.000,-38.371,1.570,1.236,10.0
1064,0.551,-2.017,0.000,-38.521,1.567,1.240,10.0
1065,0.551,-2.017,0.000,-38.669,1.564,1.244,10.0
1066,0.551,-2.016,0.000,-38.818,1.560,1.248,10.0
1067,0.551,-2.016,0.000,-38.966,1.557,1.252,10.0
1068,0.551,-2.016,0.000,-39.114,1.554,1.256,10.0
1069,0.551,-2.016,0.000,-39.262,1.551,1.260,10.0
1070,0.551,-2.016,0.000,-39.409,1.547,1.264,10.0
1071,0.551,-2.016,0.000,-39.556,1.544,1.268,10.0
1072,0.551,-2.016,0.000,-39.703,1.541,1.272,10.0
1073,0.551,-2.015,0.000,-39.849,1.538,1.276,10.0
1074,0.551,-2.015,0.000,-39.995,1.534,1.280,10.0
1075,0.551,-2.015,0.000,-40.141,1.531,1.283,10.0
1076,0.551,-2.015,0.000,-40.286,1.528,1.287,10.0
1077,0.551,-2.015,0.000,-40.432,1.525,1.291,10.0
1078,0.551,-2.015,0.000,-40.576,1.521,1.295,10.0
1079,0.551,-2.015,0.000,-40.721,1.518,1.299,10.0
1080,0.551,-2.015,0.000,-40.865,1.515,1.303,10.0
1081,0.551,-2.014,0.000,-41.009,1.511,1.307,10.0
1082,0.551,-2.014,0.000,-41.152,1.508,1.310,10.0
1083,0.551,-2.014,0.000,-41.295,1.505,1.314,10.0
1084,0.551,-2.014,0.000,-41.438,1.502,1.318,10.0
1085,0.551,-2.014,0.000,-41.580,1.498,1.322,10.0
1086,0.551,-2.014,0.000,-41.722,1.495,1.325,10.0
1087,0.551,-2.014,0.000,-41.864,1.492,1.329,10.0
1088,0.551,-2.014,0.000,-42.006,1.489,1.333,10.0
1089,0.551,-2.013,0.000,-42.147,1.485,1.336,10.0
1090,0.551,-2.013,0.000,-42.287,1.482,1.340,10.0
1091,0.551,-2.013,0.000,-42.428,1.479,1.344,10.0
1092,0.551,-2.013,0.000,-42.568,1.475,1.347,10.0
1093,0.551,-2.013,0.000,-42.708,1.472,1.351,10.0
1094,0.551,-2.013,0.000,-42.847,1.469,1.354,10.0
1095,0.551,-2.013,0.000,-42.986,1.465,1.358,10.0
1096,0.551,-2.013,0.000,-43.125,1.462,1.361,10.0
1097,0.551,-2.012,0.000,-43.263,1.459,1.365,10.0
1098,0.551,-2.012,0.000,-43.401,1.456,1.368,10.0
1099,0.551,-2.012,0.000,-43.538,1.452,1.372,10.0
1100,0.551,-2.012,0.000,-43.676,1.449,1.375,10.0
1101,0.551,-2.012,0.000,-43.813,1.446,1.379,10.0
1102,0.551,-2.012,0.000,-43.949,1.442,1.382,10.0
1103,0.551,-2.012,0.000,-44.085,1.439,1.386,10.0
1104,0.551,-2.012,0.000,-44.221,1.436,1.389,10.0
1105,0.551,-2.011,0.000,-44.356,1.433,1.393,10.0
1106,0.551,-2.011,0.000,-44.492,1.429,1.396,10.0
1107,0.551,-2.011,0.000,-44.626,1.426,1.399,10.0
1108,0.551,-2.011,0.000,-44.761,1.423,1.403,10.0
1109,0.551,-2.011,0.000,-44.895,1.419,1.406,10.0
1110,0.551,-2.011,0.000,-45.028,1.416,1.409,10.0
1111,0.551,-2.011,0.000,-45.161,1.413,1.413,10.0
1112,0.551,-2.011,0.000,-45.294,1.410,1.416,10.0
1113,0.551,-2.010,0.000,-45.427,1.406,1.419,10.0
1114,0.551,-2.010,0.000,-45.559,1.403,1.422,10.0
1115,0.551,-2.010,0.000,-45.690,1.400,1.426,10.0
1116,0.551,-2.010,0.000,-45.822,1.397,1.429,10.0
1117,0.551,-2.010,0.000,-45.953,1.393,1.432,10.0
1118,0.551,-2.010,0.000,-46.083,1.390,1.435,10.0
1119,0.551,-2.010,0.000,-46.213,1.387,1.438,10.0
1120,0.551,-2.010,0.000,-46.343,1.383,1.441,10.0
1121,0.551,-2.010,0.000,-46.473,1.380,1.444,10.0
1122,0.551,-2.009,0.000,-46.602,1.377,1.448,10.0
1123,0.551,-2.009,0.000,-46.730,1.374,1.451,10.0
1124,0.551,-2.009,0.000,-46.859,1.370,1.454,10.0
1125,0.551,-2.009,0.000,-46.986,1.367,1.457,10.0
1126,0.551,-2.009,0.000,-47.114,1.364,1.460,10.0
1127,0.551,-2.009,0.000,-47.241,1.361,1.463,10.0
1128,0.551,-2.009,0.000,-47.368,1.357,1.466,10.0
1129,0.551,-2.009,0.000,-47.494,1.354,1.469,10.0
1130,0.551,-2.009,0.000,-47.620,1.351,1.472,10.0
1131,0.551,-2.008,0.000,-47.745,1.348,1.475,10.0
1132,0.551,-2.008,0.000,-47.870,1.345,1.478,10.0
1133,0.551,-2.008,0.000,-47.995,1.341,1.481,10.0
1134,0.551,-2.008,0.000,-48.119,1.338,1.484,10.0
1135,0.551,-2.008,0.000,-48.243,1.335,1.486,10.0
1136,0.551,-2.008,0.000,-48.366,1.332,1.489,10.0
1137,0.551,-2.008,0.000,-48.489,1.329,1.492,10.0
1138,0.551,-2.008,0.000,-48.612,1.325,1.495,10.0
1139,0.551,-2.008,0.000,-48.734,1.322,1.498,10.0
1140,0.551,-2.007,0.000,-48.856,1.319,1.501,10.0
1141,0.551,-2.007,0.000,-48.977,1.316,1.503,10.0
1142,0.551,-2.007,0.000,-49.098,1.313,1.506,10.0
1143,0.551,-2.007,0.000,-49.219,1.309,1.509,10.0
1144,0.551,-2.007,0.000,-49.339,1.306,1.512,10.0
1145,0.551,-2.007,0.000,-49.459,1.303,1.514,10.0
1146,0.551,-2.007,0.000,-49.578,1.300,1.517,10.0
1147,0.551,-2.007,0.000,-49.697,1.297,1.520,10.0
1148,0.551,-2.007,0.000,-49.815,1.294,1.522,10.0
1149,0.551,-2.006,0.000,-49.933,1.291,1.525,10.0
1150,0.551,-2.006,0.000,-50.051,1.287,1.528,10.0
1151,0.551,-2.006,0.000,-50.168,1.284,1.530,10.0
1152,0.551,-2.006,0.000,-50.285,1.281,1.533,10.0
1153,0.551,-2.006,0.000,-50.401,1.278,1.536,10.0
1154,0.551,-2.006,0.000,-50.517,1.275,1.538,10.0
1155,0.551,-2.006,0.000,-50.632,1.272,1.541,10.0
1156,0.551,-2.006,0.000,-50.747,1.269,1.543,10.0
1157,0.551,-2.006,0.000,-50.862,1.266,1.546,10.0
1158,0.551,-2.006,0.000,-50.976,1.263,1.548,10.0
1159,0.551,-2.005,0.000,-51.090,1.259,1.551,10.0
1160,0.551,-2.005,0.000,-51.203,1.256,1.553,10.0
1161,0.551,-2.005,0.000,-51.316,1.253,1.556,10.0
1162,0.551,-2.005,0.000,-51.429,1.250,1.558,10.0
1163,0.551,-2.005,0.000,-51.541,1.247,1.561,10.0
1164,0.551,-2.005,0.000,-51.652,1.244,1.563,10.0
1165,0.551,-2.005,0.000,-51.764,1.241,1.566,10.0
1166,0.551,-2.005,0.000,-51.874,1.238,1.568,10.0
1167,0.551,-2.005,0.000,-51.985,1.235,1.570,10.0
1168,0.551,-2.005,0.000,-52.095,1.232,1.573,10.0
1169,0.551,-2.004,0.000,-52.204,1.229,1.575,10.0
1170,0.551,-2.004,0.000,-52.313,1.226,1.577,10.0
1171,0.551,-2.004,0.000,-52.422,1.223,1.580,10.0
1172,0.551,-2.004,0.000,-52.530,1.220,1.582,10.0
1173,0.551,-2.004,0.000,-52.638,1.217,1.584,10.0
1174,0.551,-2.004,0.000,-52.745,1.214,1.587,10.0
1175,0.551,-2.004,0.000,-52.852,1.211,1.589,10.0
1176,0.551,-2.004,0.000,-52.958,1.208,1.591,10.0
1177,0.551,-2.004,0.000,-53.064,1.205,1.593,10.0
1178,0.551,-2.004,0.000,-53.170,1.202,1.596,10.0
1179,0.552,-2.004,0.000,-53.275,1.199,1.598,10.0
1180,0.552,-2.003,0.000,-53.379,1.196,1.600,10.0
1181,0.552,-2.003,0.000,-53.484,1.194,1.602,10.0
1182,0.552,-2.003,0.000,-53.588,1.191,1.604,10.0
1183,0.552,-2.003,0.000,-53.691,1.188,1.606,10.0
1184,0.552,-2.003,0.000,-53.794,1.185,1.609,10.0
1185,0.552,-2.003,0.000,-53.896,1.182,1.611,10.0
1186,0.552,-2.003,0.000,-53.998,1.179,1.613,10.0
1187,0.552,-2.003,0.000,-54.100,1.176,1.615,10.0
1188,0.552,-2.003,0.000,-54.201,1.173,1.617,10.0
1189,0.552,-2.003,0.000,-54.302,1.171,1.619,10.0
1190,0.552,-2.003,0.000,-54.402,1.168,1.621,10.0
1191,0.552,-2.002,0.000,-54.502,1.165,1.623,10.0
1192,0.552,-2.002,0.000,-54.602,1.162,1.625,10.0
1193,0.552,-2.002,0.000,-54.701,1.159,1.627,10.0
1194,0.552,-2.002,0.000,-54.799,1.156,1.629,10.0
1195,0.552,-2.002,0.000,-54.897,1.154,1.631,10.0
1196,0.552,-2.002,0.000,-54.995,1.151,1.633,10.0
1197,0.552,-2.002,0.000,-55.092,1.148,1.635,10.0
1198,0.552,-2.002,0.000,-55.189,1.145,1.637,10.0
1199,0.552,-2.002,0.000,-55.286,1.143,1.639,10.0
1200,0.552,-2.002,0.000,-55.382,1.140,1.641,10.0
1201,0.552,-2.002,0.000,-55.477,1.137,1.643,10.0
1202,0.552,-2.001,0.000,-55.572,1.134,1.645,10.0
1203,0.552,-2.001,0.000,-55.667,1.132,1.646,10.0
1204,0.552,-2.001,0.000,-55.761,1.129,1.648,10.0
1205,0.552,-2.001,0.000,-55.855,1.126,1.650,10.0
1206,0.552,-2.001,0.000,-55.949,1.124,1.652,10.0
1207,0.552,-2.001,0.000,-56.042,1.121,1.654,10.0
1208,0.552,-2.001,0.000,-56.134,1.118,1.656,10.0
1209,0.552,-2.001,0.000,-56.226,1.116,1.657,10.0
1210,0.552,-2.001,0.000,-56.317,1.113,1.659,10.0
1211,0.552,-2.001,0.000,-56.405,1.110,1.661,10.0
1212,0.552,-2.001,0.000,-56.491,1.108,1.663,10.0
1213,0.552,-2.001,0.000,-56.575,1.105,1.664,10.0
1214,0.552,-2.001,0.000,-56.656,1.103,1.666,10.0
1215,0.552,-2.000,0.000,-56.735,1.101,1.667,10.0
1216,0.552,-2.000,0.000,-56.812,1.099,1.669,10.0
1217,0.552,-2.000,0.000,-56.886,1.096,1.670,10.0
1218,0.552,-2.000,0.000,-56.959,1.094,1.672,10.0
1219,0.552,-2.000,0.000,-57.029,1.092,1.673,10.0
1220,0.552,-2.000,0.000,-57.097,1.090,1.674,10.0
1221,0.552,-2.000,0.000,-57.164,1.088,1.675,10.0
1222,0.552,-2.000,0.000,-57.228,1.086,1.677,10.0
1223,0.552,-2.000,0.000,-57.290,1.085,1.678,10.0
1224,0.552,-2.000,0.000,-57.351,1.083,1.679,10.0
1225,0.552,-2.000,0.000,-57.409,1.081,1.680,10.0
1226,0.552,-2.000,0.000,-57.466,1.079,1.681,10.0
1227,0.552,-2.000,0.000,-57.521,1.078,1.682,10.0
1228,0.552,-2.000,0.000,-57.574,1.076,1.683,10.0
1229,0.552,-2.000,0.000,-57.625,1.075,1.684,10.0
1230,0.552,-2.000,0.000,-57.674,1.073,1.685,10.0
1231,0.552,-2.000,0.000,-57.722,1.072,1.686,10.0
1232,0.552,-2.000,0.000,-57.768,1.071,1.687,10.0
1233,0.552,-2.000,0.000,-57.812,1.069,1.688,10.0
1234,0.552,-1.999,0.000,-57.855,1.068,1.688,10.0
1235,0.552,-1.999,0.000,-57.896,1.067,1.689,10.0
1236,0.552,-1.999,0.000,-57.936,1.066,1.690,10.0
1237,0.552,-1.999,0.000,-57.974,1.064,1.691,10.0
1238,0.552,-1.999,0.000,-58.010,1.063,1.691,10.0
1239,0.552,-1.999,0.000,-58.045,1.062,1.692,10.0
1240,0.552,-1.999,0.000,-58.079,1.061,1.693,10.0
1241,0.552,-1.999,0.000,-58.111,1.060,1.693,10.0
1242,0.552,-1.999,0.000,-58.141,1.060,1.694,10.0
1243,0.552,-1.999,0.000,-58.170,1.059,1.694,10.0
1244,0.552,-1.999,0.000,-58.198,1.058,1.695,10.0
1245,0.552,-1.999,0.000,-58.225,1.057,1.695,10.0
1246,0.552,-1.999,0.000,-58.250,1.056,1.696,10.0
1247,0.552,-1.999,0.000,-58.274,1.056,1.696,10.0
1248,0.552,-1.999,0.000,-58.296,1.055,1.697,10.0
1249,0.552,-1.999,0.000,-58.317,1.054,1.697,10.0
1250,0.552,-1.999,0.000,-58.337,1.054,1.697,10.0
1251,0.552,-1.999,0.000,-58.356,1.053,1.698,10.0
1252,0.552,-1.999,0.000,-58.373,1.053,1.698,10.0
1253,0.552,-1.999,0.000,-58.390,1.052,1.698,10.0
1254,0.552,-1.999,0.000,-58.405,1.052,1.699,10.0
1255,0.552,-1.999,0.000,-58.419,1.051,1.699,10.0
1256,0.552,-1.999,0.000,-58.431,1.051,1.699,10.0
1257,0.552,-1.999,0.000,-58.443,1.051,1.699,10.0
1258,0.552,-1.999,0.000,-58.454,1.050,1.700,10.0
1259,0.552,-1.999,0.000,-58.463,1.050,1.700,10.0
1260,0.552,-1.999,0.000,-58.472,1.050,1.700,10.0
1261,0.552,-1.999,0.000,-58.479,1.050,1.700,10.0
1262,0.552,-1.999,0.000,-58.485,1.049,1.700,10.0
1263,0.552,-1.999,0.000,-58.491,1.049,1.700,10.0
1264,0.552,-1.999,0.000,-58.495,1.049,1.700,10.0
1265,0.552,-1.999,0.000,-58.498,1.049,1.700,10.0
1266,0.552,-1.999,0.000,-58.501,1.049,1.700,10.0
1267,0.552,-1.999,0.000,-58.502,1.049,1.700,10.0
1268,0.552,-1.999,0.000,-58.503,1.049,1.700,10.0
1269,0.552,-1.999,0.000,-58.502,1.049,1.700,10.0
1270,0.552,-1.999,0.000,-58.501,1.049,1.700,10.0
1271,0.552,-1.999,0.000,-58.498,1.049,1.700,10.0
1272,0.552,-1.999,0.000,-58.495,1.049,1.700,10.0
1273,0.552,-1.999,0.000,-58.491,1.049,1.700,10.0
1274,0.552,-1.999,0.000,-58.486,1.049,1.700,10.0
1275,0.552,-1.999,0.000,-58.481,1.049,1.700,10.0
1276,0.552,-1.999,0.000,-58.474,1.050,1.700,10.0
1277,0.552,-1.999,0.000,-58.467,1.050,1.700,10.0
1278,0.552,-1.999,0.000,-58.459,1.050,1.700,10.0
1279,0.552,-1.999,0.000,-58.450,1.050,1.699,10.0
1280,0.552,-1.999,0.000,-58.440,1.051,1.699,10.0
1281,0.552,-1.999,0.000,-58.429,1.051,1.699,10.0
1282,0.552,-1.999,0.000,-58.418,1.051,1.699,10.0
1283,0.552,-1.999,0.000,-58.406,1.052,1.699,10.0
1284,0.552,-1.999,0.000,-58.393,1.052,1.698,10.0
1285,0.552,-1.999,0.000,-58.380,1.052,1.698,10.0
1286,0.552,-1.999,0.000,-58.366,1.053,1.698,10.0
1287,0.552,-1.999,0.000,-58.351,1.053,1.698,10.0
1288,0.552,-1.999,0.000,-58.335,1.054,1.697,10.0
1289,0.552,-1.999,0.000,-58.319,1.054,1.697,10.0
1290,0.552,-1.999,0.000,-58.302,1.055,1.697,10.0
1291,0.552,-1.999,0.000,-58.284,1.055,1.696,10.0
1292,0.552,-1.999,0.000,-58.266,1.056,1.696,10.0
1293,0.552,-1.999,0.000,-58.247,1.056,1.696,10.0
1294,0.552,-1.999,0.000,-58.228,1.057,1.695,10.0
1295,0.552,-1.999,0.000,-58.208,1.058,1.695,10.0
1296,0.552,-1.999,0.000,-58.187,1.058,1.695,10.0
1297,0.552,-1.999,0.000,-58.166,1.059,1.694,10.0
1298,0.552,-1.999,0.000,-58.144,1.059,1.694,10.0
1299,0.552,-1.999,0.000,-58.121,1.060,1.693,10.0
1300,0.552,-1.999,0.000,-58.098,1.061,1.693,10.0
1301,0.552,-1.999,0.000,-58.074,1.062,1.693,10.0
1302,0.552,-1.999,0.000,-58.050,1.062,1.692,10.0
1303,0.552,-1.999,0.000,-58.025,1.063,1.692,10.0
1304,0.552,-1.999,0.000,-58.000,1.064,1.691,10.0
1305,0.552,-1.999,0.000,-57.974,1.064,1.691,10.0
1306,0.552,-1.999,0.000,-57.948,1.065,1.690,10.0
1307,0.552,-1.999,0.000,-57.921,1.066,1.690,10.0
1308,0.552,-1.999,0.000,-57.893,1.067,1.689,10.0
1309,0.552,-1.999,0.000,-57.865,1.068,1.689,10.0
1310,0.552,-1.999,0.000,-57.837,1.069,1.688,10.0
1311,0.552,-2.000,0.000,-57.808,1.069,1.688,10.0
1312,0.552,-2.000,0.000,-57.779,1.070,1.687,10.0
1313,0.552,-2.000,0.000,-57.749,1.071,1.686,10.0
1314,0.552,-2.000,0.000,-57.718,1.072,1.686,10.0
1315,0.552,-2.000,0.000,-57.687,1.073,1.685,10.0
1316,0.552,-2.000,0.000,-57.656,1.074,1.685,10.0
1317,0.552,-2.000,0.000,-57.624,1.075,1.684,10.0
1318,0.552,-2.000,0.000,-57.592,1.076,1.684,10.0
1319,0.552,-2.000,0.000,-57.559,1.077,1.683,10.0
1320,0.552,-2.000,0.000,-57.526,1.078,1.682,10.0
1321,0.552,-2.000,0.000,-57.493,1.079,1.682,10.0
1322,0.552,-2.000,0.000,-57.459,1.080,1.681,10.0
1323,0.552,-2.000,0.000,-57.425,1.081,1.680,10.0
1324,0.552,-2.000,0.000,-57.390,1.082,1.680,10.0
1325,0.552,-2.000,0.000,-57.355,1.083,1.679,10.0
1326,0.552,-2.000,0.000,-57.319,1.084,1.678,10.0
1327,0.552,-2.000,0.000,-57.283,1.085,1.678,10.0
1328,0.552,-2.000,0.000,-57.247,1.086,1.677,10.0
1329,0.552,-2.000,0.000,-57.210,1.087,1.676,10.0
1330,0.552,-2.000,0.000,-57.173,1.088,1.676,10.0
1331,0.552,-2.000,0.000,-57.135,1.089,1.675,10.0
1332,0.552,-2.000,0.000,-57.098,1.090,1.674,10.0
1333,0.552,-2.000,0.000,-57.059,1.091,1.673,10.0
1334,0.552,-2.000,0.000,-57.021,1.092,1.673,10.0
1335,0.552,-2.000,0.000,-56.982,1.094,1.672,10.0
1336,0.552,-2.000,0.000,-56.942,1.095,1.671,10.0
1337,0.552,-2.000,0.000,-56.903,1.096,1.670,10.0
1338,0.552,-2.000,0.000,-56.863,1.097,1.670,10.0
1339,0.552,-2.000,0.000,-56.823,1.098,1.669,10.0
1340,0.552,-2.000,0.000,-56.782,1.099,1.668,10.0
1341,0.552,-2.000,0.000,-56.741,1.101,1.667,10.0
1342,0.552,-2.000,0.000,-56.700,1.102,1.667,10.0
1343,0.552,-2.001,0.000,-56.658,1.103,1.666,10.0
1344,0.552,-2.001,0.000,-56.616,1.104,1.665,10.0
1345,0.552,-2.001,0.000,-56.574,1.105,1.664,10.0
1346,0.552,-2.001,0.000,-56.531,1.107,1.663,10.0
1347,0.552,-2.001,0.000,-56.489,1.108,1.663,10.0
1348,0.552,-2.001,0.000,-56.445,1.109,1.662,10.0
1349,0.552,-2.001,0.000,-56.402,1.110,1.661,10.0
1350,0.552,-2.001,0.000,-56.358,1.112,1.660,10.0
1351,0.552,-2.001,0.000,-56.314,1.113,1.659,10.0
1352,0.552,-2.001,0.000,-56.270,1.114,1.658,10.0
1353,0.552,-2.001,0.000,-56.225,1.116,1.657,10.0
1354,0.552,-2.001,0.000,-56.180,1.117,1.657,10.0
1355,0.552,-2.001,0.000,-56.135,1.118,1.656,10.0
1356,0.552,-2.001,0.000,-56.090,1.119,1.655,10.0
1357,0.552,-2.001,0.000,-56.045,1.121,1.654,10.0
1358,0.552,-2.001,0.000,-56.002,1.122,1.653,10.0
1359,0.552,-2.001,0.000,-55.961,1.123,1.652,10.0
1360,0.552,-2.001,0.000,-55.921,1.124,1.651,10.0
1361,0.552,-2.001,0.000,-55.883,1.125,1.651,10.0
1362,0.552,-2.001,0.000,-55.847,1.127,1.650,10.0
1363,0.552,-2.001,0.000,-55.812,1.128,1.649,10.0
1364,0.552,-2.001,0.000,-55.779,1.128,1.649,10.0
1365,0.552,-2.001,0.000,-55.747,1.129,1.648,10.0
1366,0.552,-2.001,0.000,-55.717,1.130,1.647,10.0
1367,0.552,-2.001,0.000,-55.688,1.131,1.647,10.0
1368,0.552,-2.001,0.000,-55.661,1.132,1.646,10.0
1369,0.552,-2.001,0.000,-55.635,1.133,1.646,10.0
1370,0.552,-2.001,0.000,-55.611,1.133,1.645,10.0
1371,0.552,-2.001,0.000,-55.589,1.134,1.645,10.0
1372,0.552,-2.001,0.000,-55.567,1.135,1.644,10.0
1373,0.552,-2.001,0.000,-55.547,1.135,1.644,10.0
1374,0.552,-2.002,0.000,-55.529,1.136,1.644,10.0
1375,0.552,-2.002,0.000,-55.511,1.136,1.643,10.0
1376,0.552,-2.002,0.000,-55.495,1.137,1.643,10.0
1377,0.552,-2.002,0.000,-55.481,1.137,1.643,10.0
1378,0.552,-2.002,0.000,-55.467,1.137,1.643,10.0
1379,0.552,-2.002,0.000,-55.455,1.138,1.642,10.0
1380,0.552,-2.002,0.000,-55.445,1.138,1.642,10.0
1381,0.552,-2.002,0.000,-55.435,1.138,1.642,10.0
1382,0.552,-2.002,0.000,-55.427,1.139,1.642,10.0
1383,0.552,-2.002,0.000,-55.419,1.139,1.642,10.0
1384,0.552,-2.002,0.000,-55.413,1.139,1.641,10.0
1385,0.552,-2.002,0.000,-55.409,1.139,1.641,10.0
1386,0.552,-2.002,0.000,-55.405,1.139,1.641,10.0
1387,0.552,-2.002,0.000,-55.402,1.139,1.641,10.0
1388,0.552,-2.002,0.000,-55.401,1.139,1.641,10.0
1389,0.552,-2.002,0.000,-55.400,1.139,1.641,10.0
1390,0.552,-2.002,0.000,-55.401,1.139,1.641,10.0
1391,0.552,-2.002,0.000,-55.403,1.139,1.641,10.0
1392,0.552,-2.002,0.000,-55.406,1.139,1.641,10.0
1393,0.552,-2.002,0.000,-55.409,1.139,1.641,10.0
1394,0.552,-2.002,0.000,-55.414,1.139,1.641,10.0
1395,0.552,-2.002,0.000,-55.420,1.139,1.642,10.0
1396,0.552,-2.002,0.000,-55.427,1.139,1.642,10.0
1397,0.552,-2.002,0.000,-55.434,1.138,1.642,10.0
1398,0.552,-2.002,0.000,-55.443,1.138,1.642,10.0
1399,0.552,-2.002,0.000,-55.453,1.138,1.642,10.0
1400,0.552,-2.002,0.000,-55.463,1.138,1.642,10.0
1401,0.552,-2.002,0.000,-55.475,1.137,1.643,10.0
1402,0.552,-2.002,0.000,-55.487,1.137,1.643,10.0
1403,0.552,-2.002,0.000,-55.500,1.136,1.643,10.0
1404,0.552,-2.002,0.000,-55.514,1.136,1.643,10.0
1405,0.552,-2.002,0.000,-55.529,1.136,1.644,10.0
1406,0.552,-2.001,0.000,-55.545,1.135,1.644,10.0
1407,0.552,-2.001,0.000,-55.561,1.135,1.644,10.0
1408,0.552,-2.001,0.000,-55.578,1.134,1.645,10.0
1409,0.552,-2.001,0.000,-55.596,1.134,1.645,10.0
1410,0.552,-2.001,0.000,-55.615,1.133,1.645,10.0
1411,0.552,-2.001,0.000,-55.635,1.133,1.646,10.0
1412,0.552,-2.001,0.000,-55.655,1.132,1.646,10.0
1413,0.552,-2.001,0.000,-55.676,1.131,1.647,10.0
1414,0.552,-2.001,0.000,-55.698,1.131,1.647,10.0
1415,0.552,-2.001,0.000,-55.720,1.130,1.648,10.0
1416,0.552,-2.001,0.000,-55.744,1.129,1.648,10.0
1417,0.552,-2.001,0.000,-55.768,1.129,1.648,10.0
1418,0.552,-2.001,0.000,-55.792,1.128,1.649,10.0
1419,0.552,-2.001,0.000,-55.817,1.127,1.649,10.0
1420,0.552,-2.001,0.000,-55.843,1.127,1.650,10.0
1421,0.552,-2.001,0.000,-55.869,1.126,1.650,10.0
1422,0.552,-2.001,0.000,-55.897,1.125,1.651,10.0
1423,0.552,-2.001,0.000,-55.924,1.124,1.652,10.0
1424,0.552,-2.001,0.000,-55.953,1.123,1.652,10.0
1425,0.552,-2.001,0.000,-55.981,1.123,1.653,10.0
1426,0.552,-2.001,0.000,-56.011,1.122,1.653,10.0
1427,0.552,-2.001,0.000,-56.041,1.121,1.654,10.0
1428,0.552,-2.001,0.000,-56.071,1.120,1.654,10.0
1429,0.552,-2.001,0.000,-56.103,1.119,1.655,10.0
1430,0.552,-2.001,0.000,-56.134,1.118,1.656,10.0
1431,0.552,-2.001,0.000,-56.166,1.117,1.656,10.0
1432,0.552,-2.001,0.000,-56.199,1.116,1.657,10.0
1433,0.552,-2.001,0.000,-56.231,1.115,1.658,10.0
1434,0.552,-2.001,0.000,-56.262,1.115,1.658,10.0
1435,0.552,-2.001,0.000,-56.291,1.114,1.659,10.0
1436,0.552,-2.001,0.000,-56.319,1.113,1.659,10.0
1437,0.552,-2.001,0.000,-56.345,1.112,1.660,10.0
1438,0.552,-2.001,0.000,-56.370,1.111,1.660,10.0
1439,0.552,-2.001,0.000,-56.393,1.111,1.661,10.0
1440,0.552,-2.001,0.000,-56.416,1.110,1.661,10.0
1441,0.552,-2.001,0.000,-56.436,1.109,1.661,10.0
1442,0.552,-2.001,0.000,-56.456,1.109,1.662,10.0
1443,0.552,-2.001,0.000,-56.474,1.108,1.662,10.0
1444,0.552,-2.001,0.000,-56.491,1.108,1.663,10.0
1445,0.552,-2.001,0.000,-56.507,1.107,1.663,10.0
1446,0.552,-2.001,0.000,-56.521,1.107,1.663,10.0
1447,0.552,-2.001,0.000,-56.535,1.107,1.663,10.0
1448,0.552,-2.001,0.000,-56.547,1.106,1.664,10.0
1449,0.552,-2.001,0.000,-56.558,1.106,1.664,10.0
1450,0.552,-2.001,0.000,-56.568,1.106,1.664,10.0
1451,0.552,-2.001,0.000,-56.576,1.105,1.664,10.0
1452,0.552,-2.001,0.000,-56.584,1.105,1.664,10.0
1453,0.552,-2.001,0.000,-56.590,1.105,1.664,10.0
1454,0.552,-2.001,0.000,-56.596,1.105,1.665,10.0
1455,0.552,-2.001,0.000,-56.600,1.105,1.665,10.0
1456,0.552,-2.001,0.000,-56.604,1.105,1.665,10.0
1457,0.552,-2.001,0.000,-56.606,1.105,1.665,10.0
1458,0.552,-2.001,0.000,-56.607,1.105,1.665,10.0
1459,0.552,-2.001,0.000,-56.608,1.104,1.665,10.0
1460,0.552,-2.001,0.000,-56.607,1.105,1.665,10.0
1461,0.552,-2.001,0.000,-56.605,1.105,1.665,10.0
1462,0.552,-2.001,0.000,-56.603,1.105,1.665,10.0
1463,0.552,-2.001,0.000,-56.599,1.105,1.665,10.0
1464,0.552,-2.001,0.000,-56.595,1.105,1.665,10.0
1465,0.552,-2.001,0.000,-56.589,1.105,1.664,10.0
1466,0.552,-2.001,0.000,-56.583,1.105,1.664,10.0
1467,0.552,-2.001,0.000,-56.576,1.105,1.664,10.0
1468,0.552,-2.001,0.000,-56.568,1.106,1.664,10.0
1469,0.552,-2.001,0.000,-56.559,1.106,1.664,10.0
1470,0.552,-2.001,0.000,-56.550,1.106,1.664,10.0
1471,0.552,-2.001,0.000,-56.539,1.106,1.663,10.0
1472,0.552,-2.001,0.000,-56.528,1.107,1.663,10.0
1473,0.552,-2.001,0.000,-56.516,1.107,1.663,10.0
1474,0.552,-2.001,0.000,-56.503,1.108,1.663,10.0
1475,0.552,-2.001,0.000,-56.490,1.108,1.663,10.0
1476,0.552,-2.001,0.000,-56.475,1.108,1.662,10.0
1477,0.552,-2.001,0.000,-56.460,1.109,1.662,10.0
1478,0.552,-2.001,0.000,-56.444,1.109,1.662,10.0
1479,0.552,-2.001,0.000,-56.428,1.110,1.661,10.0
1480,0.552,-2.001,0.000,-56.410,1.110,1.661,10.0
1481,0.552,-2.001,0.000,-56.392,1.111,1.661,10.0
1482,0.552,-2.001,0.000,-56.374,1.111,1.660,10.0
1483,0.552,-2.001,0.000,-56.354,1.112,1.660,10.0
1484,0.552,-2.001,0.000,-56.334,1.112,1.660,10.0
1485,0.552,-2.001,0.000,-56.313,1.113,1.659,10.0
1486,0.552,-2.001,0.000,-56.292,1.114,1.659,10.0
1487,0.552,-2.001,0.000,-56.270,1.114,1.658,10.0
1488,0.552,-2.001,0.000,-56.247,1.115,1.658,10.0
1489,0.552,-2.001,0.000,-56.224,1.116,1.657,10.0
1490,0.552,-2.001,0.000,-56.200,1.116,1.657,10.0
1491,0.552,-2.001,0.000,-56.175,1.117,1.656,10.0
1492,0.552,-2.001,0.000,-56.150,1.118,1.656,10.0
1493,0.552,-2.001,0.000,-56.124,1.118,1.655,10.0
1494,0.552,-2.001,0.000,-56.099,1.119,1.655,10.0
1495,0.552,-2.001,0.000,-56.075,1.120,1.654,10.0
1496,0.552,-2.001,0.000,-56.053,1.121,1.654,10.0
1497,0.552,-2.001,0.000,-56.031,1.121,1.654,10.0
1498,0.552,-2.001,0.000,-56.012,1.122,1.653,10.0
1499,0.552,-2.001,0.000,-55.993,1.122,1.653,10.0
1500,0.552,-2.001,0.000,-55.976,1.123,1.653,10.0
1501,0.552,-2.001,0.000,-55.960,1.123,1.652,10.0
1502,0.552,-2.001,0.000,-55.945,1.124,1.652,10.0
1503,0.552,-2.001,0.000,-55.932,1.124,1.652,10.0
1504,0.552,-2.001,0.000,-55.920,1.124,1.651,10.0
1505,0.552,-2.001,0.000,-55.909,1.125,1.651,10.0
1506,0.552,-2.001,0.000,-55.899,1.125,1.651,10.0
1507,0.552,-2.001,0.000,-55.891,1.125,1.651,10.0
1508,0.552,-2.001,0.000,-55.884,1.125,1.651,10.0
1509,0.552,-2.001,0.000,-55.877,1.126,1.651,10.0
1510,0.552,-2.001,0.000,-55.872,1.126,1.650,10.0
1511,0.552,-2.001,0.000,-55.868,1.126,1.650,10.0
1512,0.552,-2.001,0.000,-55.865,1.126,1.650,10.0
1513,0.552,-2.001,0.000,-55.864,1.126,1.650,10.0
1514,0.552,-2.001,0.000,-55.863,1.126,1.650,10.0
1515,0.552,-2.001,0.000,-55.863,1.126,1.650,10.0
1516,0.552,-2.001,0.000,-55.864,1.126,1.650,10.0
1517,0.552,-2.001,0.000,-55.867,1.126,1.650,10.0
1518,0.552,-2.001,0.000,-55.870,1.126,1.650,10.0
1519,0.552,-2.001,0.000,-55.874,1.126,1.651,10.0
1520,0.552,-2.001,0.000,-55.880,1.126,1.651,10.0
1521,0.552,-2.001,0.000,-55.886,1.125,1.651,10.0
1522,0.552,-2.001,0.000,-55.893,1.125,1.651,10.0
1523,0.552,-2.001,0.000,-55.901,1.125,1.651,10.0
1524,0.552,-2.001,0.000,-55.910,1.125,1.651,10.0
1525,0.552,-2.001,0.000,-55.920,1.124,1.651,10.0
1526,0.552,-2.001,0.000,-55.931,1.124,1.652,10.0
1527,0.552,-2.001,0.000,-55.942,1.124,1.652,10.0
1528,0.552,-2.001,0.000,-55.955,1.123,1.652,10.0
1529,0.552,-2.001,0.000,-55.968,1.123,1.652,10.0
1530,0.552,-2.001,0.000,-55.982,1.123,1.653,10.0
1531,0.552,-2.001,0.000,-55.997,1.122,1.653,10.0
1532,0.552,-2.001,0.000,-56.013,1.122,1.653,10.0
1533,0.552,-2.001,0.000,-56.029,1.121,1.654,10.0
1534,0.552,-2.001,0.000,-56.047,1.121,1.654,10.0
1535,0.552,-2.001,0.000,-56.065,1.120,1.654,10.0
1536,0.552,-2.001,0.000,-56.083,1.120,1.655,10.0
1537,0.552,-2.001,0.000,-56.103,1.119,1.655,10.0
1538,0.552,-2.001,0.000,-56.123,1.119,1.655,10.0
1539,0.552,-2.001,0.000,-56.144,1.118,1.656,10.0
1540,0.552,-2.001,0.000,-56.165,1.117,1.656,10.0
1541,0.552,-2.001,0.000,-56.188,1.117,1.657,10.0
1542,0.552,-2.001,0.000,-56.209,1.116,1.657,10.0
1543,0.552,-2.001,0.000,-56.230,1.115,1.657,10.0
1544,0.552,-2.001,0.000,-56.249,1.115,1.658,10.0
1545,0.552,-2.001,0.000,-56.267,1.114,1.658,10.0
1546,0.552,-2.001,0.000,-56.284,1.114,1.659,10.0
1547,0.552,-2.001,0.000,-56.299,1.113,1.659,10.0
1548,0.552,-2.001,0.000,-56.313,1.113,1.659,10.0
1549,0.552,-2.001,0.000,-56.326,1.113,1.659,10.0
1550,0.552,-2.001,0.000,-56.338,1.112,1.660,10.0
1551,0.552,-2.001,0.000,-56.349,1.112,1.660,10.0
1552,0.552,-2.001,0.000,-56.358,1.112,1.660,10.0
1553,0.552,-2.001,0.000,-56.366,1.111,1.660,10.0
1554,0.552,-2.001,0.000,-56.374,1.111,1.660,10.0
1555,0.552,-2.001,0.000,-56.380,1.111,1.660,10.0
1556,0.552,-2.001,0.000,-56.385,1.111,1.660,10.0
1557,0.552,-2.001,0.000,-56.389,1.111,1.661,10.0
1558,0.552,-2.001,0.000,-56.392,1.111,1.661,10.0
1559,0.552,-2.001,0.000,-56.394,1.111,1.661,10.0
1560,0.552,-2.001,0.000,-56.395,1.111,1.661,10.0
1561,0.552,-2.001,0.000,-56.394,1.111,1.661,10.0
1562,0.552,-2.001,0.000,-56.393,1.111,1.661,10.0
1563,0.552,-2.001,0.000,-56.391,1.111,1.661,10.0
1564,0.552,-2.001,0.000,-56.388,1.111,1.661,10.0
1565,0.552,-2.001,0.000,-56.384,1.111,1.660,10.0
1566,0.552,-2.001,0.000,-56.380,1.111,1.660,10.0
1567,0.552,-2.001,0.000,-56.374,1.111,1.660,10.0
1568,0.552,-2.001,0.000,-56.367,1.111,1.660,10.0
1569,0.552,-2.001,0.000,-56.360,1.112,1.660,10.0
1570,0.552,-2.001,0.000,-56.351,1.112,1.660,10.0
1571,0.552,-2.001,0.000,-56.342,1.112,1.660,10.0
1572,0.552,-2.001,0.000,-56.332,1.112,1.659,10.0
1573,0.552,-2.001,0.000,-56.321,1.113,1.659,10.0
1574,0.552,-2.001,0.000,-56.309,1.113,1.659,10.0
1575,0.552,-2.001,0.000,-56.297,1.114,1.659,10.0
1576,0.552,-2.001,0.000,-56.284,1.114,1.659,10.0
1577,0.552,-2.001,0.000,-56.270,1.114,1.658,10.0
1578,0.552,-2.001,0.000,-56.255,1.115,1.658,10.0
1579,0.552,-2.001,0.000,-56.239,1.115,1.658,10.0
1580,0.552,-2.001,0.000,-56.223,1.116,1.657,10.0
1581,0.552,-2.001,0.000,-56.206,1.116,1.657,10.0
1582,0.552,-2.001,0.000,-56.188,1.117,1.657,10.0
1583,0.552,-2.001,0.000,-56.169,1.117,1.656,10.0
1584,0.552,-2.001,0.000,-56.150,1.118,1.656,10.0
1585,0.552,-2.001,0.000,-56.130,1.118,1.656,10.0
1586,0.552,-2.001,0.000,-56.111,1.119,1.655,10.0
1587,0.552,-2.001,0.000,-56.093,1.119,1.655,10.0
1588,0.552,-2.001,0.000,-56.076,1.120,1.654,10.0
1589,0.552,-2.001,0.000,-56.060,1.120,1.654,10.0
1590,0.552,-2.001,0.000,-56.046,1.121,1.654,10.0
1591,0.552,-2.001,0.000,-56.033,1.121,1.654,10.0
1592,0.552,-2.001,0.000,-56.021,1.121,1.653,10.0
1593,0.552,-2.001,0.000,-56.010,1.122,1.653,10.0
1594,0.552,-2.001,0.000,-56.001,1.122,1.653,10.0
1595,0.552,-2.001,0.000,-55.992,1.122,1.653,10.0
1596,0.552,-2.001,0.000,-55.985,1.123,1.653,10.0
1597,0.552,-2.001,0.000,-55.979,1.123,1.653,10.0
1598,0.552,-2.001,0.000,-55.974,1.123,1.652,10.0
1599,0.552,-2.001,0.000,-55.970,1.123,1.652,10.0
1600,0.552,-2.001,0.000,-55.967,1.123,1.652,10.0
1601,0.552,-2.001,0.000,-55.966,1.123,1.652,10.0
1602,0.552,-2.001,0.000,-55.965,1.123,1.652,10.0
1603,0.552,-2.001,0.000,-55.966,1.123,1.652,10.0
1604,0.552,-2.001,0.000,-55.967,1.123,1.652,10.0
1605,0.552,-2.001,0.000,-55.969,1.123,1.652,10.0
1606,0.552,-2.001,0.000,-55.973,1.123,1.652,10.0
1607,0.552,-2.001,0.000,-55.977,1.123,1.653,10.0
1608,0.552,-2.001,0.000,-55.982,1.123,1.653,10.0
1609,0.552,-2.001,0.000,-55.989,1.122,1.653,10.0
1610,0.552,-2.001,0.000,-55.996,1.122,1.653,10.0
1611,0.552,-2.001,0.000,-56.004,1.122,1.653,10.0
1612,0.552,-2.001,0.000,-56.013,1.122,1.653,10.0
1613,0.552,-2.001,0.000,-56.023,1.121,1.653,10.0
1614,0.552,-2.001,0.000,-56.034,1.121,1.654,10.0
1615,0.552,-2.001,0.000,-56.045,1.121,1.654,10.0
1616,0.552,-2.001,0.000,-56.058,1.120,1.654,10.0
1617,0.552,-2.001,0.000,-56.071,1.120,1.654,10.0
1618,0.552,-2.001,0.000,-56.085,1.120,1.655,10.0
1619,0.552,-2.001,0.000,-56.100,1.119,1.655,10.0
1620,0.552,-2.001,0.000,-56.116,1.119,1.655,10.0
1621,0.552,-2.001,0.000,-56.132,1.118,1.656,10.0
1622,0.552,-2.001,0.000,-56.149,1.118,1.656,10.0
1623,0.552,-2.001,0.000,-56.167,1.117,1.656,10.0
1624,0.552,-2.001,0.000,-56.186,1.117,1.657,10.0
1625,0.552,-2.001,0.000,-56.204,1.116,1.657,10.0
1626,0.552,-2.001,0.000,-56.221,1.116,1.657,10.0
1627,0.552,-2.001,0.000,-56.237,1.115,1.658,10.0
1628,0.552,-2.001,0.000,-56.252,1.115,1.658,10.0
1629,0.552,-2.001,0.000,-56.265,1.114,1.658,10.0
1630,0.552,-2.001,0.000,-56.277,1.114,1.658,10.0
1631,0.552,-2.001,0.000,-56.288,1.114,1.659,10.0
1632,0.552,-2.001,0.000,-56.298,1.113,1.659,10.0
1633,0.552,-2.001,0.000,-56.307,1.113,1.659,10.0
1634,0.552,-2.001,0.000,-56.314,1.113,1.659,10.0
1635,0.552,-2.001,0.000,-56.321,1.113,1.659,10.0
1636,0.552,-2.001,0.000,-56.326,1.113,1.659,10.0
1637,0.552,-2.001,0.000,-56.331,1.113,1.659,10.0
1638,0.552,-2.001,0.000,-56.334,1.112,1.660,10.0
1639,0.552,-2.001,0.000,-56.336,1.112,1.660,10.0
1640,0.552,-2.001,0.000,-56.337,1.112,1.660,10.0
1641,0.552,-2.001,0.000,-56.337,1.112,1.660,10.0
1642,0.552,-2.001,0.000,-56.337,1.112,1.660,10.0
1643,0.552,-2.001,0.000,-56.335,1.112,1.660,10.0
1644,0.552,-2.001,0.000,-56.332,1.112,1.659,10.0
1645,0.552,-2.001,0.000,-56.329,1.113,1.659,10.0
1646,0.552,-2.001,0.000,-56.324,1.113,1.659,10.0
1647,0.552,-2.001,0.000,-56.318,1.113,1.659,10.0
1648,0.552,-2.001,0.000,-56.312,1.113,1.659,10.0
1649,0.552,-2.001,0.000,-56.305,1.113,1.659,10.0
1650,0.552,-2.001,0.000,-56.297,1.114,1.659,10.0
1651,0.552,-2.001,0.000,-56.288,1.114,1.659,10.0
1652,0.552,-2.001,0.000,-56.278,1.114,1.658,10.0
1653,0.552,-2.001,0.000,-56.267,1.114,1.658,10.0
1654,0.552,-2.001,0.000,-56.256,1.115,1.658,10.0
1655,0.552,-2.001,0.000,-56.243,1.115,1.658,10.0
1656,0.552,-2.001,0.000,-56.230,1.115,1.657,10.0
1657,0.552,-2.001,0.000,-56.216,1.116,1.657,10.0
1658,0.552,-2.001,0.000,-56.202,1.116,1.657,10.0
1659,0.552,-2.001,0.000,-56.186,1.117,1.657,10.0
1660,0.552,-2.001,0.000,-56.170,1.117,1.656,10.0
1661,0.552,-2.001,0.000,-56.153,1.118,1.656,10.0
1662,0.552,-2.001,0.000,-56.136,1.118,1.656,10.0
1663,0.552,-2.001,0.000,-56.118,1.119,1.655,10.0
1664,0.552,-2.001,0.000,-56.102,1.119,1.655,10.0
1665,0.552,-2.001,0.000,-56.088,1.120,1.655,10.0
1666,0.552,-2.001,0.000,-56.074,1.120,1.654,10.0
1667,0.552,-2.001,0.000,-56.062,1.120,1.654,10.0
1668,0.552,-2.001,0.000,-56.051,1.121,1.654,10.0
1669,0.552,-2.001,0.000,-56.041,1.121,1.654,10.0
1670,0.552,-2.001,0.000,-56.032,1.121,1.654,10.0
1671,0.552,-2.001,0.000,-56.025,1.121,1.653,10.0
1672,0.552,-2.001,0.000,-56.018,1.122,1.653,10.0
1673,0.552,-2.001,0.000,-56.013,1.122,1.653,10.0
1674,0.552,-2.001,0.000,-56.009,1.122,1.653,10.0
1675,0.552,-2.001,0.000,-56.006,1.122,1.653,10.0
1676,0.552,-2.001,0.000,-56.004,1.122,1.653,10.0
1677,0.552,-2.001,0.000,-56.003,1.122,1.653,10.0
1678,0.552,-2.001,0.000,-56.003,1.122,1.653,10.0
1679,0.552,-2.001,0.000,-56.004,1.122,1.653,10.0
1680,0.552,-2.001,0.000,-56.006,1.122,1.653,10.0
1681,0.552,-2.001,0.000,-56.009,1.122,1.653,10.0
1682,0.552,-2.001,0.000,-56.013,1.122,1.653,10.0
1683,0.552,-2.001,0.000,-56.018,1.122,1.653,10.0
1684,0.552,-2.001,0.000,-56.024,1.121,1.653,10.0
1685,0.552,-2.001,0.000,-56.031,1.121,1.654,10.0
1686,0.552,-2.001,0.000,-56.039,1.121,1.654,10.0
1687,0.552,-2.001,0.000,-56.047,1.121,1.654,10.0
1688,0.552,-2.001,0.000,-56.057,1.120,1.654,10.0
1689,0.552,-2.001,0.000,-56.067,1.120,1.654,10.0
1690,0.552,-2.001,0.000,-56.079,1.120,1.655,10.0
1691,0.552,-2.001,0.000,-56.091,1.119,1.655,10.0
1692,0.552,-2.001,0.000,-56.104,1.119,1.655,10.0
1693,0.552,-2.001,0.000,-56.117,1.119,1.655,10.0
1694,0.552,-2.001,0.000,-56.132,1.118,1.656,10.0
1695,0.552,-2.001,0.000,-56.147,1.118,1.656,10.0
1696,0.552,-2.001,0.000,-56.164,1.117,1.656,10.0
1697,0.552,-2.001,0.000,-56.180,1.117,1.657,10.0
1698,0.552,-2.001,0.000,-56.198,1.116,1.657,10.0
1699,0.552,-2.001,0.000,-56.215,1.116,1.657,10.0
1700,0.552,-2.001,0.000,-56.232,1.115,1.658,10.0
1701,0.552,-2.001,0.000,-56.246,1.115,1.658,10.0
1702,0.552,-2.001,0.000,-56.260,1.115,1.658,10.0
1703,0.552,-2.001,0.000,-56.272,1.114,1.658,10.0
1704,0.552,-2.001,0.000,-56.284,1.114,1.659,10.0
1705,0.552,-2.001,0.000,-56.294,1.114,1.659,10.0
1706,0.552,-2.001,0.000,-56.303,1.113,1.659,10.0
1707,0.552,-2.001,0.000,-56.310,1.113,1.659,10.0
1708,0.552,-2.001,0.000,-56.317,1.113,1.659,10.0
1709,0.552,-2.001,0.000,-56.323,1.113,1.659,10.0
1710,0.552,-2.001,0.000,-56.327,1.113,1.659,10.0
1711,0.552,-2.001,0.000,-56.331,1.113,1.659,10.0
1712,0.552,-2.001,0.000,-56.333,1.112,1.659,10.0
1713,0.552,-2.001,0.000,-56.335,1.112,1.660,10.0
1714,0.552,-2.001,0.000,-56.335,1.112,1.660,10.0
1715,0.552,-2.001,0.000,-56.334,1.112,1.660,10.0
1716,0.552,-2.001,0.000,-56.333,1.112,1.659,10.0
1717,0.552,-2.001,0.000,-56.330,1.113,1.659,10.0
1718,0.552,-2.001,0.000,-56.327,1.113,1.659,10.0
1719,0.552,-2.001,0.000,-56.323,1.113,1.659,10.0
1720,0.552,-2.001,0.000,-56.317,1.113,1.659,10.0
1721,0.552,-2.001,0.000,-56.311,1.113,1.659,10.0
1722,0.552,-2.001,0.000,-56.304,1.113,1.659,10.0
1723,0.552,-2.001,0.000,-56.296,1.114,1.659,10.0
1724,0.552,-2.001,0.000,-56.287,1.114,1.659,10.0
1725,0.552,-2.001,0.000,-56.278,1.114,1.658,10.0
1726,0.552,-2.001,0.000,-56.267,1.114,1.658,10.0
1727,0.552,-2.001,0.000,-56.256,1.115,1.658,10.0
1728,0.552,-2.001,0.000,-56.244,1.115,1.658,10.0
1729,0.552,-2.001,0.000,-56.231,1.115,1.658,10.0
1730,0.552,-2.001,0.000,-56.217,1.116,1.657,10.0
1731,0.552,-2.001,0.000,-56.202,1.116,1.657,10.0
1732,0.552,-2.001,0.000,-56.187,1.117,1.657,10.0
1733,0.552,-2.001,0.000,-56.171,1.117,1.656,10.0
1734,0.552,-2.001,0.000,-56.154,1.118,1.656,10.0
1735,0.552,-2.001,0.000,-56.137,1.118,1.656,10.0
1736,0.552,-2.001,0.000,-56.120,1.119,1.655,10.0
1737,0.552,-2.001,0.000,-56.104,1.119,1.655,10.0
1738,0.552,-2.001,0.000,-56.089,1.120,1.655,10.0
1739,0.552,-2.001,0.000,-56.076,1.120,1.654,10.0
1740,0.552,-2.001,0.000,-56.064,1.120,1.654,10.0
1741,0.552,-2.001,0.000,-56.053,1.121,1.654,10.0
1742,0.552,-2.001,0.000,-56.043,1.121,1.654,10.0
1743,0.552,-2.001,0.000,-56.035,1.121,1.654,10.0
1744,0.552,-2.001,0.000,-56.027,1.121,1.654,10.0
1745,0.552,-2.001,0.000,-56.021,1.121,1.653,10.0
1746,0.552,-2.001,0.000,-56.016,1.122,1.653,10.0
1747,0.552,-2.001,0.000,-56.012,1.122,1.653,10.0
1748,0.552,-2.001,0.000,-56.009,1.122,1.653,10.0
1749,0.552,-2.001,0.000,-56.007,1.122,1.653,10.0
1750,0.552,-2.001,0.000,-56.006,1.122,1.653,10.0
1751,0.552,-2.001,0.000,-56.006,1.122,1.653,10.0
1752,0.552,-2.001,0.000,-56.007,1.122,1.653,10.0
1753,0.552,-2.001,0.000,-56.009,1.122,1.653,10.0
1754,0.552,-2.001,0.000,-56.013,1.122,1.653,10.0
1755,0.552,-2.001,0.000,-56.017,1.122,1.653,10.0
1756,0.552,-2.001,0.000,-56.022,1.121,1.653,10.0
1757,0.552,-2.001,0.000,-56.028,1.121,1.654,10.0
1758,0.552,-2.001,0.000,-56.035,1.121,1.654,10.0
1759,0.552,-2.001,0.000,-56.043,1.121,1.654,10.0
1760,0.552,-2.001,0.000,-56.052,1.121,1.654,10.0
1761,0.552,-2.001,0.000,-56.061,1.120,1.654,10.0
1762,0.552,-2.001,0.000,-56.072,1.120,1.654,10.0
1763,0.552,-2.001,0.000,-56.083,1.120,1.655,10.0
1764,0.552,-2.001,0.000,-56.096,1.119,1.655,10.0
1765,0.552,-2.001,0.000,-56.109,1.119,1.655,10.0
1766,0.552,-2.001,0.000,-56.122,1.119,1.655,10.0
1767,0.552,-2.001,0.000,-56.137,1.118,1.656,10.0
1768,0.552,-2.001,0.000,-56.153,1.118,1.656,10.0
1769,0.552,-2.001,0.000,-56.169,1.117,1.656,10.0
1770,0.552,-2.001,0.000,-56.186,1.117,1.657,10.0
1771,0.552,-2.001,0.000,-56.202,1.116,1.657,10.0
1772,0.552,-2.001,0.000,-56.218,1.116,1.657,10.0
1773,0.552,-2.001,0.000,-56.232,1.115,1.658,10.0
1774,0.552,-2.001,0.000,-56.245,1.115,1.658,10.0
1775,0.552,-2.001,0.000,-56.257,1.115,1.658,10.0
1776,0.552,-2.001,0.000,-56.267,1.114,1.658,10.0
1777,0.552,-2.001,0.000,-56.277,1.114,1.658,10.0
1778,0.552,-2.001,0.000,-56.285,1.114,1.659,10.0
1779,0.552,-2.001,0.000,-56.293,1.114,1.659,10.0
1780,0.552,-2.001,0.000,-56.299,1.113,1.659,10.0
1781,0.552,-2.001,0.000,-56.304,1.113,1.659,10.0
1782,0.552,-2.001,0.000,-56.308,1.113,1.659,10.0
1783,0.552,-2.001,0.000,-56.311,1.113,1.659,10.0
1784,0.552,-2.001,0.000,-56.312,1.113,1.659,10.0
1785,0.552,-2.001,0.000,-56.313,1.113,1.659,10.0
1786,0.552,-2.001,0.000,-56.313,1.113,1.659,10.0
1787,0.552,-2.001,0.000,-56.312,1.113,1.659,10.0
1788,0.552,-2.001,0.000,-56.310,1.113,1.659,10.0
1789,0.552,-2.001,0.000,-56.307,1.113,1.659,10.0
1790,0.552,-2.001,0.000,-56.303,1.113,1.659,10.0
1791,0.552,-2.001,0.000,-56.298,1.113,1.659,10.0
1792,0.552,-2.001,0.000,-56.292,1.114,1.659,10.0
1793,0.552,-2.001,0.000,-56.286,1.114,1.659,10.0
1794,0.552,-2.001,0.000,-56.278,1.114,1.658,10.0
1795,0.552,-2.001,0.000,-56.270,1.114,1.658,10.0
1796,0.552,-2.001,0.000,-56.261,1.115,1.658,10.0
1797,0.552,-2.001,0.000,-56.250,1.115,1.658,10.0
1798,0.552,-2.001,0.000,-56.239,1.115,1.658,10.0
1799,0.552,-2.001,0.000,-56.228,1.116,1.657,10.0
1800,0.552,-2.001,0.000,-56.215,1.116,1.657,10.0
1801,0.552,-2.001,0.000,-56.202,1.116,1.657,10.0
1802,0.552,-2.001,0.000,-56.188,1.117,1.657,10.0
1803,0.552,-2.001,0.000,-56.173,1.117,1.656,10.0
1804,0.552,-2.001,0.000,-56.157,1.118,1.656,10.0
1805,0.552,-2.001,0.000,-56.141,1.118,1.656,10.0
1806,0.552,-2.001,0.000,-56.124,1.118,1.655,10.0
1807,0.552,-2.001,0.000,-56.110,1.119,1.655,10.0
1808,0.552,-2.001,0.000,-56.096,1.119,1.655,10.0
1809,0.552,-2.001,0.000,-56.084,1.120,1.655,10.0
1810,0.552,-2.001,0.000,-56.072,1.120,1.654,10.0
1811,0.552,-2.001,0.000,-56.063,1.120,1.654,10.0
1812,0.552,-2.001,0.000,-56.054,1.121,1.654,10.0
1813,0.552,-2.001,0.000,-56.046,1.121,1.654,10.0
1814,0.552,-2.001,0.000,-56.040,1.121,1.654,10.0
1815,0.552,-2.001,0.000,-56.034,1.121,1.654,10.0
1816,0.552,-2.001,0.000,-56.030,1.121,1.654,10.0
1817,0.552,-2.001,0.000,-56.027,1.121,1.654,10.0
1818,0.552,-2.001,0.000,-56.025,1.121,1.653,10.0
1819,0.552,-2.001,0.000,-56.024,1.121,1.653,10.0
1820,0.552,-2.001,0.000,-56.023,1.121,1.653,10.0
1821,0.552,-2.001,0.000,-56.024,1.121,1.653,10.0
1822,0.552,-2.001,0.000,-56.026,1.121,1.654,10.0
1823,0.552,-2.001,0.000,-56.029,1.121,1.654,10.0
1824,0.552,-2.001,0.000,-56.033,1.121,1.654,10.0
1825,0.552,-2.001,0.000,-56.038,1.121,1.654,10.0
1826,0.552,-2.001,0.000,-56.044,1.121,1.654,10.0
1827,0.552,-2.001,0.000,-56.051,1.121,1.654,10.0
1828,0.552,-2.001,0.000,-56.059,1.120,1.654,10.0
1829,0.552,-2.001,0.000,-56.067,1.120,1.654,10.0
1830,0.552,-2.001,0.000,-56.077,1.120,1.655,10.0
1831,0.552,-2.001,0.000,-56.087,1.120,1.655,10.0
1832,0.552,-2.001,0.000,-56.098,1.119,1.655,10.0
1833,0.552,-2.001,0.000,-56.110,1.119,1.655,10.0
1834,0.552,-2.001,0.000,-56.123,1.119,1.655,10.0
1835,0.552,-2.001,0.000,-56.137,1.118,1.656,10.0
1836,0.552,-2.001,0.000,-56.151,1.118,1.656,10.0
1837,0.552,-2.001,0.000,-56.167,1.117,1.656,10.0
1838,0.552,-2.001,0.000,-56.183,1.117,1.657,10.0
1839,0.552,-2.001,0.000,-56.200,1.116,1.657,10.0
1840,0.552,-2.001,0.000,-56.216,1.116,1.657,10.0
1841,0.552,-2.001,0.000,-56.231,1.115,1.658,10.0
1842,0.552,-2.001,0.000,-56.245,1.115,1.658,10.0
1843,0.552,-2.001,0.000,-56.258,1.115,1.658,10.0
1844,0.552,-2.001,0.000,-56.270,1.114,1.658,10.0
1845,0.552,-2.001,0.000,-56.280,1.114,1.658,10.0
1846,0.552,-2.001,0.000,-56.290,1.114,1.659,10.0
1847,0.552,-2.001,0.000,-56.298,1.113,1.659,10.0
1848,0.552,-2.001,0.000,-56.305,1.113,1.659,10.0
1849,0.552,-2.001,0.000,-56.311,1.113,1.659,10.0
1850,0.552,-2.001,0.000,-56.316,1.113,1.659,10.0
1851,0.552,-2.001,0.000,-56.320,1.113,1.659,10.0
1852,0.552,-2.001,0.000,-56.322,1.113,1.659,10.0
1853,0.552,-2.001,0.000,-56.324,1.113,1.659,10.0
1854,0.552,-2.001,0.000,-56.325,1.113,1.659,10.0
1855,0.552,-2.001,0.000,-56.325,1.113,1.659,10.0
1856,0.552,-2.001,0.000,-56.323,1.113,1.659,10.0
1857,0.552,-2.001,0.000,-56.321,1.113,1.659,10.0
1858,0.552,-2.001,0.000,-56.318,1.113,1.659,10.0
1859,0.552,-2.001,0.000,-56.314,1.113,1.659,10.0
1860,0.552,-2.001,0.000,-56.309,1.113,1.659,10.0
1861,0.552,-2.001,0.000,-56.303,1.113,1.659,10.0
1862,0.552,-2.001,0.000,-56.296,1.114,1.659,10.0
1863,0.552,-2.001,0.000,-56.289,1.114,1.659,10.0
1864,0.552,-2.001,0.000,-56.280,1.114,1.658,10.0
1865,0.552,-2.001,0.000,-56.271,1.114,1.658,10.0
1866,0.552,-2.001,0.000,-56.261,1.115,1.658,10.0
1867,0.552,-2.001,0.000,-56.250,1.115,1.658,10.0
1868,0.552,-2.001,0.000,-56.238,1.115,1.658,10.0
1869,0.552,-2.001,0.000,-56.225,1.116,1.657,10.0
1870,0.552,-2.001,0.000,-56.212,1.116,1.657,10.0
1871,0.552,-2.001,0.000,-56.197,1.116,1.657,10.0
1872,0.552,-2.001,0.000,-56.182,1.117,1.657,10.0
1873,0.552,-2.001,0.000,-56.167,1.117,1.656,10.0
1874,0.552,-2.001,0.000,-56.150,1.118,1.656,10.0
1875,0.552,-2.001,0.000,-56.134,1.118,1.656,10.0
1876,0.552,-2.001,0.000,-56.119,1.119,1.655,10.0
1877,0.552,-2.001,0.000,-56.105,1.119,1.655,10.0
1878,0.552,-2.001,0.000,-56.093,1.119,1.655,10.0
1879,0.552,-2.001,0.000,-56.082,1.120,1.655,10.0
1880,0.552,-2.001,0.000,-56.071,1.120,1.654,10.0
1881,0.552,-2.001,0.000,-56.063,1.120,1.654,10.0
1882,0.552,-2.001,0.000,-56.055,1.121,1.654,10.0
1883,0.552,-2.001,0.000,-56.048,1.121,1.654,10.0
1884,0.552,-2.001,0.000,-56.043,1.121,1.654,10.0
1885,0.552,-2.001,0.000,-56.038,1.121,1.654,10.0
1886,0.552,-2.001,0.000,-56.035,1.121,1.654,10.0
1887,0.552,-2.001,0.000,-56.033,1.121,1.654,10.0
1888,0.552,-2.001,0.000,-56.032,1.121,1.654,10.0
1889,0.552,-2.001,0.000,-56.032,1.121,1.654,10.0
1890,0.552,-2.001,0.000,-56.033,1.121,1.654,10.0
1891,0.552,-2.001,0.000,-56.035,1.121,1.654,10.0
1892,0.552,-2.001,0.000,-56.037,1.121,1.654,10.0
1893,0.552,-2.001,0.000,-56.041,1.121,1.654,10.0
1894,0.552,-2.001,0.000,-56.046,1.121,1.654,10.0
1895,0.552,-2.001,0.000,-56.052,1.121,1.654,10.0
1896,0.552,-2.001,0.000,-56.059,1.120,1.654,10.0
1897,0.552,-2.001,0.000,-56.066,1.120,1.654,10.0
1898,0.552,-2.001,0.000,-56.075,1.120,1.654,10.0
1899,0.552,-2.001,0.000,-56.084,1.120,1.655,10.0
1900,0.552,-2.001,0.000,-56.095,1.119,1.655,10.0
1901,0.552,-2.001,0.000,-56.106,1.119,1.655,10.0
1902,0.552,-2.001,0.000,-56.118,1.119,1.655,10.0
1903,0.552,-2.001,0.000,-56.130,1.118,1.656,10.0
1904,0.552,-2.001,0.000,-56.144,1.118,1.656,10.0
1905,0.552,-2.001,0.000,-56.159,1.118,1.656,10.0
1906,0.552,-2.001,0.000,-56.174,1.117,1.656,10.0
1907,0.552,-2.001,0.000,-56.190,1.117,1.657,10.0
1908,0.552,-2.001,0.000,-56.205,1.116,1.657,10.0
1909,0.552,-2.001,0.000,-56.220,1.116,1.657,10.0
1910,0.552,-2.001,0.000,-56.233,1.115,1.658,10.0
1911,0.552,-2.001,0.000,-56.245,1.115,1.658,10.0
1912,0.552,-2.001,0.000,-56.256,1.115,1.658,10.0
1913,0.552,-2.001,0.000,-56.266,1.114,1.658,10.0
1914,0.552,-2.001,0.000,-56.274,1.114,1.658,10.0
1915,0.552,-2.001,0.000,-56.282,1.114,1.658,10.0
1916,0.552,-2.001,0.000,-56.288,1.114,1.659,10.0
1917,0.552,-2.001,0.000,-56.293,1.114,1.659,10.0
1918,0.552,-2.001,0.000,-56.298,1.113,1.659,10.0
1919,0.552,-2.001,0.000,-56.301,1.113,1.659,10.0
1920,0.552,-2.001,0.000,-56.303,1.113,1.659,10.0
1921,0.552,-2.001,0.000,-56.304,1.113,1.659,10.0
1922,0.552,-2.001,0.000,-56.304,1.113,1.659,10.0
1923,0.552,-2.001,0.000,-56.303,1.113,1.659,10.0
1924,0.552,-2.001,0.000,-56.301,1.113,1.659,10.0
1925,0.552,-2.001,0.000,-56.298,1.113,1.659,10.0
1926,0.552,-2.001,0.000,-56.295,1.114,1.659,10.0
1927,0.552,-2.001,0.000,-56.290,1.114,1.659,10.0
1928,0.552,-2.001,0.000,-56.284,1.114,1.659,10.0
1929,0.552,-2.001,0.000,-56.278,1.114,1.658,10.0
1930,0.552,-2.001,0.000,-56.271,1.114,1.658,10.0
1931,0.552,-2.001,0.000,-56.262,1.115,1.658,10.0
1932,0.552,-2.001,0.000,-56.253,1.115,1.658,10.0
1933,0.552,-2.001,0.000,-56.243,1.115,1.658,10.0
1934,0.552,-2.001,0.000,-56.232,1.115,1.658,10.0
1935,0.552,-2.001,0.000,-56.221,1.116,1.657,10.0
1936,0.552,-2.001,0.000,-56.208,1.116,1.657,10.0
1937,0.552,-2.001,0.000,-56.195,1.116,1.657,10.0
1938,0.552,-2.001,0.000,-56.181,1.117,1.657,10.0
1939,0.552,-2.001,0.000,-56.167,1.117,1.656,10.0
1940,0.552,-2.001,0.000,-56.151,1.118,1.656,10.0
1941,0.552,-2.001,0.000,-56.136,1.118,1.656,10.0
1942,0.552,-2.001,0.000,-56.122,1.119,1.655,10.0
1943,0.552,-2.001,0.000,-56.109,1.119,1.655,10.0
1944,0.552,-2.001,0.000,-56.098,1.119,1.655,10.0
1945,0.552,-2.001,0.000,-56.087,1.120,1.655,10.0
1946,0.552,-2.001,0.000,-56.078,1.120,1.655,10.0
1947,0.552,-2.001,0.000,-56.070,1.120,1.654,10.0
1948,0.552,-2.001,0.000,-56.063,1.120,1.654,10.0
1949,0.552,-2.001,0.000,-56.057,1.120,1.654,10.0
1950,0.552,-2.001,0.000,-56.053,1.121,1.654,10.0
1951,0.552,-2.001,0.000,-56.049,1.121,1.654,10.0
1952,0.552,-2.001,0.000,-56.047,1.121,1.654,10.0
1953,0.552,-2.001,0.000,-56.045,1.121,1.654,10.0
1954,0.552,-2.001,0.000,-56.045,1.121,1.654,10.0
1955,0.552,-2.001,0.000,-56.046,1.121,1.654,10.0
1956,0.552,-2.001,0.000,-56.047,1.121,1.654,10.0
1957,0.552,-2.001,0.000,-56.050,1.121,1.654,10.0
1958,0.552,-2.001,0.000,-56.054,1.121,1.654,10.0
1959,0.552,-2.001,0.000,-56.058,1.120,1.654,10.0
1960,0.552,-2.001,0.000,-56.064,1.120,1.654,10.0
1961,0.552,-2.001,0.000,-56.070,1.120,1.654,10.0
1962,0.552,-2.001,0.000,-56.078,1.120,1.655,10.0
1963,0.552,-2.001,0.000,-56.086,1.120,1.655,10.0
1964,0.552,-2.001,0.000,-56.095,1.119,1.655,10.0
1965,0.552,-2.001,0.000,-56.105,1.119,1.655,10.0
1966,0.552,-2.001,0.000,-56.116,1.119,1.655,10.0
1967,0.552,-2.001,0.000,-56.128,1.118,1.656,10.0
1968,0.552,-2.001,0.000,-56.140,1.118,1.656,10.0
1969,0.552,-2.001,0.000,-56.154,1.118,1.656,10.0
1970,0.552,-2.001,0.000,-56.168,1.117,1.656,10.0
1971,0.552,-2.001,0.000,-56.183,1.117,1.657,10.0
1972,0.552,-2.001,0.000,-56.198,1.116,1.657,10.0
1973,0.552,-2.001,0.000,-56.211,1.116,1.657,10.0
1974,0.552,-2.001,0.000,-56.224,1.116,1.657,10.0
1975,0.552,-2.001,0.000,-56.235,1.115,1.658,10.0
1976,0.552,-2.001,0.000,-56.245,1.115,1.658,10.0
1977,0.552,-2.001,0.000,-56.254,1.115,1.658,10.0
1978,0.552,-2.001,0.000,-56.261,1.115,1.658,10.0
1979,0.552,-2.001,0.000,-56.268,1.114,1.658,10.0
1980,0.552,-2.001,0.000,-56.273,1.114,1.658,10.0
1981,0.552,-2.001,0.000,-56.278,1.114,1.658,10.0
1982,0.552,-2.001,0.000,-56.281,1.114,1.658,10.0
1983,0.552,-2.001,0.000,-56.284,1.114,1.659,10.0
1984,0.552,-2.001,0.000,-56.285,1.114,1.659,10.0
1985,0.552,-2.001,0.000,-56.285,1.114,1.659,10.0
1986,0.552,-2.001,0.000,-56.284,1.114,1.659,10.0
1987,0.552,-2.001,0.000,-56.283,1.114,1.659,10.0
1988,0.552,-2.001,0.000,-56.280,1.114,1.658,10.0
1989,0.552,-2.001,0.000,-56.277,1.114,1.658,10.0
1990,0.552,-2.001,0.000,-56.272,1.114,1.658,10.0
1991,0.552,-2.001,0.000,-56.267,1.114,1.658,10.0
1992,0.552,-2.001,0.000,-56.260,1.115,1.658,10.0
1993,0.552,-2.001,0.000,-56.253,1.115,1.658,10.0
1994,0.552,-2.001,0.000,-56.245,1.115,1.658,10.0
1995,0.552,-2.001,0.000,-56.236,1.115,1.658,10.0
1996,0.552,-2.001,0.000,-56.226,1.116,1.657,10.0
1997,0.552,-2.001,0.000,-56.216,1.116,1.657,10.0
1998,0.552,-2.001,0.000,-56.204,1.116,1.657,10.0
1999,0.552,-2.001,0.000,-56.192,1.117,1.657,10.0
2000,0.552,-2.001,0.000,-56.179,1.117,1.656,10.0
2001,0.552,-2.001,0.000,-56.165,1.117,1.656,10.0
2002,0.552,-2.001,0.000,-56.151,1.118,1.656,10.0
2003,0.552,-2.001,0.000,-56.136,1.118,1.656,10.0
2004,0.552,-2.001,0.000,-56.123,1.119,1.655,10.0
2005,0.552,-2.001,0.000,-56.111,1.119,1.655,10.0
2006,0.552,-2.001,0.000,-56.101,1.119,1.655,10.0
2007,0.552,-2.001,0.000,-56.091,1.119,1.655,10.0
2008,0.552,-2.001,0.000,-56.083,1.120,1.655,10.0
2009,0.552,-2.001,0.000,-56.076,1.120,1.654,10.0
2010,0.552,-2.001,0.000,-56.069,1.120,1.654,10.0
2011,0.552,-2.001,0.000,-56.064,1.120,1.654,10.0
2012,0.552,-2.001,0.000,-56.061,1.120,1.654,10.0
2013,0.552,-2.001,0.000,-56.058,1.120,1.654,10.0
2014,0.552,-2.001,0.000,-56.056,1.120,1.654,10.0
2015,0.552,-2.001,0.000,-56.055,1.120,1.654,10.0
2016,0.552,-2.001,0.000,-56.056,1.120,1.654,10.0
2017,0.552,-2.001,0.000,-56.057,1.120,1.654,10.0
2018,0.552,-2.001,0.000,-56.060,1.120,1.654,10.0
2019,0.552,-2.001,0.000,-56.063,1.120,1.654,10.0
2020,0.552,-2.001,0.000,-56.067,1.120,1.654,10.0
2021,0.552,-2.001,0.000,-56.073,1.120,1.654,10.0
2022,0.552,-2.001,0.000,-56.079,1.120,1.655,10.0
2023,0.552,-2.001,0.000,-56.086,1.120,1.655,10.0
2024,0.552,-2.001,0.000,-56.094,1.119,1.655,10.0
2025,0.552,-2.001,0.000,-56.103,1.119,1.655,10.0
2026,0.552,-2.001,0.000,-56.113,1.119,1.655,10.0
2027,0.552,-2.001,0.000,-56.123,1.119,1.655,10.0
2028,0.552,-2.001,0.000,-56.135,1.118,1.656,10.0
2029,0.552,-2.001,0.000,-56.147,1.118,1.656,10.0
2030,0.552,-2.001,0.000,-56.160,1.117,1.656,10.0
2031,0.552,-2.001,0.000,-56.174,1.117,1.656,10.0
2032,0.552,-2.001,0.000,-56.189,1.117,1.657,10.0
2033,0.552,-2.001,0.000,-56.203,1.116,1.657,10.0
2034,0.552,-2.001,0.000,-56.217,1.116,1.657,10.0
2035,0.552,-2.001,0.000,-56.229,1.115,1.657,10.0
2036,0.552,-2.001,0.000,-56.240,1.115,1.658,10.0
2037,0.552,-2.001,0.000,-56.249,1.115,1.658,10.0
2038,0.552,-2.001,0.000,-56.258,1.115,1.658,10.0
2039,0.552,-2.001,0.000,-56.266,1.114,1.658,10.0
2040,0.552,-2.001,0.000,-56.272,1.114,1.658,10.0
2041,0.552,-2.001,0.000,-56.277,1.114,1.658,10.0
2042,0.552,-2.001,0.000,-56.281,1.114,1.658,10.0
2043,0.552,-2.001,0.000,-56.285,1.114,1.659,10.0
2044,0.552,-2.001,0.000,-56.287,1.114,1.659,10.0
2045,0.552,-2.001,0.000,-56.288,1.114,1.659,10.0
2046,0.552,-2.001,0.000,-56.288,1.114,1.659,10.0
2047,0.552,-2.001,0.000,-56.287,1.114,1.659,10.0
2048,0.552,-2.001,0.000,-56.285,1.114,1.659,10.0
2049,0.552,-2.001,0.000,-56.282,1.114,1.659,10.0
2050,0.552,-2.001,0.000,-56.279,1.114,1.658,10.0
2051,0.552,-2.001,0.000,-56.274,1.114,1.658,10.0
2052,0.552,-2.001,0.000,-56.268,1.114,1.658,10.0
2053,0.552,-2.001,0.000,-56.262,1.115,1.658,10.0
2054,0.552,-2.001,0.000,-56.255,1.115,1.658,10.0
2055,0.552,-2.001,0.000,-56.246,1.115,1.658,10.0
2056,0.552,-2.001,0.000,-56.237,1.115,1.658,10.0
2057,0.552,-2.001,0.000,-56.227,1.116,1.657,10.0
2058,0.552,-2.001,0.000,-56.216,1.116,1.657,10.0
2059,0.552,-2.001,0.000,-56.205,1.116,1.657,10.0
2060,0.552,-2.001,0.000,-56.192,1.117,1.657,10.0
2061,0.552,-2.001,0.000,-56.179,1.117,1.657,10.0
2062,0.552,-2.001,0.000,-56.165,1.117,1.656,10.0
2063,0.552,-2.001,0.000,-56.151,1.118,1.656,10.0
2064,0.552,-2.001,0.000,-56.136,1.118,1.656,10.0
2065,0.552,-2.001,0.000,-56.123,1.119,1.655,10.0
2066,0.552,-2.001,0.000,-56.111,1.119,1.655,10.0
2067,0.552,-2.001,0.000,-56.100,1.119,1.655,10.0
2068,0.552,-2.001,0.000,-56.090,1.119,1.655,10.0
2069,0.552,-2.001,0.000,-56.082,1.120,1.655,10.0
2070,0.552,-2.001,0.000,-56.075,1.120,1.654,10.0
2071,0.552,-2.001,0.000,-56.068,1.120,1.654,10.0
2072,0.552,-2.001,0.000,-56.063,1.120,1.654,10.0
2073,0.552,-2.001,0.000,-56.059,1.120,1.654,10.0
2074,0.552,-2.001,0.000,-56.056,1.120,1.654,10.0
2075,0.552,-2.001,0.000,-56.055,1.121,1.654,10.0
2076,0.552,-2.001,0.000,-56.054,1.121,1.654,10.0
2077,0.552,-2.001,0.000,-56.054,1.121,1.654,10.0
2078,0.552,-2.001,0.000,-56.055,1.120,1.654,10.0
2079,0.552,-2.001,0.000,-56.058,1.120,1.654,10.0
2080,0.552,-2.001,0.000,-56.061,1.120,1.654,10.0
2081,0.552,-2.001,0.000,-56.065,1.120,1.654,10.0
2082,0.552,-2.001,0.000,-56.070,1.120,1.654,10.0
2083,0.552,-2.001,0.000,-56.076,1.120,1.654,10.0
2084,0.552,-2.001,0.000,-56.083,1.120,1.655,10.0
2085,0.552,-2.001,0.000,-56.091,1.119,1.655,10.0
2086,0.552,-2.001,0.000,-56.100,1.119,1.655,10.0
2087,0.552,-2.001,0.000,-56.110,1.119,1.655,10.0
2088,0.552,-2.001,0.000,-56.120,1.119,1.655,10.0
2089,0.552,-2.001,0.000,-56.132,1.118,1.656,10.0
2090,0.552,-2.001,0.000,-56.144,1.118,1.656,10.0
2091,0.552,-2.001,0.000,-56.157,1.118,1.656,10.0
2092,0.552,-2.001,0.000,-56.171,1.117,1.656,10.0
2093,0.552,-2.001,0.000,-56.186,1.117,1.657,10.0
2094,0.552,-2.001,0.000,-56.200,1.116,1.657,10.0
2095,0.552,-2.001,0.000,-56.213,1.116,1.657,10.0
2096,0.552,-2.001,0.000,-56.225,1.116,1.657,10.0
2097,0.552,-2.001,0.000,-56.236,1.115,1.658,10.0
2098,0.552,-2.001,0.000,-56.246,1.115,1.658,10.0
2099,0.552,-2.001,0.000,-56.254,1.115,1.658,10.0
2100,0.552,-2.001,0.000,-56.262,1.115,1.658,10.0
2101,0.552,-2.001,0.000,-56.268,1.114,1.658,10.0
2102,0.552,-2.001,0.000,-56.273,1.114,1.658,10.0
2103,0.552,-2.001,0.000,-56.277,1.114,1.658,10.0
2104,0.552,-2.001,0.000,-56.280,1.114,1.658,10.0
2105,0.552,-2.001,0.000,-56.282,1.114,1.659,10.0
2106,0.552,-2.001,0.000,-56.283,1.114,1.659,10.0
2107,0.552,-2.001,0.000,-56.283,1.114,1.659,10.0
2108,0.552,-2.001,0.000,-56.283,1.114,1.659,10.0
2109,0.552,-2.001,0.000,-56.281,1.114,1.658,10.0
2110,0.552,-2.001,0.000,-56.278,1.114,1.658,10.0
2111,0.552,-2.001,0.000,-56.274,1.114,1.658,10.0
2112,0.552,-2.001,0.000,-56.269,1.114,1.658,10.0
2113,0.552,-2.001,0.000,-56.263,1.114,1.658,10.0
2114,0.552,-2.001,0.000,-56.257,1.115,1.658,10.0
2115,0.552,-2.001,0.000,-56.249,1.115,1.658,10.0
2116,0.552,-2.001,0.000,-56.241,1.115,1.658,10.0
2117,0.552,-2.001,0.000,-56.232,1.115,1.658,10.0
2118,0.552,-2.001,0.000,-56.222,1.116,1.657,10.0
2119,0.552,-2.001,0.000,-56.211,1.116,1.657,10.0
2120,0.552,-2.001,0.000,-56.200,1.116,1.657,10.0
2121,0.552,-2.001,0.000,-56.187,1.117,1.657,10.0
2122,0.552,-2.001,0.000,-56.174,1.117,1.656,10.0
2123,0.552,-2.001,0.000,-56.160,1.117,1.656,10.0
2124,0.552,-2.001,0.000,-56.145,1.118,1.656,10.0
2125,0.552,-2.001,0.000,-56.130,1.118,1.656,10.0
2126,0.552,-2.001,0.000,-56.117,1.119,1.655,10.0
2127,0.552,-2.001,0.000,-56.105,1.119,1.655,10.0
2128,0.552,-2.001,0.000,-56.094,1.119,1.655,10.0
2129,0.552,-2.001,0.000,-56.084,1.120,1.655,10.0
2130,0.552,-2.001,0.000,-56.076,1.120,1.654,10.0
2131,0.552,-2.001,0.000,-56.069,1.120,1.654,10.0
2132,0.552,-2.001,0.000,-56.062,1.120,1.654,10.0
2133,0.552,-2.001,0.000,-56.057,1.120,1.654,10.0
2134,0.552,-2.001,0.000,-56.053,1.121,1.654,10.0
2135,0.552,-2.001,0.000,-56.050,1.121,1.654,10.0
2136,0.552,-2.001,0.000,-56.048,1.121,1.654,10.0
2137,0.552,-2.001,0.000,-56.048,1.121,1.654,10.0
2138,0.552,-2.001,0.000,-56.048,1.121,1.654,10.0
2139,0.552,-2.001,0.000,-56.049,1.121,1.654,10.0
2140,0.552,-2.001,0.000,-56.051,1.121,1.654,10.0
2141,0.552,-2.001,0.000,-56.054,1.121,1.654,10.0
2142,0.552,-2.001,0.000,-56.059,1.120,1.654,10.0
2143,0.552,-2.001,0.000,-56.064,1.120,1.654,10.0
2144,0.552,-2.001,0.000,-56.070,1.120,1.654,10.0
2145,0.552,-2.001,0.000,-56.077,1.120,1.655,10.0
2146,0.552,-2.001,0.000,-56.085,1.120,1.655,10.0
2147,0.552,-2.001,0.000,-56.093,1.119,1.655,10.0
2148,0.552,-2.001,0.000,-56.103,1.119,1.655,10.0
2149,0.552,-2.001,0.000,-56.114,1.119,1.655,10.0
2150,0.552,-2.001,0.000,-56.125,1.118,1.655,10.0
2151,0.552,-2.001,0.000,-56.137,1.118,1.656,10.0
2152,0.552,-2.001,0.000,-56.150,1.118,1.656,10.0
2153,0.552,-2.001,0.000,-56.164,1.117,1.656,10.0
2154,0.552,-2.001,0.000,-56.179,1.117,1.656,10.0
2155,0.552,-2.001,0.000,-56.194,1.116,1.657,10.0
2156,0.552,-2.001,0.000,-56.209,1.116,1.657,10.0
2157,0.552,-2.001,0.000,-56.223,1.116,1.657,10.0
2158,0.552,-2.001,0.000,-56.236,1.115,1.658,10.0
2159,0.552,-2.001,0.000,-56.247,1.115,1.658,10.0
2160,0.552,-2.001,0.000,-56.258,1.115,1.658,10.0
2161,0.552,-2.001,0.000,-56.267,1.114,1.658,10.0
2162,0.552,-2.001,0.000,-56.275,1.114,1.658,10.0
2163,0.552,-2.001,0.000,-56.282,1.114,1.659,10.0
2164,0.552,-2.001,0.000,-56.288,1.114,1.659,10.0
2165,0.552,-2.001,0.000,-56.293,1.114,1.659,10.0
2166,0.552,-2.001,0.000,-56.296,1.114,1.659,10.0
2167,0.552,-2.001,0.000,-56.299,1.113,1.659,10.0
2168,0.552,-2.001,0.000,-56.301,1.113,1.659,10.0
2169,0.552,-2.001,0.000,-56.301,1.113,1.659,10.0
2170,0.552,-2.001,0.000,-56.301,1.113,1.659,10.0
2171,0.552,-2.001,0.000,-56.300,1.113,1.659,10.0
2172,0.552,-2.001,0.000,-56.298,1.113,1.659,10.0
2173,0.552,-2.001,0.000,-56.294,1.114,1.659,10.0
2174,0.552,-2.001,0.000,-56.290,1.114,1.659,10.0
2175,0.552,-2.001,0.000,-56.285,1.114,1.659,10.0
2176,0.552,-2.001,0.000,-56.279,1.114,1.658,10.0
2177,0.552,-2.001,0.000,-56.272,1.114,1.658,10.0
2178,0.552,-2.001,0.000,-56.264,1.114,1.658,10.0
2179,0.552,-2.001,0.000,-56.256,1.115,1.658,10.0
2180,0.552,-2.001,0.000,-56.246,1.115,1.658,10.0
2181,0.552,-2.001,0.000,-56.236,1.115,1.658,10.0
2182,0.552,-2.001,0.000,-56.225,1.116,1.657,10.0
2183,0.552,-2.001,0.000,-56.213,1.116,1.657,10.0
2184,0.552,-2.001,0.000,-56.200,1.116,1.657,10.0
2185,0.552,-2.001,0.000,-56.186,1.117,1.657,10.0
2186,0.552,-2.001,0.000,-56.172,1.117,1.656,10.0
2187,0.552,-2.001,0.000,-56.157,1.118,1.656,10.0
2188,0.552,-2.001,0.000,-56.141,1.118,1.656,10.0
2189,0.552,-2.001,0.000,-56.126,1.118,1.655,10.0
2190,0.552,-2.001,0.000,-56.111,1.119,1.655,10.0
2191,0.552,-2.001,0.000,-56.098,1.119,1.655,10.0
2192,0.552,-2.001,0.000,-56.086,1.120,1.655,10.0
2193,0.552,-2.001,0.000,-56.076,1.120,1.654,10.0
2194,0.552,-2.001,0.000,-56.066,1.120,1.654,10.0
2195,0.552,-2.001,0.000,-56.058,1.120,1.654,10.0
2196,0.552,-2.001,0.000,-56.051,1.121,1.654,10.0
2197,0.552,-2.001,0.000,-56.045,1.121,1.654,10.0
2198,0.552,-2.001,0.000,-56.040,1.121,1.654,10.0
2199,0.552,-2.001,0.000,-56.036,1.121,1.654,10.0
2200,0.552,-2.001,0.000,-56.033,1.121,1.654,10.0
2201,0.552,-2.001,0.000,-56.032,1.121,1.654,10.0
2202,0.552,-2.001,0.000,-56.031,1.121,1.654,10.0
2203,0.552,-2.001,0.000,-56.032,1.121,1.654,10.0
2204,0.552,-2.001,0.000,-56.033,1.121,1.654,10.0
2205,0.552,-2.001,0.000,-56.035,1.121,1.654,10.0
2206,0.552,-2.001,0.000,-56.039,1.121,1.654,10.0
2207,0.552,-2.001,0.000,-56.043,1.121,1.654,10.0
2208,0.552,-2.001,0.000,-56.048,1.121,1.654,10.0
2209,0.552,-2.001,0.000,-56.055,1.121,1.654,10.0
2210,0.552,-2.001,0.000,-56.062,1.120,1.654,10.0
2211,0.552,-2.001,0.000,-56.070,1.120,1.654,10.0
2212,0.552,-2.001,0.000,-56.079,1.120,1.655,10.0
2213,0.552,-2.001,0.000,-56.089,1.120,1.655,10.0
2214,0.552,-2.001,0.000,-56.100,1.119,1.655,10.0
2215,0.552,-2.001,0.000,-56.111,1.119,1.655,10.0
2216,0.552,-2.001,0.000,-56.123,1.119,1.655,10.0
2217,0.552,-2.001,0.000,-56.137,1.118,1.656,10.0
2218,0.552,-2.001,0.000,-56.151,1.118,1.656,10.0
2219,0.552,-2.001,0.000,-56.166,1.117,1.656,10.0
2220,0.552,-2.001,0.000,-56.181,1.117,1.657,10.0
2221,0.552,-2.001,0.000,-56.198,1.116,1.657,10.0
2222,0.552,-2.001,0.000,-56.214,1.116,1.657,10.0
2223,0.552,-2.001,0.000,-56.228,1.115,1.657,10.0
2224,0.552,-2.001,0.000,-56.242,1.115,1.658,10.0
2225,0.552,-2.001,0.000,-56.254,1.115,1.658,10.0
2226,0.552,-2.001,0.000,-56.266,1.114,1.658,10.0
2227,0.552,-2.001,0.000,-56.276,1.114,1.658,10.0
2228,0.552,-2.001,0.000,-56.285,1.114,1.659,10.0
2229,0.552,-2.001,0.000,-56.293,1.114,1.659,10.0
2230,0.552,-2.001,0.000,-56.299,1.113,1.659,10.0
2231,0.552,-2.001,0.000,-56.305,1.113,1.659,10.0
2232,0.552,-2.001,0.000,-56.309,1.113,1.659,10.0
2233,0.552,-2.001,0.000,-56.313,1.113,1.659,10.0
2234,0.552,-2.001,0.000,-56.315,1.113,1.659,10.0
2235,0.552,-2.001,0.000,-56.317,1.113,1.659,10.0
2236,0.552,-2.001,0.000,-56.317,1.113,1.659,10.0
2237,0.552,-2.001,0.000,-56.316,1.113,1.659,10.0
2238,0.552,-2.001,0.000,-56.315,1.113,1.659,10.0
2239,0.552,-2.001,0.000,-56.312,1.113,1.659,10.0
2240,0.552,-2.001,0.000,-56.309,1.113,1.659,10.0
2241,0.552,-2.001,0.000,-56.305,1.113,1.659,10.0
2242,0.552,-2.001,0.000,-56.299,1.113,1.659,10.0
2243,0.552,-2.001,0.000,-56.293,1.114,1.659,10.0
2244,0.552,-2.001,0.000,-56.286,1.114,1.659,10.0
2245,0.552,-2.001,0.000,-56.278,1.114,1.658,10.0
2246,0.552,-2.001,0.000,-56.269,1.114,1.658,10.0
2247,0.552,-2.001,0.000,-56.259,1.115,1.658,10.0
2248,0.552,-2.001,0.000,-56.249,1.115,1.658,10.0
2249,0.552,-2.001,0.000,-56.238,1.115,1.658,10.0
2250,0.552,-2.001,0.000,-56.225,1.116,1.657,10.0
2251,0.552,-2.001,0.000,-56.212,1.116,1.657,10.0
2252,0.552,-2.001,0.000,-56.199,1.116,1.657,10.0
2253,0.552,-2.001,0.000,-56.184,1.117,1.657,10.0
2254,0.552,-2.001,0.000,-56.169,1.117,1.656,10.0
2255,0.552,-2.001,0.000,-56.153,1.118,1.656,10.0
2256,0.552,-2.001,0.000,-56.136,1.118,1.656,10.0
2257,0.552,-2.001,0.000,-56.120,1.119,1.655,10.0
2258,0.552,-2.001,0.000,-56.104,1.119,1.655,10.0
2259,0.552,-2.001,0.000,-56.091,1.119,1.655,10.0
2260,0.552,-2.001,0.000,-56.078,1.120,1.655,10.0
2261,0.552,-2.001,0.000,-56.066,1.120,1.654,10.0
2262,0.552,-2.001,0.000,-56.056,1.120,1.654,10.0
2263,0.552,-2.001,0.000,-56.047,1.121,1.654,10.0
2264,0.552,-2.001,0.000,-56.039,1.121,1.654,10.0
2265,0.552,-2.001,0.000,-56.032,1.121,1.654,10.0
2266,0.552,-2.001,0.000,-56.027,1.121,1.654,10.0
2267,0.552,-2.001,0.000,-56.022,1.121,1.653,10.0
2268,0.552,-2.001,0.000,-56.018,1.122,1.653,10.0
2269,0.552,-2.001,0.000,-56.016,1.122,1.653,10.0
2270,0.552,-2.001,0.000,-56.015,1.122,1.653,10.0
2271,0.552,-2.001,0.000,-56.014,1.122,1.653,10.0
2272,0.552,-2.001,0.000,-56.015,1.122,1.653,10.0
2273,0.552,-2.001,0.000,-56.017,1.122,1.653,10.0
2274,0.552,-2.001,0.000,-56.020,1.122,1.653,10.0
2275,0.552,-2.001,0.000,-56.023,1.121,1.653,10.0
2276,0.552,-2.001,0.000,-56.028,1.121,1.654,10.0
2277,0.552,-2.001,0.000,-56.034,1.121,1.654,10.0
2278,0.552,-2.001,0.000,-56.040,1.121,1.654,10.0
2279,0.552,-2.001,0.000,-56.048,1.121,1.654,10.0
2280,0.552,-2.001,0.000,-56.056,1.120,1.654,10.0
2281,0.552,-2.001,0.000,-56.065,1.120,1.654,10.0
2282,0.552,-2.001,0.000,-56.075,1.120,1.654,10.0
2283,0.552,-2.001,0.000,-56.086,1.120,1.655,10.0
2284,0.552,-2.001,0.000,-56.098,1.119,1.655,10.0
2285,0.552,-2.001,0.000,-56.111,1.119,1.655,10.0
2286,0.552,-2.001,0.000,-56.124,1.118,1.655,10.0
2287,0.552,-2.001,0.000,-56.139,1.118,1.656,10.0
2288,0.552,-2.001,0.000,-56.154,1.118,1.656,10.0
2289,0.552,-2.001,0.000,-56.170,1.117,1.656,10.0
2290,0.552,-2.001,0.000,-56.186,1.117,1.657,10.0
2291,0.552,-2.001,0.000,-56.203,1.116,1.657,10.0
2292,0.552,-2.001,0.000,-56.218,1.116,1.657,10.0
2293,0.552,-2.001,0.000,-56.231,1.115,1.658,10.0
2294,0.552,-2.001,0.000,-56.244,1.115,1.658,10.0
2295,0.552,-2.001,0.000,-56.256,1.115,1.658,10.0
2296,0.552,-2.001,0.000,-56.266,1.114,1.658,10.0
2297,0.552,-2.001,0.000,-56.275,1.114,1.658,10.0
2298,0.552,-2.001,0.000,-56.283,1.114,1.659,10.0
2299,0.552,-2.001,0.000,-56.290,1.114,1.659,10.0
2300,0.552,-2.001,0.000,-56.296,1.114,1.659,10.0
2301,0.552,-2.001,0.000,-56.300,1.113,1.659,10.0
2302,0.552,-2.001,0.000,-56.304,1.113,1.659,10.0
2303,0.552,-2.001,0.000,-56.307,1.113,1.659,10.0
2304,0.552,-2.001,0.000,-56.308,1.113,1.659,10.0
2305,0.552,-2.001,0.000,-56.309,1.113,1.659,10.0
2306,0.552,-2.001,0.000,-56.309,1.113,1.659,10.0
2307,0.552,-2.001,0.000,-56.307,1.113,1.659,10.0
2308,0.552,-2.001,0.000,-56.305,1.113,1.659,10.0
2309,0.552,-2.001,0.000,-56.302,1.113,1.659,10.0
2310,0.552,-2.001,0.000,-56.297,1.113,1.659,10.0
2311,0.552,-2.001,0.000,-56.292,1.114,1.659,10.0
2312,0.552,-2.001,0.000,-56.286,1.114,1.659,10.0
2313,0.552,-2.001,0.000,-56.279,1.114,1.658,10.0
2314,0.552,-2.001,0.000,-56.271,1.114,1.658,10.0
2315,0.552,-2.001,0.000,-56.263,1.114,1.658,10.0
2316,0.552,-2.001,0.000,-56.253,1.115,1.658,10.0
2317,0.552,-2.001,0.000,-56.243,1.115,1.658,10.0
2318,0.552,-2.001,0.000,-56.232,1.115,1.658,10.0
2319,0.552,-2.001,0.000,-56.220,1.116,1.657,10.0
2320,0.552,-2.001,0.000,-56.207,1.116,1.657,10.0
2321,0.552,-2.001,0.000,-56.193,1.117,1.657,10.0
2322,0.552,-2.001,0.000,-56.179,1.117,1.656,10.0
2323,0.552,-2.001,0.000,-56.164,1.117,1.656,10.0
2324,0.552,-2.001,0.000,-56.148,1.118,1.656,10.0
2325,0.552,-2.001,0.000,-56.132,1.118,1.656,10.0
2326,0.552,-2.001,0.000,-56.118,1.119,1.655,10.0
2327,0.552,-2.001,0.000,-56.105,1.119,1.655,10.0
2328,0.552,-2.001,0.000,-56.093,1.119,1.655,10.0
2329,0.552,-2.001,0.000,-56.082,1.120,1.655,10.0
2330,0.552,-2.001,0.000,-56.073,1.120,1.654,10.0
2331,0.552,-2.001,0.000,-56.065,1.120,1.654,10.0
2332,0.552,-2.001,0.000,-56.057,1.120,1.654,10.0
2333,0.552,-2.001,0.000,-56.051,1.121,1.654,10.0
2334,0.552,-2.001,0.000,-56.046,1.121,1.654,10.0
2335,0.552,-2.001,0.000,-56.042,1.121,1.654,10.0
2336,0.552,-2.001,0.000,-56.040,1.121,1.654,10.0
2337,0.552,-2.001,0.000,-56.038,1.121,1.654,10.0
2338,0.552,-2.001,0.000,-56.037,1.121,1.654,10.0
2339,0.552,-2.001,0.000,-56.038,1.121,1.654,10.0
2340,0.552,-2.001,0.000,-56.039,1.121,1.654,10.0
2341,0.552,-2.001,0.000,-56.042,1.121,1.654,10.0
2342,0.552,-2.001,0.000,-56.045,1.121,1.654,10.0
2343,0.552,-2.001,0.000,-56.049,1.121,1.654,10.0
2344,0.552,-2.001,0.000,-56.055,1.121,1.654,10.0
2345,0.552,-2.001,0.000,-56.061,1.120,1.654,10.0
2346,0.552,-2.001,0.000,-56.068,1.120,1.654,10.0
2347,0.552,-2.001,0.000,-56.076,1.120,1.654,10.0
2348,0.552,-2.001,0.000,-56.085,1.120,1.655,10.0
2349,0.552,-2.001,0.000,-56.095,1.119,1.655,10.0
2350,0.552,-2.001,0.000,-56.105,1.119,1.655,10.0
2351,0.552,-2.001,0.000,-56.117,1.119,1.655,10.0
2352,0.552,-2.001,0.000,-56.129,1.118,1.656,10.0
2353,0.552,-2.001,0.000,-56.142,1.118,1.656,10.0
2354,0.552,-2.001,0.000,-56.156,1.118,1.656,10.0
2355,0.552,-2.001,0.000,-56.171,1.117,1.656,10.0
2356,0.552,-2.001,0.000,-56.187,1.117,1.657,10.0
2357,0.552,-2.001,0.000,-56.202,1.116,1.657,10.0
2358,0.552,-2.001,0.000,-56.216,1.116,1.657,10.0
2359,0.552,-2.001,0.000,-56.229,1.115,1.657,10.0
2360,0.552,-2.001,0.000,-56.241,1.115,1.658,10.0
2361,0.552,-2.001,0.000,-56.251,1.115,1.658,10.0
2362,0.552,-2.001,0.000,-56.261,1.115,1.658,10.0
2363,0.552,-2.001,0.000,-56.269,1.114,1.658,10.0
2364,0.552,-2.001,0.000,-56.276,1.114,1.658,10.0
2365,0.552,-2.001,0.000,-56.282,1.114,1.658,10.0
2366,0.552,-2.001,0.000,-56.287,1.114,1.659,10.0
2367,0.552,-2.001,0.000,-56.291,1.114,1.659,10.0
2368,0.552,-2.001,0.000,-56.293,1.114,1.659,10.0
2369,0.552,-2.001,0.000,-56.295,1.114,1.659,10.0
2370,0.552,-2.001,0.000,-56.296,1.114,1.659,10.0
2371,0.552,-2.001,0.000,-56.296,1.114,1.659,10.0
2372,0.552,-2.001,0.000,-56.294,1.114,1.659,10.0
2373,0.552,-2.001,0.000,-56.292,1.114,1.659,10.0
2374,0.552,-2.001,0.000,-56.289,1.114,1.659,10.0
2375,0.552,-2.001,0.000,-56.285,1.114,1.659,10.0
2376,0.552,-2.001,0.000,-56.280,1.114,1.658,10.0
2377,0.552,-2.001,0.000,-56.274,1.114,1.658,10.0
2378,0.552,-2.001,0.000,-56.267,1.114,1.658,10.0
2379,0.552,-2.001,0.000,-56.260,1.115,1.658,10.0
2380,0.552,-2.001,0.000,-56.251,1.115,1.658,10.0
2381,0.552,-2.001,0.000,-56.242,1.115,1.658,10.0
2382,0.552,-2.001,0.000,-56.232,1.115,1.658,10.0
2383,0.552,-2.001,0.000,-56.220,1.116,1.657,10.0
2384,0.552,-2.001,0.000,-56.209,1.116,1.657,10.0
2385,0.552,-2.001,0.000,-56.196,1.116,1.657,10.0
2386,0.552,-2.001,0.000,-56.182,1.117,1.657,10.0
2387,0.552,-2.001,0.000,-56.168,1.117,1.656,10.0
2388,0.552,-2.001,0.000,-56.153,1.118,1.656,10.0
2389,0.552,-2.001,0.000,-56.137,1.118,1.656,10.0
2390,0.552,-2.001,0.000,-56.122,1.119,1.655,10.0
2391,0.552,-2.001,0.000,-56.108,1.119,1.655,10.0
2392,0.552,-2.001,0.000,-56.095,1.119,1.655,10.0
2393,0.552,-2.001,0.000,-56.083,1.120,1.655,10.0
2394,0.552,-2.001,0.000,-56.072,1.120,1.654,10.0
2395,0.552,-2.001,0.000,-56.063,1.120,1.654,10.0
2396,0.552,-2.001,0.000,-56.055,1.121,1.654,10.0
2397,0.552,-2.001,0.000,-56.048,1.121,1.654,10.0
2398,0.552,-2.001,0.000,-56.042,1.121,1.654,10.0
2399,0.552,-2.001,0.000,-56.037,1.121,1.654,10.0
2400,0.552,-2.001,0.000,-56.033,1.121,1.654,10.0
2401,0.552,-2.001,0.000,-56.030,1.121,1.654,10.0
2402,0.552,-2.001,0.000,-56.029,1.121,1.654,10.0
2403,0.552,-2.001,0.000,-56.028,1.121,1.654,10.0
2404,0.552,-2.001,0.000,-56.029,1.121,1.654,10.0
2405,0.552,-2.001,0.000,-56.030,1.121,1.654,10.0
2406,0.552,-2.001,0.000,-56.033,1.121,1.654,10.0
2407,0.552,-2.001,0.000,-56.036,1.121,1.654,10.0
2408,0.552,-2.001,0.000,-56.041,1.121,1.654,10.0
2409,0.552,-2.001,0.000,-56.046,1.121,1.654,10.0
2410,0.552,-2.001,0.000,-56.052,1.121,1.654,10.0
2411,0.552,-2.001,0.000,-56.060,1.120,1.654,10.0
2412,0.552,-2.001,0.000,-56.068,1.120,1.654,10.0
2413,0.552,-2.001,0.000,-56.077,1.120,1.655,10.0
2414,0.552,-2.001,0.000,-56.087,1.120,1.655,10.0
2415,0.552,-2.001,0.000,-56.097,1.119,1.655,10.0
2416,0.552,-2.001,0.000,-56.109,1.119,1.655,10.0
2417,0.552,-2.001,0.000,-56.122,1.119,1.655,10.0
2418,0.552,-2.001,0.000,-56.135,1.118,1.656,10.0
2419,0.552,-2.001,0.000,-56.149,1.118,1.656,10.0
2420,0.552,-2.001,0.000,-56.164,1.117,1.656,10.0
2421,0.552,-2.001,0.000,-56.179,1.117,1.657,10.0
2422,0.552,-2.001,0.000,-56.196,1.116,1.657,10.0
2423,0.552,-2.001,0.000,-56.212,1.116,1.657,10.0
2424,0.552,-2.001,0.000,-56.227,1.116,1.657,10.0
2425,0.552,-2.001,0.000,-56.241,1.115,1.658,10.0
2426,0.552,-2.001,0.000,-56.253,1.115,1.658,10.0
2427,0.552,-2.001,0.000,-56.264,1.114,1.658,10.0
2428,0.552,-2.001,0.000,-56.274,1.114,1.658,10.0
2429,0.552,-2.001,0.000,-56.283,1.114,1.659,10.0
2430,0.552,-2.001,0.000,-56.291,1.114,1.659,10.0
2431,0.552,-2.001,0.000,-56.298,1.113,1.659,10.0
2432,0.552,-2.001,0.000,-56.304,1.113,1.659,10.0
2433,0.552,-2.001,0.000,-56.308,1.113,1.659,10.0
2434,0.552,-2.001,0.000,-56.312,1.113,1.659,10.0
2435,0.552,-2.001,0.000,-56.314,1.113,1.659,10.0
2436,0.552,-2.001,0.000,-56.316,1.113,1.659,10.0
2437,0.552,-2.001,0.000,-56.316,1.113,1.659,10.0
2438,0.552,-2.001,0.000,-56.315,1.113,1.659,10.0
2439,0.552,-2.001,0.000,-56.314,1.113,1.659,10.0
2440,0.552,-2.001,0.000,-56.311,1.113,1.659,10.0
2441,0.552,-2.001,0.000,-56.308,1.113,1.659,10.0
2442,0.552,-2.001,0.000,-56.304,1.113,1.659,10.0
2443,0.552,-2.001,0.000,-56.298,1.113,1.659,10.0
2444,0.552,-2.001,0.000,-56.292,1.114,1.659,10.0
2445,0.552,-2.001,0.000,-56.285,1.114,1.659,10.0
2446,0.552,-2.001,0.000,-56.277,1.114,1.658,10.0
2447,0.552,-2.001,0.000,-56.268,1.114,1.658,10.0
2448,0.552,-2.001,0.000,-56.259,1.115,1.658,10.0
2449,0.552,-2.001,0.000,-56.248,1.115,1.658,10.0
2450,0.552,-2.001,0.000,-56.237,1.115,1.658,10.0
2451,0.552,-2.001,0.000,-56.225,1.116,1.657,10.0
2452,0.552,-2.001,0.000,-56.212,1.116,1.657,10.0
2453,0.552,-2.001,0.000,-56.198,1.116,1.657,10.0
2454,0.552,-2.001,0.000,-56.184,1.117,1.657,10.0
2455,0.552,-2.001,0.000,-56.168,1.117,1.656,10.0
2456,0.552,-2.001,0.000,-56.152,1.118,1.656,10.0
2457,0.552,-2.001,0.000,-56.136,1.118,1.656,10.0
2458,0.552,-2.001,0.000,-56.119,1.119,1.655,10.0
2459,0.552,-2.001,0.000,-56.104,1.119,1.655,10.0
2460,0.552,-2.001,0.000,-56.090,1.119,1.655,10.0
2461,0.552,-2.001,0.000,-56.078,1.120,1.655,10.0
2462,0.552,-2.001,0.000,-56.066,1.120,1.654,10.0
2463,0.552,-2.001,0.000,-56.056,1.120,1.654,10.0
2464,0.552,-2.001,0.000,-56.047,1.121,1.654,10.0
2465,0.552,-2.001,0.000,-56.039,1.121,1.654,10.0
2466,0.552,-2.001,0.000,-56.032,1.121,1.654,10.0
2467,0.552,-2.001,0.000,-56.026,1.121,1.654,10.0
2468,0.552,-2.001,0.000,-56.022,1.121,1.653,10.0
2469,0.552,-2.001,0.000,-56.018,1.122,1.653,10.0
2470,0.552,-2.001,0.000,-56.016,1.122,1.653,10.0
2471,0.552,-2.001,0.000,-56.015,1.122,1.653,10.0
2472,0.552,-2.001,0.000,-56.014,1.122,1.653,10.0
2473,0.552,-2.001,0.000,-56.015,1.122,1.653,10.0
2474,0.552,-2.001,0.000,-56.017,1.122,1.653,10.0
2475,0.552,-2.001,0.000,-56.020,1.122,1.653,10.0
2476,0.552,-2.001,0.000,-56.023,1.121,1.653,10.0
2477,0.552,-2.001,0.000,-56.028,1.121,1.654,10.0
2478,0.552,-2.001,0.000,-56.034,1.121,1.654,10.0
2479,0.552,-2.001,0.000,-56.040,1.121,1.654,10.0
2480,0.552,-2.001,0.000,-56.048,1.121,1.654,10.0
2481,0.552,-2.001,0.000,-56.056,1.120,1.654,10.0
2482,0.552,-2.001,0.000,-56.065,1.120,1.654,10.0
2483,0.552,-2.001,0.000,-56.076,1.120,1.654,10.0
2484,0.552,-2.001,0.000,-56.087,1.120,1.655,10.0
2485,0.552,-2.001,0.000,-56.098,1.119,1.655,10.0
2486,0.552,-2.001,0.000,-56.111,1.119,1.655,10.0
2487,0.552,-2.001,0.000,-56.125,1.118,1.655,10.0
2488,0.552,-2.001,0.000,-56.139,1.118,1.656,10.0
2489,0.552,-2.001,0.000,-56.154,1.118,1.656,10.0
2490,0.552,-2.001,0.000,-56.170,1.117,1.656,10.0
2491,0.552,-2.001,0.000,-56.187,1.117,1.657,10.0
2492,0.552,-2.001,0.000,-56.203,1.116,1.657,10.0
2493,0.552,-2.001,0.000,-56.218,1.116,1.657,10.0
2494,0.552,-2.001,0.000,-56.232,1.115,1.658,10.0
2495,0.552,-2.001,0.000,-56.245,1.115,1.658,10.0
2496,0.552,-2.001,0.000,-56.256,1.115,1.658,10.0
2497,0.552,-2.001,0.000,-56.266,1.114,1.658,10.0
2498,0.552,-2.001,0.000,-56.275,1.114,1.658,10.0
2499,0.552,-2.001,0.000,-56.284,1.114,1.659,10.0
2500,0.552,-2.001,0.000,-56.290,1.114,1.659,10.0
