1,-1.500,-0.300,0.000,0.000,0.000,-0.007,-1
2,-1.500,-0.300,0.000,0.000,0.000,-0.009,-1
3,-1.500,-0.300,0.000,0.000,0.000,-0.006,-1
4,-1.500,-0.300,0.000,0.000,0.000,-0.006,-1
5,-1.500,-0.300,0.000,0.000,0.000,-0.007,-1
6,-1.500,-0.300,0.000,0.000,0.000,-0.007,-1
7,-1.498,-0.300,0.000,0.005,-0.009,-0.006,7.0
8,-1.495,-0.300,0.000,0.019,-0.025,-0.006,7.0
9,-1.491,-0.300,0.000,0.042,-0.043,-0.006,7.0
10,-1.488,-0.300,0.000,0.075,-0.062,-0.006,7.0
11,-1.484,-0.300,0.000,0.117,-0.082,-0.006,7.0
12,-1.479,-0.300,0.000,0.165,-0.104,-0.006,7.0
13,-1.475,-0.300,0.000,0.216,-0.129,-0.006,7.0
14,-1.470,-0.300,0.000,0.269,-0.155,-0.006,7.0
15,-1.465,-0.300,0.000,0.325,-0.182,-0.005,7.0
16,-1.460,-0.300,0.000,0.383,-0.210,-0.005,7.0
17,-1.455,-0.300,0.000,0.444,-0.239,-0.003,7.0
18,-1.450,-0.300,0.000,0.506,-0.269,0.008,7.0
19,-1.445,-0.300,0.000,0.571,-0.300,0.014,7.0
20,-1.440,-0.300,0.000,0.638,-0.332,0.010,7.0
21,-1.436,-0.300,0.000,0.707,-0.366,0.009,7.0
22,-1.431,-0.300,0.000,0.780,-0.401,0.011,7.0
23,-1.426,-0.299,0.000,0.854,-0.438,0.014,7.0
24,-1.421,-0.299,0.000,0.932,-0.477,0.014,7.0
25,-1.416,-0.299,0.000,1.012,-0.518,0.015,7.0
26,-1.411,-0.299,0.000,1.095,-0.561,0.017,7.0
27,-1.406,-0.299,0.000,1.180,-0.607,0.019,7.0
28,-1.401,-0.299,0.000,1.269,-0.655,0.021,7.0
29,-1.397,-0.299,0.000,1.360,-0.707,0.023,7.0
30,-1.392,-0.299,0.000,1.453,-0.761,0.026,7.0
31,-1.387,-0.299,0.000,1.550,-0.818,0.028,7.0
32,-1.382,-0.298,0.000,1.650,-0.879,0.032,7.0
33,-1.377,-0.298,0.000,1.752,-0.944,0.035,7.0
34,-1.372,-0.298,0.000,1.858,-1.012,0.039,7.0
35,-1.367,-0.298,0.000,1.966,-1.085,0.044,7.0
36,-1.362,-0.298,0.000,2.077,-1.163,0.048,7.0
37,-1.358,-0.297,0.000,2.191,-1.245,0.054,7.0
38,-1.353,-0.297,0.000,2.308,-1.333,0.060,7.0
39,-1.348,-0.297,0.000,2.428,-1.426,0.067,7.0
40,-1.343,-0.297,0.000,2.551,-1.525,0.074,7.0
41,-1.338,-0.297,0.000,2.677,-1.630,0.083,7.0
42,-1.333,-0.296,0.000,2.806,-1.743,0.092,7.0
43,-1.328,-0.296,0.000,2.938,-1.862,0.102,7.0
44,-1.324,-0.296,0.000,3.072,-1.989,0.112,7.0
45,-1.322,-0.296,0.000,3.206,-1.990,0.112,7.0
46,-1.320,-0.295,0.000,3.341,-1.900,0.116,7.0
47,-1.316,-0.295,0.000,3.478,-1.830,0.120,7.0
48,-1.312,-0.295,0.000,3.619,-1.772,0.119,7.0
49,-1.307,-0.294,0.000,3.762,-1.723,0.119,7.0
50,-1.302,-0.294,0.000,3.908,-1.684,0.121,7.0
51,-1.298,-0.294,0.000,4.056,-1.652,0.124,7.0
52,-1.293,-0.293,0.000,4.206,-1.629,0.126,7.0
53,-1.288,-0.293,0.000,4.359,-1.614,0.129,7.0
54,-1.283,-0.293,0.000,4.514,-1.606,0.133,7.0
55,-1.278,-0.292,0.000,4.672,-1.606,0.138,7.0
56,-1.273,-0.292,0.000,4.831,-1.615,0.123,7.0
57,-1.269,-0.291,0.000,4.991,-1.629,0.142,7.0
58,-1.264,-0.291,0.000,5.153,-1.652,0.145,7.0
59,-1.259,-0.291,0.000,5.316,-1.682,0.148,7.0
60,-1.254,-0.290,0.000,5.481,-1.720,0.158,7.0
61,-1.249,-0.290,0.000,5.648,-1.766,0.169,7.0
62,-1.244,-0.289,0.000,5.817,-1.819,0.179,7.0
63,-1.240,-0.289,0.000,5.988,-1.881,0.191,7.0
64,-1.235,-0.288,0.000,6.160,-1.952,0.204,7.0
65,-1.231,-0.288,0.000,6.335,-1.998,0.228,7.0
66,-1.228,-0.287,0.000,6.514,-1.952,0.211,7.0
67,-1.225,-0.286,0.000,6.694,-1.897,0.213,7.0
68,-1.220,-0.286,0.000,6.875,-1.857,0.219,7.0
69,-1.216,-0.285,0.000,7.057,-1.827,0.221,7.0
70,-1.211,-0.285,0.000,7.240,-1.807,0.223,7.0
71,-1.206,-0.284,0.000,7.425,-1.795,0.227,7.0
72,-1.201,-0.283,0.000,7.610,-1.793,0.233,7.0
73,-1.196,-0.283,0.000,7.798,-1.799,0.240,7.0
74,-1.191,-0.282,0.000,7.986,-1.813,0.248,7.0
75,-1.186,-0.281,0.000,8.176,-1.837,0.257,7.0
76,-1.181,-0.281,0.000,8.367,-1.868,0.268,7.0
77,-1.176,-0.280,0.000,8.559,-1.908,0.281,7.0
78,-1.171,-0.279,0.000,8.752,-1.956,0.295,7.0
79,-1.167,-0.278,0.000,8.949,-1.978,0.312,7.0
80,-1.164,-0.277,0.000,9.151,-1.945,0.307,7.0
81,-1.159,-0.277,0.000,9.355,-1.912,0.307,7.0
82,-1.155,-0.276,0.000,9.560,-1.891,0.312,7.0
83,-1.150,-0.275,0.000,9.766,-1.879,0.318,7.0
84,-1.145,-0.274,0.000,9.971,-1.877,0.324,7.0
85,-1.140,-0.273,0.000,10.178,-1.884,0.331,7.0
86,-1.135,-0.272,0.000,10.384,-1.899,0.341,7.0
87,-1.130,-0.271,0.000,10.591,-1.923,0.353,7.0
88,-1.125,-0.270,0.000,10.798,-1.956,0.366,7.0
89,-1.121,-0.269,0.000,11.006,-1.966,0.385,7.0
90,-1.117,-0.268,0.000,11.213,-1.944,0.381,7.0
91,-1.112,-0.267,0.000,11.420,-1.935,0.380,7.0
92,-1.108,-0.266,0.000,11.627,-1.935,0.390,7.0
93,-1.103,-0.265,0.000,11.833,-1.944,0.402,7.0
94,-1.098,-0.264,0.000,12.039,-1.959,0.415,7.0
95,-1.094,-0.263,0.000,12.246,-1.952,0.413,7.0
96,-1.089,-0.262,0.000,12.454,-1.926,0.437,7.0
97,-1.085,-0.261,0.000,12.660,-1.895,0.430,7.0
98,-1.080,-0.260,0.000,12.866,-1.873,0.432,7.0
99,-1.075,-0.259,0.000,13.071,-1.860,0.439,7.0
100,-1.070,-0.258,0.000,13.275,-1.857,0.445,7.0
101,-1.065,-0.257,0.000,13.477,-1.863,0.453,7.0
102,-1.061,-0.255,0.000,13.678,-1.877,0.463,7.0
103,-1.056,-0.254,0.000,13.878,-1.900,0.476,7.0
104,-1.051,-0.253,0.000,14.076,-1.927,0.483,7.0
105,-1.047,-0.252,0.000,14.269,-1.905,0.497,7.0
106,-1.043,-0.250,0.000,14.461,-1.894,0.496,7.0
107,-1.038,-0.249,0.000,14.651,-1.892,0.499,7.0
108,-1.033,-0.248,0.000,14.839,-1.903,0.496,7.0
109,-1.028,-0.247,0.000,15.026,-1.919,0.504,7.0
110,-1.023,-0.245,0.000,15.211,-1.935,0.526,7.0
111,-1.019,-0.244,0.000,15.397,-1.922,0.519,7.0
112,-1.015,-0.243,0.000,15.582,-1.913,0.527,7.0
113,-1.010,-0.241,0.000,15.764,-1.914,0.535,7.0
114,-1.005,-0.240,0.000,15.945,-1.925,0.544,-1
115,-1.001,-0.238,0.000,16.124,-1.921,0.548,-1
116,-0.998,-0.238,0.000,16.313,-1.905,0.553,-1
117,-0.997,-0.238,0.000,16.520,-1.893,0.555,-1
118,-0.996,-0.238,0.000,16.743,-1.888,0.560,-1
119,-0.995,-0.237,0.000,16.984,-1.891,0.571,-1
120,-0.994,-0.237,0.000,17.242,-1.902,0.584,-1
121,-0.994,-0.238,0.000,17.493,-1.909,0.599,-1
122,-0.996,-0.239,0.000,17.714,-1.903,0.599,-1
123,-0.998,-0.239,0.000,17.905,-1.896,0.606,-1
124,-1.001,-0.240,0.000,18.069,-1.899,0.614,-1
125,-1.003,-0.241,0.000,18.204,-1.901,0.623,-1
126,-1.005,-0.242,0.000,18.309,-1.896,0.619,-1
127,-1.008,-0.243,0.000,18.386,-1.894,0.622,-1
128,-1.010,-0.243,0.000,18.436,-1.899,0.629,-1
129,-1.012,-0.244,0.000,18.456,-1.896,0.625,-1
130,-1.014,-0.245,0.000,18.448,-1.893,0.626,-1
131,-1.016,-0.246,0.000,18.413,-1.898,0.626,-1
132,-1.018,-0.246,0.000,18.352,-1.896,0.637,-1
133,-1.020,-0.247,0.000,18.266,-1.890,0.628,-1
134,-1.022,-0.248,0.000,18.154,-1.890,0.625,-1
135,-1.025,-0.249,0.000,18.017,-1.898,0.620,-1
136,-1.027,-0.249,0.000,17.863,-1.903,0.614,-1
137,-1.030,-0.251,0.000,17.694,-1.902,0.598,-1
138,-1.032,-0.251,0.000,17.500,-1.908,0.593,-1
139,-1.034,-0.252,0.000,17.280,-1.910,0.589,-1
140,-1.036,-0.253,0.000,17.034,-1.909,0.579,-1
141,-1.039,-0.253,0.000,16.762,-1.915,0.570,-1
142,-1.041,-0.254,0.000,16.465,-1.918,0.561,-1
143,-1.043,-0.255,0.000,16.143,-1.918,0.549,-1
144,-1.045,-0.255,0.000,15.797,-1.925,0.539,-1
145,-1.047,-0.256,0.000,15.425,-1.927,0.525,-1
146,-1.049,-0.257,0.000,15.030,-1.929,0.512,-1
147,-1.051,-0.257,0.000,14.611,-1.936,0.500,-1
148,-1.053,-0.258,0.000,14.168,-1.938,0.482,-1
149,-1.056,-0.258,0.000,13.702,-1.942,0.467,-1
150,-1.058,-0.259,0.000,13.212,-1.947,0.452,-1
151,-1.060,-0.259,0.000,12.700,-1.949,0.433,-1
152,-1.062,-0.260,0.000,12.166,-1.955,0.417,-1
153,-1.064,-0.261,0.000,11.610,-1.950,0.394,-1
154,-1.066,-0.261,0.000,11.033,-1.930,0.370,-1
155,-1.069,-0.262,0.000,10.435,-1.918,0.347,-1
156,-1.071,-0.262,0.000,9.817,-1.914,0.325,-1
157,-1.074,-0.262,0.000,9.178,-1.919,0.304,-1
158,-1.074,-0.262,0.000,8.551,-1.944,0.294,20.0
159,-1.071,-0.261,0.000,7.945,-1.968,0.266,20.0
160,-1.070,-0.261,0.000,7.352,-1.926,0.264,20.0
161,-1.066,-0.259,0.000,6.777,-1.912,0.231,20.0
162,-1.063,-0.260,0.000,6.218,-1.901,0.210,20.0
163,-1.059,-0.258,0.000,5.676,-1.903,0.202,20.0
164,-1.054,-0.258,0.000,5.151,-1.916,0.171,20.0
165,-1.050,-0.257,0.000,4.643,-1.934,0.170,20.0
166,-1.046,-0.257,0.000,4.152,-1.963,0.146,20.0
167,-1.042,-0.257,0.000,3.676,-1.978,0.124,20.0
168,-1.040,-0.257,0.000,3.212,-1.950,0.122,20.0
169,-1.036,-0.256,0.000,2.765,-1.943,0.092,20.0
170,-1.033,-0.256,0.000,2.333,-1.937,0.096,20.0
171,-1.028,-0.256,0.000,1.916,-1.950,0.061,20.0
172,-1.024,-0.255,0.000,1.516,-1.965,0.061,20.0
173,-1.021,-0.255,0.000,1.132,-1.983,0.045,20.0
174,-1.019,-0.255,0.000,0.762,-1.967,0.038,20.0
175,-1.016,-0.255,0.000,0.414,-1.965,0.020,20.0
176,-1.012,-0.255,0.000,0.089,-1.972,0.007,20.0
177,-1.009,-0.255,0.000,-0.214,-1.981,-0.006,20.0
178,-1.006,-0.255,0.000,-0.497,-1.974,-0.008,20.0
179,-1.005,-0.255,0.000,-0.768,-1.972,-0.018,-1
180,-1.004,-0.255,0.000,-1.036,-1.973,-0.030,-1
181,-1.004,-0.255,0.000,-1.302,-1.979,-0.041,-1
182,-1.004,-0.255,0.000,-1.563,-1.976,-0.046,-1
183,-1.004,-0.255,0.000,-1.821,-1.975,-0.056,-1
184,-1.004,-0.255,0.000,-2.068,-1.978,-0.068,-1
185,-1.004,-0.255,0.000,-2.295,-1.975,-0.072,-1
186,-1.004,-0.255,0.000,-2.502,-1.977,-0.081,-1
187,-1.003,-0.255,0.000,-2.687,-1.975,-0.086,-1
188,-1.003,-0.256,0.000,-2.854,-1.976,-0.106,-1
189,-1.003,-0.256,0.000,-3.010,-1.988,-0.104,-1
190,-1.002,-0.255,0.000,-3.155,-1.998,-0.111,-1
191,-1.004,-0.255,0.000,-3.297,-1.983,-0.124,-1
192,-1.006,-0.255,0.000,-3.452,-1.972,-0.128,-1
193,-1.010,-0.255,0.000,-3.624,-1.966,-0.129,-1
194,-1.011,-0.255,0.000,-3.788,-1.981,-0.137,20.0
195,-1.009,-0.255,0.000,-3.921,-2.004,-0.134,20.0
196,-1.008,-0.256,0.000,-4.039,-1.931,-0.130,20.0
197,-1.006,-0.256,0.000,-4.130,-1.860,-0.129,20.0
198,-1.004,-0.256,0.000,-4.187,-1.801,-0.125,20.0
199,-1.001,-0.257,0.000,-4.209,-1.753,-0.134,20.0
200,-0.998,-0.257,0.000,-4.211,-1.714,-0.128,20.0
201,-0.994,-0.257,0.000,-4.189,-1.685,-0.130,20.0
202,-0.991,-0.257,0.000,-4.135,-1.665,-0.127,20.0
203,-0.988,-0.257,0.000,-4.047,-1.653,-0.123,20.0
204,-0.984,-0.257,0.000,-3.925,-1.650,-0.119,20.0
205,-0.980,-0.257,0.000,-3.771,-1.655,-0.114,20.0
206,-0.977,-0.258,0.000,-3.596,-1.668,-0.104,20.0
207,-0.973,-0.257,0.000,-3.410,-1.687,-0.105,20.0
208,-0.969,-0.258,0.000,-3.211,-1.715,-0.108,20.0
209,-0.967,-0.258,0.000,-2.997,-1.745,-0.075,20.0
210,-0.963,-0.258,0.000,-2.773,-1.790,-0.110,20.0
211,-0.960,-0.258,0.000,-2.539,-1.836,-0.080,20.0
212,-0.957,-0.258,0.000,-2.292,-1.893,-0.079,20.0
213,-0.953,-0.258,0.000,-2.030,-1.961,-0.078,20.0
214,-0.950,-0.258,0.000,-1.748,-2.019,-0.053,20.0
215,-0.949,-0.258,0.000,-1.463,-1.967,-0.070,20.0
216,-0.948,-0.258,0.000,-1.171,-1.915,-0.039,20.0
217,-0.945,-0.258,0.000,-0.866,-1.880,-0.031,20.0
218,-0.941,-0.258,0.000,-0.547,-1.857,-0.026,20.0
219,-0.938,-0.258,0.000,-0.211,-1.843,-0.015,20.0
220,-0.935,-0.258,0.000,0.143,-1.838,-0.001,20.0
221,-0.931,-0.258,0.000,0.514,-1.842,0.011,20.0
222,-0.928,-0.258,0.000,0.903,-1.854,0.023,20.0
223,-0.924,-0.258,0.000,1.311,-1.876,0.036,20.0
224,-0.920,-0.258,0.000,1.738,-1.909,0.052,20.0
225,-0.915,-0.258,0.000,2.185,-1.952,0.068,20.0
226,-0.910,-0.258,0.000,2.653,-2.004,0.088,20.0
227,-0.907,-0.258,0.000,3.134,-1.991,0.097,20.0
228,-0.904,-0.258,0.000,3.621,-1.949,0.127,20.0
229,-0.900,-0.257,0.000,4.116,-1.927,0.122,20.0
230,-0.897,-0.257,0.000,4.613,-1.902,0.147,-1
231,-0.897,-0.257,0.000,5.105,-1.879,0.166,-1
232,-0.896,-0.257,0.000,5.592,-1.862,0.176,-1
233,-0.896,-0.257,0.000,6.074,-1.854,0.189,-1
234,-0.897,-0.258,0.000,6.539,-1.847,0.205,-1
235,-0.900,-0.258,0.000,6.974,-1.843,0.220,-1
236,-0.902,-0.258,0.000,7.380,-1.847,0.233,-1
237,-0.905,-0.258,0.000,7.759,-1.858,0.256,-1
238,-0.903,-0.257,0.000,8.138,-1.899,0.270,20.0
239,-0.901,-0.256,0.000,8.527,-1.950,0.308,20.0
240,-0.898,-0.256,0.000,8.924,-1.951,0.289,20.0
241,-0.897,-0.255,0.000,9.324,-1.887,0.341,20.0
242,-0.892,-0.253,0.000,9.733,-1.865,0.301,20.0
243,-0.889,-0.253,0.000,10.149,-1.826,0.356,20.0
244,-0.883,-0.251,0.000,10.573,-1.826,0.329,20.0
245,-0.879,-0.251,0.000,11.004,-1.809,0.372,20.0
246,-0.874,-0.249,0.000,11.443,-1.822,0.366,20.0
247,-0.869,-0.249,0.000,11.887,-1.842,0.349,20.0
248,-0.865,-0.248,0.000,12.337,-1.841,0.435,20.0
249,-0.859,-0.246,0.000,12.794,-1.891,0.402,20.0
250,-0.855,-0.246,0.000,13.258,-1.921,0.428,20.0
251,-0.851,-0.244,0.000,13.727,-1.942,0.507,20.0
252,-0.847,-0.243,0.000,14.199,-1.933,0.442,20.0
253,-0.845,-0.244,0.000,14.673,-1.884,0.489,20.0
254,-0.841,-0.241,0.000,15.154,-1.859,0.537,20.0
255,-0.834,-0.239,0.000,15.641,-1.884,0.478,20.0
256,-0.831,-0.239,0.000,16.133,-1.866,0.535,20.0
257,-0.826,-0.236,0.000,16.632,-1.869,0.596,20.0
258,-0.820,-0.235,0.000,17.137,-1.901,0.560,20.0
259,-0.817,-0.234,0.000,17.648,-1.845,0.620,20.0
260,-0.811,-0.231,0.000,18.167,-1.845,0.597,20.0
261,-0.807,-0.230,0.000,18.692,-1.826,0.618,20.0
262,-0.802,-0.227,0.000,19.223,-1.817,0.665,20.0
263,-0.795,-0.225,0.000,19.758,-1.859,0.616,20.0
264,-0.791,-0.225,0.000,20.298,-1.848,0.685,20.0
265,-0.786,-0.221,0.000,20.844,-1.859,0.742,20.0
266,-0.781,-0.219,0.000,21.393,-1.839,0.677,20.0
267,-0.779,-0.218,0.000,21.946,-1.722,0.711,20.0
268,-0.776,-0.217,0.000,22.498,-1.646,0.671,-1
269,-0.775,-0.217,0.000,23.043,-1.565,0.649,-1
270,-0.774,-0.217,0.000,23.585,-1.478,0.653,-1
271,-0.774,-0.217,0.000,24.122,-1.415,0.620,-1
272,-0.774,-0.217,0.000,24.651,-1.347,0.608,-1
273,-0.775,-0.217,0.000,25.170,-1.281,0.601,-1
274,-0.775,-0.218,0.000,25.673,-1.228,0.584,-1
275,-0.776,-0.218,0.000,26.159,-1.182,0.571,-1
276,-0.777,-0.218,0.000,26.628,-1.139,0.563,-1
277,-0.777,-0.219,0.000,27.081,-1.102,0.557,-1
278,-0.778,-0.219,0.000,27.517,-1.072,0.552,-1
279,-0.778,-0.219,0.000,27.936,-1.047,0.548,-1
280,-0.779,-0.219,0.000,28.338,-1.028,0.547,-1
281,-0.779,-0.220,0.000,28.724,-1.013,0.548,-1
282,-0.780,-0.220,0.000,29.094,-1.004,0.551,-1
283,-0.780,-0.220,0.000,29.447,-0.999,0.557,-1
284,-0.780,-0.220,0.000,29.784,-0.999,0.565,-1
285,-0.781,-0.220,0.000,30.105,-1.004,0.575,-1
286,-0.781,-0.221,0.000,30.400,-1.013,0.587,-1
287,-0.782,-0.221,0.000,30.663,-1.027,0.601,-1
288,-0.783,-0.221,0.000,30.893,-1.045,0.618,-1
289,-0.783,-0.222,0.000,31.091,-1.068,0.637,-1
290,-0.784,-0.222,0.000,31.256,-1.096,0.658,-1
291,-0.781,-0.219,0.000,31.416,-1.148,0.693,20.0
292,-0.776,-0.216,0.000,31.595,-1.214,0.739,20.0
293,-0.770,-0.212,0.000,31.791,-1.286,0.790,20.0
294,-0.765,-0.209,0.000,32.007,-1.363,0.845,20.0
295,-0.759,-0.206,0.000,32.240,-1.446,0.904,20.0
296,-0.754,-0.202,0.000,32.491,-1.534,0.969,20.0
297,-0.748,-0.199,0.000,32.760,-1.627,1.040,20.0
298,-0.743,-0.195,0.000,33.045,-1.700,1.117,20.0
299,-0.743,-0.195,0.000,33.326,-1.644,1.080,20.0
300,-0.739,-0.192,0.000,33.616,-1.559,1.039,20.0
301,-0.734,-0.188,0.000,33.923,-1.488,1.011,20.0
302,-0.729,-0.184,0.000,34.246,-1.429,0.983,20.0
303,-0.724,-0.181,0.000,34.585,-1.380,0.958,20.0
304,-0.718,-0.177,0.000,34.940,-1.335,0.940,20.0
305,-0.713,-0.173,0.000,35.309,-1.297,0.927,20.0
306,-0.707,-0.169,0.000,35.693,-1.266,0.918,20.0
307,-0.702,-0.165,0.000,36.090,-1.242,0.913,20.0
308,-0.696,-0.161,0.000,36.501,-1.224,0.913,20.0
309,-0.691,-0.157,0.000,36.925,-1.211,0.918,20.0
310,-0.686,-0.153,0.000,37.362,-1.204,0.927,20.0
311,-0.680,-0.149,0.000,37.810,-1.203,0.941,20.0
312,-0.675,-0.145,0.000,38.270,-1.207,0.960,20.0
313,-0.670,-0.141,0.000,38.742,-1.216,0.984,20.0
314,-0.664,-0.136,0.000,39.223,-1.237,1.006,20.0
315,-0.659,-0.132,0.000,39.712,-1.254,1.041,20.0
316,-0.654,-0.128,0.000,40.208,-1.284,1.074,20.0
317,-0.649,-0.123,0.000,40.713,-1.314,1.119,20.0
318,-0.643,-0.119,0.000,41.227,-1.347,1.173,20.0
319,-0.638,-0.114,0.000,41.751,-1.387,1.230,20.0
320,-0.633,-0.110,0.000,42.283,-1.433,1.294,20.0
321,-0.628,-0.105,0.000,42.823,-1.479,1.365,20.0
322,-0.625,-0.102,0.000,43.364,-1.450,1.356,20.0
323,-0.622,-0.099,0.000,43.903,-1.392,1.340,20.0
324,-0.617,-0.094,0.000,44.444,-1.366,1.319,20.0
325,-0.612,-0.089,0.000,44.988,-1.329,1.320,20.0
326,-0.607,-0.084,0.000,45.537,-1.304,1.324,20.0
327,-0.602,-0.079,0.000,46.092,-1.290,1.330,20.0
328,-0.597,-0.074,0.000,46.652,-1.280,1.344,20.0
329,-0.592,-0.069,0.000,47.217,-1.274,1.367,20.0
330,-0.587,-0.064,0.000,47.785,-1.274,1.395,20.0
331,-0.583,-0.058,0.000,48.358,-1.280,1.429,20.0
332,-0.578,-0.053,0.000,48.934,-1.291,1.471,20.0
333,-0.573,-0.048,0.000,49.513,-1.305,1.520,20.0
334,-0.569,-0.043,0.000,50.094,-1.287,1.523,20.0
335,-0.565,-0.038,0.000,50.674,-1.246,1.521,20.0
336,-0.561,-0.033,0.000,51.254,-1.225,1.518,20.0
337,-0.556,-0.027,0.000,51.836,-1.209,1.524,20.0
338,-0.552,-0.022,0.000,52.419,-1.195,1.541,20.0
339,-0.547,-0.016,0.000,53.002,-1.186,1.564,20.0
340,-0.543,-0.010,0.000,53.587,-1.184,1.594,20.0
341,-0.539,-0.004,0.000,54.171,-1.173,1.627,20.0
342,-0.535,0.001,0.000,54.756,-1.156,1.620,20.0
343,-0.531,0.007,0.000,55.339,-1.136,1.626,20.0
344,-0.527,0.013,0.000,55.922,-1.118,1.642,20.0
345,-0.523,0.018,0.000,56.504,-1.107,1.664,20.0
346,-0.519,0.024,0.000,57.085,-1.090,1.675,20.0
347,-0.515,0.030,0.000,57.667,-1.070,1.681,20.0
348,-0.511,0.036,0.000,58.246,-1.057,1.695,20.0
349,-0.508,0.041,0.000,58.825,-1.039,1.707,20.0
350,-0.504,0.047,0.000,59.403,-1.021,1.715,20.0
351,-0.501,0.053,0.000,59.979,-1.004,1.729,20.0
352,-0.497,0.059,0.000,60.553,-0.988,1.736,20.0
353,-0.494,0.065,0.000,61.125,-0.970,1.747,20.0
354,-0.491,0.071,0.000,61.696,-0.953,1.756,20.0
355,-0.488,0.076,0.000,62.263,-0.935,1.766,20.0
356,-0.484,0.082,0.000,62.829,-0.918,1.774,20.0
357,-0.481,0.088,0.000,63.392,-0.900,1.784,20.0
358,-0.478,0.094,0.000,63.952,-0.883,1.792,20.0
359,-0.476,0.100,0.000,64.509,-0.865,1.801,20.0
360,-0.473,0.106,0.000,65.064,-0.848,1.809,20.0
361,-0.470,0.111,0.000,65.616,-0.830,1.817,20.0
362,-0.467,0.117,0.000,66.164,-0.813,1.825,20.0
363,-0.465,0.123,0.000,66.709,-0.795,1.833,20.0
364,-0.462,0.129,0.000,67.251,-0.778,1.840,20.0
365,-0.460,0.135,0.000,67.790,-0.761,1.847,20.0
366,-0.457,0.141,0.000,68.324,-0.743,1.854,20.0
367,-0.455,0.146,0.000,68.855,-0.726,1.861,20.0
368,-0.453,0.152,0.000,69.381,-0.709,1.868,20.0
369,-0.450,0.158,0.000,69.904,-0.692,1.874,20.0
370,-0.448,0.164,0.000,70.422,-0.675,1.880,20.0
371,-0.446,0.170,0.000,70.936,-0.658,1.886,20.0
372,-0.444,0.175,0.000,71.445,-0.641,1.892,20.0
373,-0.442,0.181,0.000,71.950,-0.625,1.898,20.0
374,-0.440,0.187,0.000,72.450,-0.608,1.903,20.0
375,-0.438,0.193,0.000,72.945,-0.591,1.908,20.0
376,-0.437,0.198,0.000,73.436,-0.575,1.913,20.0
377,-0.435,0.204,0.000,73.922,-0.559,1.918,20.0
378,-0.433,0.210,0.000,74.403,-0.543,1.923,20.0
379,-0.431,0.215,0.000,74.879,-0.527,1.927,20.0
380,-0.430,0.221,0.000,75.350,-0.511,1.931,20.0
381,-0.428,0.227,0.000,75.816,-0.495,1.936,20.0
382,-0.427,0.233,0.000,76.276,-0.480,1.939,20.0
383,-0.425,0.238,0.000,76.730,-0.464,1.943,20.0
384,-0.424,0.244,0.000,77.179,-0.449,1.947,20.0
385,-0.423,0.250,0.000,77.622,-0.434,1.950,20.0
386,-0.421,0.255,0.000,78.059,-0.419,1.953,20.0
387,-0.420,0.261,0.000,78.491,-0.404,1.956,20.0
388,-0.419,0.267,0.000,78.917,-0.390,1.959,20.0
389,-0.418,0.272,0.000,79.338,-0.375,1.962,20.0
390,-0.417,0.278,0.000,79.752,-0.361,1.965,20.0
391,-0.416,0.283,0.000,80.161,-0.347,1.967,20.0
392,-0.415,0.289,0.000,80.564,-0.333,1.970,20.0
393,-0.414,0.294,0.000,80.961,-0.319,1.972,20.0
394,-0.413,0.300,0.000,81.352,-0.306,1.974,20.0
395,-0.412,0.306,0.000,81.737,-0.293,1.976,20.0
396,-0.411,0.311,0.000,82.115,-0.280,1.978,20.0
397,-0.410,0.317,0.000,82.487,-0.267,1.980,20.0
398,-0.410,0.322,0.000,82.853,-0.254,1.982,20.0
399,-0.409,0.328,0.000,83.213,-0.242,1.983,20.0
400,-0.408,0.333,0.000,83.567,-0.229,1.985,20.0
401,-0.408,0.339,0.000,83.914,-0.217,1.986,20.0
402,-0.407,0.344,0.000,84.256,-0.206,1.987,20.0
403,-0.407,0.350,0.000,84.592,-0.194,1.988,20.0
404,-0.406,0.355,0.000,84.921,-0.182,1.989,20.0
405,-0.405,0.360,0.000,85.245,-0.171,1.990,20.0
406,-0.405,0.366,0.000,85.563,-0.160,1.991,20.0
407,-0.405,0.371,0.000,85.875,-0.146,1.989,20.0
408,-0.404,0.376,0.000,86.183,-0.125,1.937,20.0
409,-0.404,0.381,0.000,86.484,-0.108,1.897,20.0
410,-0.404,0.386,0.000,86.779,-0.098,1.866,20.0
411,-0.403,0.392,0.000,87.067,-0.089,1.845,20.0
412,-0.403,0.398,0.000,87.349,-0.079,1.832,20.0
413,-0.403,0.403,0.000,87.624,-0.069,1.829,20.0
414,-0.403,0.409,0.000,87.893,-0.061,1.833,20.0
415,-0.402,0.414,0.000,88.156,-0.053,1.847,20.0
416,-0.402,0.420,0.000,88.414,-0.046,1.869,20.0
417,-0.402,0.426,0.000,88.666,-0.038,1.899,20.0
418,-0.402,0.431,0.000,88.913,-0.030,1.938,20.0
419,-0.402,0.437,0.000,89.155,-0.024,1.985,20.0
420,-0.402,0.441,0.000,89.391,-0.009,1.971,20.0
421,-0.402,0.445,0.000,89.624,-0.013,1.944,20.0
422,-0.402,0.450,0.000,89.853,-0.000,1.931,20.0
423,-0.402,0.456,0.000,90.078,0.011,1.928,20.0
424,-0.402,0.461,0.000,90.298,0.017,1.934,20.0
425,-0.402,0.467,0.000,90.513,0.023,1.950,20.0
426,-0.402,0.472,0.000,90.724,0.031,1.974,20.0
427,-0.402,0.477,0.000,90.929,0.034,1.980,20.0
428,-0.402,0.482,0.000,91.128,0.042,1.965,20.0
429,-0.402,0.488,0.000,91.321,0.054,1.961,20.0
430,-0.402,0.493,0.000,91.510,0.060,1.967,20.0
431,-0.402,0.498,0.000,91.694,0.062,1.981,20.0
432,-0.403,0.503,0.000,91.871,0.073,1.974,20.0
433,-0.403,0.509,0.000,92.042,0.076,1.971,20.0
434,-0.403,0.514,0.000,92.208,0.080,1.978,20.0
435,-0.403,0.519,0.000,92.367,0.089,1.974,20.0
436,-0.403,0.524,0.000,92.520,0.093,1.975,20.0
437,-0.404,0.530,0.000,92.667,0.097,1.975,20.0
438,-0.404,0.535,0.000,92.807,0.103,1.974,20.0
439,-0.404,0.540,0.000,92.942,0.107,1.975,20.0
440,-0.404,0.545,0.000,93.072,0.112,1.974,20.0
441,-0.405,0.550,0.000,93.196,0.116,1.974,20.0
442,-0.405,0.555,0.000,93.315,0.120,1.973,20.0
443,-0.405,0.561,0.000,93.429,0.124,1.974,20.0
444,-0.406,0.566,0.000,93.538,0.128,1.973,20.0
445,-0.406,0.571,0.000,93.643,0.131,1.973,20.0
446,-0.406,0.576,0.000,93.744,0.135,1.973,20.0
447,-0.407,0.581,0.000,93.841,0.138,1.973,20.0
448,-0.407,0.586,0.000,93.934,0.142,1.972,20.0
449,-0.407,0.591,0.000,94.023,0.145,1.972,20.0
450,-0.408,0.596,0.000,94.109,0.148,1.972,20.0
451,-0.408,0.601,0.000,94.190,0.150,1.972,20.0
452,-0.408,0.607,0.000,94.268,0.153,1.972,20.0
453,-0.409,0.612,0.000,94.342,0.156,1.971,20.0
454,-0.409,0.617,0.000,94.413,0.158,1.971,20.0
455,-0.410,0.622,0.000,94.479,0.160,1.971,20.0
456,-0.410,0.627,0.000,94.542,0.162,1.971,20.0
457,-0.410,0.632,0.000,94.602,0.165,1.971,20.0
458,-0.411,0.637,0.000,94.657,0.166,1.970,20.0
459,-0.411,0.642,0.000,94.709,0.168,1.970,20.0
460,-0.412,0.647,0.000,94.758,0.170,1.970,20.0
461,-0.412,0.652,0.000,94.804,0.171,1.970,20.0
462,-0.413,0.657,0.000,94.847,0.173,1.970,20.0
463,-0.413,0.662,0.000,94.887,0.174,1.970,20.0
464,-0.413,0.667,0.000,94.924,0.176,1.970,20.0
465,-0.414,0.672,0.000,94.959,0.177,1.970,20.0
466,-0.414,0.677,0.000,94.990,0.178,1.969,20.0
467,-0.415,0.682,0.000,95.019,0.179,1.969,20.0
468,-0.415,0.687,0.000,95.045,0.180,1.969,20.0
469,-0.416,0.692,0.000,95.069,0.181,1.969,20.0
470,-0.416,0.697,0.000,95.089,0.181,1.969,20.0
471,-0.417,0.702,0.000,95.107,0.182,1.969,20.0
472,-0.417,0.707,0.000,95.122,0.182,1.969,20.0
473,-0.418,0.712,0.000,95.135,0.183,1.969,20.0
474,-0.418,0.717,0.000,95.145,0.183,1.969,20.0
475,-0.419,0.722,0.000,95.154,0.184,1.969,20.0
476,-0.419,0.727,0.000,95.160,0.184,1.969,20.0
477,-0.420,0.732,0.000,95.165,0.184,1.969,20.0
478,-0.420,0.737,0.000,95.169,0.171,1.976,20.0
479,-0.420,0.743,0.000,95.172,0.169,1.991,20.0
480,-0.421,0.747,0.000,95.177,0.175,1.991,20.0
481,-0.421,0.752,0.000,95.181,0.177,1.984,20.0
482,-0.422,0.757,0.000,95.186,0.174,1.989,20.0
483,-0.422,0.761,0.000,95.191,0.177,1.991,20.0
484,-0.423,0.766,0.000,95.196,0.175,1.988,20.0
485,-0.423,0.771,0.000,95.202,0.177,1.991,20.0
486,-0.424,0.776,0.000,95.208,0.174,1.989,20.0
487,-0.424,0.781,0.000,95.214,0.177,1.991,20.0
488,-0.425,0.786,0.000,95.220,0.176,1.990,20.0
489,-0.425,0.790,0.000,95.227,0.177,1.990,20.0
490,-0.426,0.795,0.000,95.234,0.177,1.990,20.0
491,-0.426,0.800,0.000,95.241,0.177,1.990,20.0
492,-0.427,0.805,0.000,95.250,0.177,1.990,20.0
493,-0.427,0.810,0.000,95.259,0.178,1.990,20.0
494,-0.428,0.815,0.000,95.270,0.178,1.990,20.0
495,-0.428,0.819,0.000,95.282,0.178,1.990,20.0
496,-0.428,0.824,0.000,95.295,0.179,1.990,20.0
497,-0.429,0.829,0.000,95.309,0.179,1.990,20.0
498,-0.429,0.834,0.000,95.325,0.180,1.990,20.0
499,-0.430,0.838,0.000,95.342,0.180,1.990,20.0
500,-0.430,0.843,0.000,95.360,0.181,1.990,20.0
501,-0.431,0.848,0.000,95.379,0.182,1.989,20.0
502,-0.431,0.853,0.000,95.399,0.183,1.989,20.0
503,-0.432,0.858,0.000,95.420,0.183,1.989,20.0
504,-0.432,0.862,0.000,95.442,0.184,1.989,20.0
505,-0.433,0.867,0.000,95.465,0.185,1.989,20.0
506,-0.433,0.872,0.000,95.490,0.186,1.989,20.0
507,-0.434,0.877,0.000,95.515,0.187,1.989,20.0
508,-0.434,0.882,0.000,95.543,0.187,1.989,20.0
509,-0.435,0.886,0.000,95.572,0.188,1.989,20.0
510,-0.435,0.891,0.000,95.602,0.190,1.989,20.0
511,-0.436,0.896,0.000,95.635,0.191,1.989,20.0
512,-0.436,0.901,0.000,95.670,0.192,1.989,20.0
513,-0.437,0.905,0.000,95.706,0.193,1.988,20.0
514,-0.437,0.910,0.000,95.745,0.195,1.988,20.0
515,-0.438,0.915,0.000,95.786,0.196,1.988,20.0
516,-0.438,0.920,0.000,95.828,0.197,1.988,20.0
517,-0.439,0.924,0.000,95.872,0.199,1.988,20.0
518,-0.439,0.929,0.000,95.917,0.201,1.988,20.0
519,-0.440,0.934,0.000,95.964,0.202,1.988,20.0
520,-0.440,0.939,0.000,96.013,0.204,1.987,20.0
521,-0.441,0.943,0.000,96.063,0.206,1.987,20.0
522,-0.441,0.948,0.000,96.114,0.207,1.987,20.0
523,-0.442,0.953,0.000,96.168,0.209,1.987,20.0
524,-0.442,0.958,0.000,96.223,0.211,1.987,20.0
525,-0.443,0.962,0.000,96.280,0.213,1.986,20.0
526,-0.444,0.967,0.000,96.339,0.215,1.986,20.0
527,-0.444,0.972,0.000,96.401,0.217,1.986,20.0
528,-0.445,0.976,0.000,96.466,0.220,1.986,20.0
529,-0.445,0.981,0.000,96.532,0.222,1.985,20.0
530,-0.446,0.986,0.000,96.601,0.224,1.985,20.0
531,-0.446,0.990,0.000,96.673,0.227,1.985,20.0
532,-0.447,0.995,0.000,96.746,0.229,1.985,20.0
533,-0.448,1.000,0.000,96.821,0.232,1.984,20.0
534,-0.448,1.005,0.000,96.898,0.235,1.984,20.0
535,-0.449,1.009,0.000,96.976,0.237,1.984,20.0
536,-0.449,1.014,0.000,97.057,0.240,1.983,20.0
537,-0.450,1.019,0.000,97.138,0.243,1.983,20.0
538,-0.451,1.023,0.000,97.222,0.246,1.983,20.0
539,-0.451,1.028,0.000,97.307,0.249,1.982,20.0
540,-0.452,1.033,0.000,97.394,0.252,1.982,20.0
541,-0.453,1.038,0.000,97.484,0.255,1.981,20.0
542,-0.453,1.042,0.000,97.576,0.258,1.981,20.0
543,-0.454,1.047,0.000,97.670,0.261,1.981,20.0
544,-0.455,1.052,0.000,97.767,0.265,1.980,20.0
545,-0.455,1.056,0.000,97.867,0.268,1.980,20.0
546,-0.456,1.061,0.000,97.968,0.272,1.979,20.0
547,-0.457,1.066,0.000,98.073,0.275,1.979,20.0
548,-0.457,1.070,0.000,98.179,0.279,1.978,20.0
549,-0.458,1.075,0.000,98.287,0.283,1.978,20.0
550,-0.459,1.080,0.000,98.397,0.286,1.977,20.0
551,-0.460,1.084,0.000,98.508,0.290,1.977,20.0
552,-0.460,1.089,0.000,98.621,0.294,1.976,20.0
553,-0.461,1.094,0.000,98.735,0.298,1.975,20.0
554,-0.462,1.098,0.000,98.850,0.302,1.975,20.0
555,-0.463,1.103,0.000,98.968,0.306,1.974,20.0
556,-0.463,1.108,0.000,99.087,0.310,1.974,20.0
557,-0.464,1.112,0.000,99.208,0.314,1.973,20.0
558,-0.465,1.117,0.000,99.331,0.319,1.972,20.0
559,-0.466,1.122,0.000,99.457,0.323,1.972,20.0
560,-0.467,1.126,0.000,99.585,0.327,1.971,20.0
561,-0.468,1.131,0.000,99.716,0.332,1.970,20.0
562,-0.468,1.135,0.000,99.849,0.336,1.969,20.0
563,-0.469,1.140,0.000,99.984,0.341,1.968,20.0
564,-0.470,1.144,0.000,100.121,0.346,1.968,20.0
565,-0.471,1.149,0.000,100.259,0.350,1.967,20.0
566,-0.472,1.153,0.000,100.398,0.355,1.966,20.0
567,-0.472,1.157,0.000,100.537,0.360,1.965,20.0
568,-0.473,1.161,0.000,100.677,0.365,1.964,20.0
569,-0.474,1.165,0.000,100.817,0.370,1.963,20.0
570,-0.475,1.169,0.000,100.957,0.374,1.962,20.0
571,-0.476,1.173,0.000,101.098,0.379,1.961,20.0
572,-0.476,1.177,0.000,101.240,0.384,1.961,20.0
573,-0.477,1.181,0.000,101.383,0.389,1.960,20.0
574,-0.478,1.185,0.000,101.527,0.394,1.959,20.0
575,-0.479,1.189,0.000,101.672,0.399,1.958,20.0
576,-0.480,1.192,0.000,101.819,0.404,1.957,20.0
577,-0.481,1.196,0.000,101.968,0.409,1.955,20.0
578,-0.482,1.200,0.000,102.117,0.414,1.954,20.0
579,-0.482,1.204,0.000,102.267,0.419,1.953,20.0
580,-0.483,1.207,0.000,102.418,0.424,1.952,20.0
581,-0.484,1.211,0.000,102.569,0.429,1.951,20.0
582,-0.485,1.214,0.000,102.719,0.435,1.950,20.0
583,-0.486,1.217,0.000,102.869,0.440,1.949,20.0
584,-0.486,1.221,0.000,103.018,0.445,1.948,20.0
585,-0.487,1.224,0.000,103.166,0.450,1.947,20.0
586,-0.488,1.227,0.000,103.313,0.455,1.945,20.0
587,-0.489,1.230,0.000,103.460,0.460,1.944,20.0
588,-0.490,1.233,0.000,103.607,0.465,1.943,20.0
589,-0.490,1.236,0.000,103.754,0.470,1.942,20.0
590,-0.491,1.239,0.000,103.901,0.475,1.941,20.0
591,-0.492,1.242,0.000,104.049,0.480,1.939,20.0
592,-0.493,1.245,0.000,104.197,0.485,1.938,20.0
593,-0.494,1.248,0.000,104.345,0.490,1.937,20.0
594,-0.495,1.251,0.000,104.493,0.495,1.936,20.0
595,-0.495,1.254,0.000,104.641,0.500,1.934,20.0
596,-0.496,1.257,0.000,104.789,0.505,1.933,20.0
597,-0.497,1.260,0.000,104.936,0.510,1.932,20.0
598,-0.498,1.262,0.000,105.081,0.515,1.930,20.0
599,-0.498,1.265,0.000,105.226,0.519,1.929,20.0
600,-0.499,1.267,0.000,105.368,0.524,1.928,20.0
601,-0.500,1.269,0.000,105.509,0.529,1.926,20.0
602,-0.501,1.272,0.000,105.649,0.534,1.925,20.0
603,-0.501,1.274,0.000,105.788,0.538,1.924,20.0
604,-0.502,1.276,0.000,105.925,0.543,1.923,20.0
605,-0.503,1.279,0.000,106.062,0.548,1.921,20.0
606,-0.504,1.281,0.000,106.199,0.552,1.920,20.0
607,-0.504,1.284,0.000,106.335,0.557,1.919,20.0
608,-0.505,1.286,0.000,106.471,0.561,1.917,20.0
609,-0.506,1.289,0.000,106.606,0.566,1.916,20.0
610,-0.507,1.291,0.000,106.741,0.570,1.915,20.0
611,-0.508,1.293,0.000,106.875,0.575,1.913,20.0
612,-0.508,1.296,0.000,107.008,0.579,1.912,20.0
613,-0.509,1.298,0.000,107.139,0.584,1.911,20.0
614,-0.510,1.300,0.000,107.269,0.588,1.909,20.0
615,-0.510,1.302,0.000,107.397,0.592,1.908,20.0
616,-0.511,1.303,0.000,107.523,0.596,1.907,20.0
617,-0.512,1.305,0.000,107.647,0.601,1.905,20.0
618,-0.512,1.307,0.000,107.769,0.605,1.904,20.0
619,-0.513,1.309,0.000,107.889,0.609,1.903,20.0
620,-0.514,1.311,0.000,108.009,0.613,1.902,20.0
621,-0.514,1.312,0.000,108.127,0.616,1.900,20.0
622,-0.515,1.314,0.000,108.243,0.620,1.899,20.0
623,-0.516,1.316,0.000,108.360,0.624,1.898,20.0
624,-0.516,1.318,0.000,108.475,0.628,1.897,20.0
625,-0.517,1.320,0.000,108.590,0.632,1.895,20.0
626,-0.518,1.322,0.000,108.704,0.636,1.894,20.0
627,-0.519,1.324,0.000,108.816,0.639,1.893,20.0
628,-0.519,1.326,0.000,108.927,0.643,1.891,20.0
629,-0.520,1.327,0.000,109.037,0.647,1.890,20.0
630,-0.520,1.329,0.000,109.144,0.650,1.889,20.0
631,-0.521,1.330,0.000,109.249,0.654,1.888,20.0
632,-0.521,1.332,0.000,109.352,0.657,1.887,20.0
633,-0.522,1.333,0.000,109.453,0.660,1.886,20.0
634,-0.523,1.335,0.000,109.552,0.664,1.884,20.0
635,-0.523,1.336,0.000,109.649,0.667,1.883,20.0
636,-0.524,1.337,0.000,109.745,0.670,1.882,20.0
637,-0.524,1.339,0.000,109.839,0.673,1.881,20.0
638,-0.525,1.340,0.000,109.932,0.676,1.880,20.0
639,-0.526,1.342,0.000,110.024,0.679,1.879,20.0
640,-0.526,1.343,0.000,110.115,0.682,1.878,20.0
641,-0.527,1.345,0.000,110.205,0.685,1.877,20.0
642,-0.528,1.347,0.000,110.294,0.688,1.876,20.0
643,-0.528,1.348,0.000,110.381,0.691,1.875,20.0
644,-0.529,1.349,0.000,110.467,0.694,1.874,20.0
645,-0.529,1.351,0.000,110.551,0.696,1.873,20.0
646,-0.530,1.352,0.000,110.633,0.699,1.872,20.0
647,-0.530,1.353,0.000,110.713,0.702,1.871,20.0
648,-0.531,1.354,0.000,110.790,0.704,1.870,20.0
649,-0.531,1.355,0.000,110.866,0.707,1.869,20.0
650,-0.532,1.356,0.000,110.939,0.709,1.868,20.0
651,-0.532,1.357,0.000,111.010,0.711,1.867,20.0
652,-0.533,1.358,0.000,111.080,0.714,1.866,20.0
653,-0.533,1.359,0.000,111.148,0.716,1.865,20.0
654,-0.534,1.360,0.000,111.216,0.718,1.864,20.0
655,-0.534,1.362,0.000,111.282,0.720,1.864,20.0
656,-0.535,1.363,0.000,111.347,0.722,1.863,20.0
657,-0.536,1.364,0.000,111.411,0.724,1.862,20.0
658,-0.536,1.366,0.000,111.474,0.726,1.861,20.0
659,-0.537,1.367,0.000,111.535,0.728,1.860,20.0
660,-0.537,1.368,0.000,111.595,0.730,1.860,20.0
661,-0.538,1.369,0.000,111.653,0.732,1.859,20.0
662,-0.538,1.370,0.000,111.709,0.734,1.858,20.0
663,-0.538,1.371,0.000,111.763,0.736,1.857,20.0
664,-0.539,1.371,0.000,111.815,0.737,1.857,20.0
665,-0.539,1.372,0.000,111.864,0.739,1.856,20.0
666,-0.539,1.373,0.000,111.912,0.741,1.856,20.0
667,-0.540,1.374,0.000,111.957,0.742,1.855,20.0
668,-0.540,1.374,0.000,112.002,0.744,1.854,20.0
669,-0.541,1.375,0.000,112.044,0.745,1.854,20.0
670,-0.541,1.376,0.000,112.086,0.746,1.853,20.0
671,-0.542,1.377,0.000,112.127,0.748,1.853,20.0
672,-0.542,1.378,0.000,112.166,0.749,1.852,20.0
673,-0.543,1.379,0.000,112.205,0.750,1.852,20.0
674,-0.543,1.380,0.000,112.243,0.751,1.851,20.0
675,-0.544,1.381,0.000,112.279,0.752,1.851,20.0
676,-0.544,1.382,0.000,112.313,0.754,1.850,20.0
677,-0.544,1.383,0.000,112.346,0.755,1.850,20.0
678,-0.545,1.384,0.000,112.377,0.756,1.849,20.0
679,-0.545,1.384,0.000,112.406,0.757,1.849,20.0
680,-0.545,1.385,0.000,112.433,0.758,1.849,20.0
681,-0.546,1.385,0.000,112.458,0.758,1.848,20.0
682,-0.546,1.386,0.000,112.481,0.759,1.848,20.0
683,-0.546,1.386,0.000,112.503,0.760,1.848,20.0
684,-0.547,1.387,0.000,112.523,0.760,1.848,20.0
685,-0.547,1.388,0.000,112.541,0.761,1.847,20.0
686,-0.547,1.389,0.000,112.559,0.762,1.847,20.0
687,-0.548,1.389,0.000,112.576,0.762,1.847,20.0
688,-0.548,1.390,0.000,112.592,0.763,1.847,20.0
689,-0.549,1.391,0.000,112.607,0.763,1.846,20.0
690,-0.549,1.392,0.000,112.621,0.763,1.846,20.0
691,-0.550,1.393,0.000,112.633,0.764,1.846,20.0
692,-0.550,1.393,0.000,112.645,0.764,1.846,20.0
693,-0.550,1.394,0.000,112.654,0.765,1.846,20.0
694,-0.550,1.395,0.000,112.662,0.765,1.846,20.0
695,-0.551,1.395,0.000,112.668,0.765,1.846,20.0
696,-0.551,1.395,0.000,112.673,0.765,1.846,20.0
697,-0.551,1.396,0.000,112.675,0.765,1.845,20.0
698,-0.551,1.396,0.000,112.675,0.765,1.845,20.0
699,-0.552,1.397,0.000,112.675,0.765,1.845,20.0
700,-0.552,1.397,0.000,112.672,0.765,1.846,20.0
701,-0.552,1.398,0.000,112.669,0.765,1.846,20.0
702,-0.553,1.398,0.000,112.665,0.765,1.846,20.0
703,-0.553,1.399,0.000,112.660,0.765,1.846,20.0
704,-0.553,1.400,0.000,112.654,0.765,1.846,20.0
705,-0.554,1.400,0.000,112.648,0.764,1.846,20.0
706,-0.554,1.401,0.000,112.640,0.764,1.846,20.0
707,-0.554,1.402,0.000,112.632,0.764,1.846,20.0
708,-0.555,1.402,0.000,112.622,0.764,1.846,20.0
709,-0.555,1.403,0.000,112.611,0.763,1.846,20.0
710,-0.555,1.403,0.000,112.598,0.763,1.846,20.0
711,-0.555,1.403,0.000,112.584,0.762,1.847,20.0
712,-0.555,1.404,0.000,112.568,0.762,1.847,20.0
713,-0.556,1.404,0.000,112.550,0.761,1.847,20.0
714,-0.556,1.404,0.000,112.530,0.761,1.847,20.0
715,-0.556,1.404,0.000,112.509,0.760,1.848,20.0
716,-0.556,1.405,0.000,112.488,0.759,1.848,20.0
717,-0.557,1.405,0.000,112.465,0.759,1.848,20.0
718,-0.557,1.406,0.000,112.441,0.758,1.849,20.0
719,-0.557,1.406,0.000,112.417,0.757,1.849,20.0
720,-0.557,1.407,0.000,112.392,0.756,1.849,20.0
721,-0.558,1.408,0.000,112.367,0.755,1.850,20.0
722,-0.558,1.408,0.000,112.340,0.754,1.850,20.0
723,-0.558,1.409,0.000,112.313,0.754,1.850,20.0
724,-0.559,1.409,0.000,112.285,0.753,1.851,20.0
725,-0.559,1.410,0.000,112.256,0.752,1.851,20.0
726,-0.559,1.410,0.000,112.225,0.751,1.851,20.0
727,-0.559,1.410,0.000,112.192,0.750,1.852,20.0
728,-0.559,1.410,0.000,112.158,0.749,1.852,20.0
729,-0.559,1.410,0.000,112.122,0.747,1.853,20.0
730,-0.559,1.411,0.000,112.085,0.746,1.853,20.0
731,-0.560,1.411,0.000,112.047,0.745,1.854,20.0
732,-0.560,1.411,0.000,112.008,0.744,1.854,20.0
733,-0.560,1.411,0.000,111.968,0.742,1.855,20.0
734,-0.560,1.412,0.000,111.927,0.741,1.855,20.0
735,-0.561,1.412,0.000,111.886,0.740,1.856,20.0
736,-0.561,1.413,0.000,111.845,0.738,1.856,20.0
737,-0.561,1.413,0.000,111.803,0.737,1.857,20.0
738,-0.561,1.414,0.000,111.760,0.736,1.857,20.0
739,-0.562,1.414,0.000,111.717,0.734,1.858,20.0
740,-0.562,1.415,0.000,111.672,0.733,1.859,20.0
741,-0.562,1.415,0.000,111.627,0.731,1.859,20.0
742,-0.562,1.415,0.000,111.580,0.730,1.860,20.0
743,-0.562,1.415,0.000,111.532,0.728,1.860,20.0
744,-0.562,1.415,0.000,111.482,0.727,1.861,20.0
745,-0.562,1.415,0.000,111.431,0.725,1.862,20.0
746,-0.562,1.416,0.000,111.379,0.723,1.862,20.0
747,-0.563,1.416,0.000,111.326,0.722,1.863,20.0
748,-0.563,1.416,0.000,111.272,0.720,1.864,20.0
749,-0.563,1.416,0.000,111.217,0.718,1.864,20.0
750,-0.563,1.417,0.000,111.162,0.716,1.865,20.0
751,-0.563,1.417,0.000,111.107,0.714,1.866,20.0
752,-0.564,1.418,0.000,111.051,0.713,1.866,20.0
753,-0.564,1.418,0.000,110.995,0.711,1.867,20.0
754,-0.564,1.418,0.000,110.938,0.709,1.868,20.0
755,-0.564,1.419,0.000,110.881,0.707,1.868,20.0
756,-0.564,1.419,0.000,110.823,0.705,1.869,20.0
757,-0.565,1.419,0.000,110.764,0.703,1.870,20.0
758,-0.565,1.419,0.000,110.704,0.701,1.871,20.0
759,-0.565,1.420,0.000,110.643,0.699,1.871,20.0
760,-0.565,1.420,0.000,110.580,0.697,1.872,20.0
761,-0.565,1.420,0.000,110.516,0.695,1.873,20.0
762,-0.565,1.420,0.000,110.451,0.693,1.874,20.0
763,-0.565,1.420,0.000,110.385,0.691,1.875,20.0
764,-0.565,1.420,0.000,110.318,0.689,1.875,20.0
765,-0.565,1.420,0.000,110.251,0.687,1.876,20.0
766,-0.565,1.421,0.000,110.183,0.684,1.877,20.0
767,-0.566,1.421,0.000,110.115,0.682,1.878,20.0
768,-0.566,1.421,0.000,110.048,0.680,1.879,20.0
769,-0.566,1.422,0.000,109.980,0.678,1.879,20.0
770,-0.566,1.422,0.000,109.911,0.675,1.880,20.0
771,-0.566,1.423,0.000,109.843,0.673,1.881,20.0
772,-0.567,1.423,0.000,109.773,0.671,1.882,20.0
773,-0.567,1.423,0.000,109.703,0.668,1.883,20.0
774,-0.567,1.423,0.000,109.631,0.666,1.883,20.0
775,-0.567,1.423,0.000,109.559,0.664,1.884,20.0
776,-0.567,1.423,0.000,109.485,0.661,1.885,20.0
777,-0.567,1.423,0.000,109.410,0.659,1.886,20.0
778,-0.567,1.423,0.000,109.334,0.656,1.887,20.0
779,-0.567,1.423,0.000,109.257,0.654,1.888,20.0
780,-0.567,1.423,0.000,109.180,0.651,1.889,20.0
781,-0.567,1.424,0.000,109.102,0.649,1.890,20.0
782,-0.567,1.424,0.000,109.024,0.646,1.890,20.0
783,-0.568,1.424,0.000,108.946,0.644,1.891,20.0
784,-0.568,1.425,0.000,108.868,0.641,1.892,20.0
785,-0.568,1.425,0.000,108.790,0.638,1.893,20.0
786,-0.568,1.425,0.000,108.712,0.636,1.894,20.0
787,-0.568,1.426,0.000,108.634,0.633,1.895,20.0
788,-0.568,1.426,0.000,108.555,0.631,1.896,20.0
789,-0.568,1.426,0.000,108.475,0.628,1.897,20.0
790,-0.568,1.426,0.000,108.394,0.625,1.897,20.0
791,-0.568,1.426,0.000,108.312,0.623,1.898,20.0
792,-0.569,1.426,0.000,108.229,0.620,1.899,20.0
793,-0.569,1.426,0.000,108.145,0.617,1.900,20.0
794,-0.569,1.426,0.000,108.059,0.614,1.901,20.0
795,-0.569,1.426,0.000,107.974,0.611,1.902,20.0
796,-0.569,1.426,0.000,107.887,0.609,1.903,20.0
797,-0.569,1.426,0.000,107.801,0.606,1.904,20.0
798,-0.569,1.427,0.000,107.714,0.603,1.905,20.0
799,-0.569,1.427,0.000,107.627,0.600,1.906,20.0
800,-0.569,1.427,0.000,107.541,0.597,1.907,20.0
801,-0.569,1.428,0.000,107.454,0.594,1.907,20.0
802,-0.570,1.428,0.000,107.368,0.591,1.908,20.0
803,-0.570,1.428,0.000,107.281,0.588,1.909,20.0
804,-0.570,1.428,0.000,107.194,0.585,1.910,20.0
805,-0.570,1.428,0.000,107.106,0.582,1.911,20.0
806,-0.570,1.429,0.000,107.017,0.579,1.912,20.0
807,-0.570,1.429,0.000,106.927,0.576,1.913,20.0
808,-0.570,1.429,0.000,106.835,0.574,1.914,20.0
809,-0.570,1.429,0.000,106.743,0.570,1.915,20.0
810,-0.570,1.429,0.000,106.650,0.567,1.916,20.0
811,-0.570,1.429,0.000,106.556,0.564,1.917,20.0
812,-0.570,1.429,0.000,106.462,0.561,1.917,20.0
813,-0.570,1.429,0.000,106.367,0.558,1.918,20.0
814,-0.570,1.429,0.000,106.272,0.555,1.919,20.0
815,-0.570,1.429,0.000,106.178,0.552,1.920,20.0
816,-0.571,1.430,0.000,106.084,0.548,1.921,20.0
817,-0.571,1.430,0.000,105.990,0.545,1.922,20.0
818,-0.571,1.430,0.000,105.895,0.542,1.923,20.0
819,-0.571,1.430,0.000,105.801,0.539,1.924,20.0
820,-0.571,1.430,0.000,105.706,0.536,1.925,20.0
821,-0.571,1.431,0.000,105.611,0.532,1.926,20.0
822,-0.571,1.431,0.000,105.514,0.529,1.926,20.0
823,-0.571,1.431,0.000,105.417,0.526,1.927,20.0
824,-0.571,1.431,0.000,105.318,0.523,1.928,20.0
825,-0.571,1.430,0.000,105.218,0.519,1.929,20.0
826,-0.571,1.430,0.000,105.118,0.516,1.930,20.0
827,-0.571,1.431,0.000,105.016,0.512,1.931,20.0
828,-0.571,1.431,0.000,104.915,0.509,1.932,20.0
829,-0.571,1.431,0.000,104.813,0.506,1.933,20.0
830,-0.571,1.431,0.000,104.711,0.502,1.934,20.0
831,-0.571,1.431,0.000,104.609,0.499,1.935,20.0
832,-0.572,1.431,0.000,104.508,0.495,1.935,20.0
833,-0.572,1.432,0.000,104.407,0.492,1.936,20.0
834,-0.572,1.432,0.000,104.305,0.488,1.937,20.0
835,-0.572,1.432,0.000,104.204,0.485,1.938,20.0
836,-0.572,1.432,0.000,104.103,0.482,1.939,20.0
837,-0.572,1.432,0.000,104.000,0.478,1.940,20.0
838,-0.572,1.432,0.000,103.897,0.475,1.941,20.0
839,-0.572,1.432,0.000,103.793,0.471,1.941,20.0
840,-0.572,1.432,0.000,103.688,0.468,1.942,20.0
841,-0.572,1.432,0.000,103.581,0.464,1.943,20.0
842,-0.572,1.432,0.000,103.474,0.460,1.944,20.0
843,-0.572,1.432,0.000,103.366,0.457,1.945,20.0
844,-0.572,1.432,0.000,103.258,0.453,1.946,20.0
845,-0.572,1.432,0.000,103.149,0.449,1.947,20.0
846,-0.572,1.432,0.000,103.041,0.446,1.948,20.0
847,-0.572,1.433,0.000,102.933,0.442,1.948,20.0
848,-0.572,1.433,0.000,102.825,0.438,1.949,20.0
849,-0.573,1.433,0.000,102.718,0.435,1.950,20.0
850,-0.573,1.433,0.000,102.611,0.431,1.951,20.0
851,-0.573,1.433,0.000,102.503,0.427,1.952,20.0
852,-0.573,1.434,0.000,102.396,0.424,1.952,20.0
853,-0.573,1.434,0.000,102.288,0.420,1.953,20.0
854,-0.573,1.434,0.000,102.179,0.416,1.954,20.0
855,-0.573,1.434,0.000,102.069,0.412,1.955,20.0
856,-0.573,1.434,0.000,101.958,0.409,1.956,20.0
857,-0.573,1.434,0.000,101.846,0.405,1.956,20.0
858,-0.573,1.434,0.000,101.733,0.401,1.957,20.0
859,-0.573,1.434,0.000,101.619,0.397,1.958,20.0
860,-0.573,1.434,0.000,101.505,0.393,1.959,20.0
861,-0.573,1.434,0.000,101.391,0.389,1.960,20.0
862,-0.573,1.434,0.000,101.277,0.385,1.960,20.0
863,-0.573,1.434,0.000,101.164,0.382,1.961,20.0
864,-0.573,1.434,0.000,101.051,0.378,1.962,20.0
865,-0.573,1.434,0.000,100.939,0.374,1.963,20.0
866,-0.573,1.435,0.000,100.827,0.370,1.963,20.0
867,-0.573,1.435,0.000,100.715,0.366,1.964,20.0
868,-0.573,1.435,0.000,100.602,0.362,1.965,20.0
869,-0.574,1.435,0.000,100.490,0.358,1.965,20.0
870,-0.574,1.435,0.000,100.376,0.354,1.966,20.0
871,-0.574,1.435,0.000,100.262,0.351,1.967,20.0
872,-0.574,1.435,0.000,100.146,0.347,1.968,20.0
873,-0.574,1.435,0.000,100.030,0.343,1.968,20.0
874,-0.574,1.435,0.000,99.913,0.339,1.969,20.0
875,-0.574,1.435,0.000,99.795,0.334,1.970,20.0
876,-0.574,1.435,0.000,99.677,0.330,1.970,20.0
877,-0.574,1.435,0.000,99.558,0.326,1.971,20.0
878,-0.574,1.435,0.000,99.441,0.322,1.972,20.0
879,-0.574,1.435,0.000,99.323,0.318,1.972,20.0
880,-0.574,1.436,0.000,99.207,0.314,1.973,20.0
881,-0.574,1.436,0.000,99.091,0.310,1.974,20.0
882,-0.574,1.436,0.000,98.976,0.306,1.974,20.0
883,-0.574,1.436,0.000,98.860,0.302,1.975,20.0
884,-0.574,1.436,0.000,98.745,0.298,1.975,20.0
885,-0.574,1.436,0.000,98.629,0.294,1.976,20.0
886,-0.574,1.436,0.000,98.513,0.290,1.977,20.0
887,-0.574,1.436,0.000,98.395,0.286,1.977,20.0
888,-0.574,1.436,0.000,98.277,0.282,1.978,20.0
889,-0.574,1.436,0.000,98.157,0.278,1.978,20.0
890,-0.574,1.436,0.000,98.037,0.274,1.979,20.0
891,-0.574,1.436,0.000,97.916,0.270,1.980,20.0
892,-0.574,1.436,0.000,97.796,0.266,1.980,20.0
893,-0.574,1.436,0.000,97.675,0.261,1.981,20.0
894,-0.574,1.436,0.000,97.554,0.257,1.981,20.0
895,-0.574,1.437,0.000,97.435,0.253,1.982,20.0
896,-0.574,1.437,0.000,97.316,0.249,1.982,20.0
897,-0.575,1.437,0.000,97.198,0.245,1.983,20.0
898,-0.575,1.437,0.000,97.080,0.241,1.983,20.0
899,-0.575,1.437,0.000,96.963,0.237,1.984,20.0
900,-0.575,1.437,0.000,96.845,0.233,1.984,20.0
901,-0.575,1.437,0.000,96.727,0.229,1.985,20.0
902,-0.575,1.437,0.000,96.609,0.224,1.985,20.0
903,-0.575,1.437,0.000,96.489,0.220,1.986,20.0
904,-0.575,1.437,0.000,96.369,0.216,1.986,20.0
905,-0.575,1.437,0.000,96.248,0.212,1.987,20.0
906,-0.575,1.437,0.000,96.125,0.208,1.987,20.0
907,-0.575,1.437,0.000,96.003,0.203,1.987,20.0
908,-0.575,1.437,0.000,95.880,0.199,1.988,20.0
909,-0.575,1.437,0.000,95.757,0.195,1.988,20.0
910,-0.575,1.438,0.000,95.635,0.191,1.989,20.0
911,-0.575,1.438,0.000,95.514,0.186,1.989,20.0
912,-0.575,1.438,0.000,95.393,0.182,1.989,20.0
913,-0.575,1.438,0.000,95.273,0.178,1.990,20.0
914,-0.575,1.438,0.000,95.154,0.174,1.990,20.0
915,-0.575,1.438,0.000,95.035,0.170,1.991,20.0
916,-0.575,1.438,0.000,94.916,0.166,1.991,20.0
917,-0.575,1.438,0.000,94.797,0.162,1.991,20.0
918,-0.575,1.438,0.000,94.677,0.157,1.992,20.0
919,-0.575,1.438,0.000,94.556,0.153,1.992,20.0
920,-0.575,1.438,0.000,94.435,0.149,1.992,20.0
921,-0.575,1.438,0.000,94.312,0.145,1.993,20.0
922,-0.575,1.438,0.000,94.189,0.140,1.993,20.0
923,-0.575,1.438,0.000,94.065,0.136,1.993,20.0
924,-0.575,1.438,0.000,93.942,0.132,1.993,20.0
925,-0.575,1.438,0.000,93.818,0.128,1.994,20.0
926,-0.575,1.438,0.000,93.695,0.123,1.994,20.0
927,-0.575,1.439,0.000,93.574,0.119,1.994,20.0
928,-0.575,1.439,0.000,93.453,0.115,1.994,20.0
929,-0.575,1.439,0.000,93.333,0.111,1.995,20.0
930,-0.575,1.439,0.000,93.213,0.106,1.995,20.0
931,-0.575,1.439,0.000,93.095,0.102,1.995,20.0
932,-0.575,1.439,0.000,92.976,0.098,1.995,20.0
933,-0.575,1.439,0.000,92.858,0.094,1.996,20.0
934,-0.575,1.439,0.000,92.739,0.090,1.996,20.0
935,-0.575,1.439,0.000,92.619,0.086,1.996,20.0
936,-0.575,1.439,0.000,92.499,0.082,1.996,20.0
937,-0.575,1.439,0.000,92.379,0.077,1.996,20.0
938,-0.575,1.439,0.000,92.258,0.073,1.996,20.0
939,-0.575,1.439,0.000,92.137,0.069,1.997,20.0
940,-0.575,1.439,0.000,92.016,0.065,1.997,20.0
941,-0.575,1.439,0.000,91.896,0.061,1.997,20.0
942,-0.576,1.439,0.000,91.777,0.056,1.997,20.0
943,-0.576,1.440,0.000,91.659,0.052,1.997,20.0
944,-0.576,1.440,0.000,91.542,0.048,1.997,20.0
945,-0.576,1.440,0.000,91.426,0.044,1.997,20.0
946,-0.576,1.440,0.000,91.311,0.040,1.997,20.0
947,-0.576,1.440,0.000,91.197,0.036,1.997,20.0
948,-0.576,1.440,0.000,91.084,0.032,1.997,20.0
949,-0.576,1.440,0.000,90.972,0.028,1.998,20.0
950,-0.576,1.440,0.000,90.859,0.024,1.998,20.0
951,-0.576,1.440,0.000,90.747,0.020,1.998,20.0
952,-0.576,1.440,0.000,90.635,0.017,1.998,20.0
953,-0.576,1.440,0.000,90.523,0.013,1.998,20.0
954,-0.576,1.440,0.000,90.411,0.009,1.998,20.0
955,-0.576,1.440,0.000,90.300,0.005,1.998,20.0
956,-0.576,1.440,0.000,90.190,0.001,1.998,20.0
957,-0.576,1.440,0.000,90.081,-0.003,1.998,20.0
958,-0.576,1.440,0.000,89.973,-0.007,1.998,20.0
959,-0.576,1.440,0.000,89.866,-0.010,1.998,20.0
960,-0.576,1.440,0.000,89.761,-0.014,1.998,20.0
961,-0.576,1.441,0.000,89.657,-0.018,1.998,20.0
962,-0.576,1.441,0.000,89.554,-0.021,1.998,20.0
963,-0.576,1.441,0.000,89.451,-0.025,1.998,20.0
964,-0.576,1.441,0.000,89.350,-0.028,1.998,20.0
965,-0.576,1.441,0.000,89.249,-0.032,1.998,20.0
966,-0.576,1.441,0.000,89.149,-0.035,1.997,20.0
967,-0.576,1.441,0.000,89.048,-0.039,1.997,20.0
968,-0.576,1.441,0.000,88.948,-0.042,1.997,20.0
969,-0.576,1.441,0.000,88.847,-0.046,1.997,20.0
970,-0.576,1.441,0.000,88.746,-0.049,1.997,20.0
971,-0.575,1.441,0.000,88.646,-0.053,1.997,20.0
972,-0.575,1.441,0.000,88.546,-0.056,1.997,20.0
973,-0.575,1.441,0.000,88.446,-0.060,1.997,20.0
974,-0.575,1.441,0.000,88.347,-0.063,1.997,20.0
975,-0.575,1.441,0.000,88.249,-0.067,1.997,20.0
976,-0.575,1.441,0.000,88.152,-0.070,1.997,20.0
977,-0.575,1.441,0.000,88.056,-0.073,1.996,20.0
978,-0.575,1.441,0.000,87.961,-0.077,1.996,20.0
979,-0.575,1.441,0.000,87.866,-0.080,1.996,20.0
980,-0.575,1.442,0.000,87.772,-0.083,1.996,20.0
981,-0.575,1.442,0.000,87.677,-0.087,1.996,20.0
982,-0.575,1.441,0.000,87.582,-0.090,1.996,20.0
983,-0.575,1.441,0.000,87.487,-0.093,1.996,20.0
984,-0.575,1.441,0.000,87.390,-0.097,1.995,20.0
985,-0.575,1.441,0.000,87.293,-0.100,1.995,20.0
986,-0.575,1.441,0.000,87.195,-0.103,1.995,20.0
987,-0.575,1.441,0.000,87.096,-0.107,1.995,20.0
988,-0.575,1.441,0.000,86.998,-0.110,1.995,20.0
989,-0.575,1.441,0.000,86.899,-0.114,1.995,20.0
990,-0.575,1.441,0.000,86.802,-0.117,1.994,20.0
991,-0.575,1.441,0.000,86.705,-0.120,1.994,20.0
992,-0.575,1.442,0.000,86.609,-0.124,1.994,20.0
993,-0.575,1.442,0.000,86.513,-0.127,1.994,20.0
994,-0.575,1.442,0.000,86.418,-0.130,1.993,20.0
995,-0.575,1.442,0.000,86.324,-0.134,1.993,20.0
996,-0.575,1.442,0.000,86.230,-0.137,1.993,20.0
997,-0.575,1.442,0.000,86.135,-0.140,1.993,20.0
998,-0.575,1.442,0.000,86.040,-0.144,1.993,20.0
999,-0.575,1.442,0.000,85.943,-0.147,1.992,20.0
1000,-0.575,1.442,0.000,85.846,-0.150,1.992,20.0
1001,-0.575,1.442,0.000,85.747,-0.154,1.992,20.0
1002,-0.575,1.442,0.000,85.648,-0.157,1.992,20.0
1003,-0.575,1.442,0.000,85.548,-0.161,1.991,20.0
1004,-0.575,1.442,0.000,85.448,-0.164,1.991,20.0
1005,-0.575,1.442,0.000,85.348,-0.168,1.991,20.0
1006,-0.575,1.442,0.000,85.248,-0.171,1.990,20.0
1007,-0.575,1.442,0.000,85.150,-0.175,1.990,20.0
1008,-0.575,1.442,0.000,85.052,-0.178,1.990,20.0
1009,-0.575,1.442,0.000,84.955,-0.181,1.990,20.0
1010,-0.575,1.442,0.000,84.859,-0.185,1.989,20.0
1011,-0.575,1.442,0.000,84.763,-0.188,1.989,20.0
1012,-0.574,1.443,0.000,84.667,-0.191,1.989,20.0
1013,-0.574,1.443,0.000,84.571,-0.195,1.988,20.0
1014,-0.574,1.442,0.000,84.474,-0.198,1.988,20.0
1015,-0.574,1.442,0.000,84.376,-0.201,1.988,20.0
1016,-0.574,1.442,0.000,84.276,-0.205,1.987,20.0
1017,-0.574,1.442,0.000,84.176,-0.208,1.987,20.0
1018,-0.574,1.442,0.000,84.074,-0.212,1.987,20.0
1019,-0.574,1.442,0.000,83.973,-0.215,1.986,20.0
1020,-0.574,1.442,0.000,83.870,-0.219,1.986,20.0
1021,-0.574,1.442,0.000,83.768,-0.222,1.985,20.0
1022,-0.574,1.442,0.000,83.667,-0.226,1.985,20.0
1023,-0.574,1.442,0.000,83.566,-0.229,1.985,20.0
1024,-0.574,1.443,0.000,83.467,-0.233,1.984,20.0
1025,-0.574,1.443,0.000,83.368,-0.236,1.984,20.0
1026,-0.574,1.443,0.000,83.270,-0.240,1.983,20.0
1027,-0.574,1.443,0.000,83.172,-0.243,1.983,20.0
1028,-0.574,1.443,0.000,83.074,-0.247,1.982,20.0
1029,-0.574,1.443,0.000,82.976,-0.250,1.982,20.0
1030,-0.574,1.443,0.000,82.877,-0.253,1.982,20.0
1031,-0.574,1.443,0.000,82.778,-0.257,1.981,20.0
1032,-0.574,1.443,0.000,82.677,-0.260,1.981,20.0
1033,-0.574,1.443,0.000,82.574,-0.264,1.980,20.0
1034,-0.574,1.443,0.000,82.471,-0.267,1.980,20.0
1035,-0.574,1.443,0.000,82.368,-0.271,1.979,20.0
1036,-0.574,1.443,0.000,82.264,-0.275,1.979,20.0
1037,-0.574,1.443,0.000,82.161,-0.278,1.978,20.0
1038,-0.574,1.443,0.000,82.058,-0.282,1.978,20.0
1039,-0.574,1.443,0.000,81.956,-0.285,1.977,20.0
1040,-0.574,1.443,0.000,81.855,-0.289,1.977,20.0
1041,-0.573,1.443,0.000,81.755,-0.292,1.976,20.0
1042,-0.573,1.443,0.000,81.656,-0.296,1.976,20.0
1043,-0.573,1.443,0.000,81.557,-0.299,1.975,20.0
1044,-0.573,1.443,0.000,81.458,-0.302,1.975,20.0
1045,-0.573,1.443,0.000,81.359,-0.306,1.974,20.0
1046,-0.573,1.443,0.000,81.260,-0.309,1.974,20.0
1047,-0.573,1.443,0.000,81.159,-0.313,1.973,20.0
1048,-0.573,1.443,0.000,81.057,-0.316,1.973,20.0
1049,-0.573,1.443,0.000,80.954,-0.320,1.972,20.0
1050,-0.573,1.443,0.000,80.851,-0.323,1.971,20.0
1051,-0.573,1.443,0.000,80.746,-0.327,1.971,20.0
1052,-0.573,1.443,0.000,80.642,-0.330,1.970,20.0
1053,-0.573,1.443,0.000,80.538,-0.334,1.970,20.0
1054,-0.573,1.443,0.000,80.434,-0.338,1.969,20.0
1055,-0.573,1.443,0.000,80.332,-0.341,1.968,20.0
1056,-0.573,1.443,0.000,80.231,-0.345,1.968,20.0
1057,-0.573,1.443,0.000,80.130,-0.348,1.967,20.0
1058,-0.573,1.444,0.000,80.031,-0.352,1.967,20.0
1059,-0.573,1.444,0.000,79.932,-0.355,1.966,20.0
1060,-0.573,1.444,0.000,79.833,-0.358,1.965,20.0
1061,-0.572,1.444,0.000,79.734,-0.362,1.965,20.0
1062,-0.572,1.444,0.000,79.634,-0.365,1.964,20.0
1063,-0.572,1.444,0.000,79.533,-0.369,1.964,20.0
1064,-0.572,1.444,0.000,79.432,-0.372,1.963,20.0
1065,-0.572,1.443,0.000,79.329,-0.376,1.962,20.0
1066,-0.572,1.443,0.000,79.225,-0.379,1.961,20.0
1067,-0.572,1.443,0.000,79.121,-0.383,1.961,20.0
1068,-0.572,1.443,0.000,79.017,-0.386,1.960,20.0
1069,-0.572,1.443,0.000,78.913,-0.390,1.959,20.0
1070,-0.572,1.443,0.000,78.810,-0.393,1.959,20.0
1071,-0.572,1.443,0.000,78.708,-0.397,1.958,20.0
1072,-0.572,1.444,0.000,78.607,-0.400,1.957,20.0
1073,-0.572,1.444,0.000,78.507,-0.404,1.957,20.0
1074,-0.572,1.444,0.000,78.408,-0.407,1.956,20.0
1075,-0.572,1.444,0.000,78.310,-0.410,1.955,20.0
1076,-0.572,1.444,0.000,78.212,-0.414,1.954,20.0
1077,-0.572,1.444,0.000,78.114,-0.417,1.954,20.0
1078,-0.572,1.444,0.000,78.016,-0.420,1.953,20.0
1079,-0.572,1.444,0.000,77.916,-0.424,1.952,20.0
1080,-0.572,1.444,0.000,77.815,-0.427,1.952,20.0
1081,-0.571,1.444,0.000,77.713,-0.431,1.951,20.0
1082,-0.571,1.444,0.000,77.611,-0.434,1.950,20.0
1083,-0.571,1.444,0.000,77.508,-0.438,1.949,20.0
1084,-0.571,1.444,0.000,77.406,-0.441,1.948,20.0
1085,-0.571,1.444,0.000,77.303,-0.445,1.948,20.0
1086,-0.571,1.444,0.000,77.201,-0.448,1.947,20.0
1087,-0.571,1.444,0.000,77.100,-0.452,1.946,20.0
1088,-0.571,1.444,0.000,77.001,-0.455,1.945,20.0
1089,-0.571,1.444,0.000,76.902,-0.458,1.945,20.0
1090,-0.571,1.444,0.000,76.805,-0.462,1.944,20.0
1091,-0.571,1.444,0.000,76.709,-0.465,1.943,20.0
1092,-0.571,1.444,0.000,76.612,-0.468,1.942,20.0
1093,-0.571,1.444,0.000,76.516,-0.471,1.941,20.0
1094,-0.571,1.444,0.000,76.419,-0.475,1.941,20.0
1095,-0.571,1.444,0.000,76.321,-0.478,1.940,20.0
1096,-0.571,1.444,0.000,76.222,-0.481,1.939,20.0
1097,-0.570,1.444,0.000,76.122,-0.485,1.938,20.0
1098,-0.570,1.444,0.000,76.022,-0.488,1.937,20.0
1099,-0.570,1.444,0.000,75.921,-0.492,1.936,20.0
1100,-0.570,1.444,0.000,75.820,-0.495,1.936,20.0
1101,-0.570,1.444,0.000,75.719,-0.498,1.935,20.0
1102,-0.570,1.444,0.000,75.619,-0.502,1.934,20.0
1103,-0.570,1.444,0.000,75.520,-0.505,1.933,20.0
1104,-0.570,1.444,0.000,75.422,-0.508,1.932,20.0
1105,-0.570,1.444,0.000,75.326,-0.512,1.931,20.0
1106,-0.570,1.444,0.000,75.231,-0.515,1.930,20.0
1107,-0.570,1.445,0.000,75.137,-0.518,1.929,20.0
1108,-0.570,1.445,0.000,75.043,-0.521,1.929,20.0
1109,-0.570,1.445,0.000,74.950,-0.524,1.928,20.0
1110,-0.570,1.445,0.000,74.855,-0.528,1.927,20.0
1111,-0.569,1.445,0.000,74.760,-0.531,1.926,20.0
1112,-0.569,1.444,0.000,74.663,-0.534,1.925,20.0
1113,-0.569,1.444,0.000,74.566,-0.537,1.924,20.0
1114,-0.569,1.444,0.000,74.468,-0.541,1.923,20.0
1115,-0.569,1.444,0.000,74.369,-0.544,1.922,20.0
1116,-0.569,1.444,0.000,74.270,-0.547,1.921,20.0
1117,-0.569,1.444,0.000,74.171,-0.550,1.920,20.0
1118,-0.569,1.444,0.000,74.073,-0.554,1.920,20.0
1119,-0.569,1.444,0.000,73.976,-0.557,1.919,20.0
1120,-0.569,1.445,0.000,73.881,-0.560,1.918,20.0
1121,-0.569,1.445,0.000,73.788,-0.563,1.917,20.0
1122,-0.569,1.445,0.000,73.695,-0.566,1.916,20.0
1123,-0.569,1.445,0.000,73.604,-0.570,1.915,20.0
1124,-0.569,1.445,0.000,73.513,-0.573,1.914,20.0
1125,-0.568,1.445,0.000,73.422,-0.576,1.913,20.0
1126,-0.568,1.445,0.000,73.330,-0.579,1.912,20.0
1127,-0.568,1.445,0.000,73.237,-0.582,1.911,20.0
1128,-0.568,1.445,0.000,73.143,-0.585,1.910,20.0
1129,-0.568,1.445,0.000,73.048,-0.588,1.909,20.0
1130,-0.568,1.445,0.000,72.952,-0.591,1.908,20.0
1131,-0.568,1.445,0.000,72.856,-0.594,1.907,20.0
1132,-0.568,1.445,0.000,72.759,-0.598,1.906,20.0
1133,-0.568,1.445,0.000,72.663,-0.601,1.905,20.0
1134,-0.568,1.445,0.000,72.567,-0.604,1.904,20.0
1135,-0.568,1.445,0.000,72.474,-0.607,1.903,20.0
1136,-0.568,1.445,0.000,72.381,-0.610,1.902,20.0
1137,-0.568,1.445,0.000,72.291,-0.613,1.901,20.0
1138,-0.568,1.445,0.000,72.201,-0.616,1.900,20.0
1139,-0.567,1.445,0.000,72.113,-0.619,1.899,20.0
1140,-0.567,1.445,0.000,72.025,-0.622,1.898,20.0
1141,-0.567,1.445,0.000,71.937,-0.625,1.898,20.0
1142,-0.567,1.445,0.000,71.849,-0.628,1.897,20.0
1143,-0.567,1.445,0.000,71.760,-0.631,1.896,20.0
1144,-0.567,1.445,0.000,71.669,-0.634,1.895,20.0
1145,-0.567,1.445,0.000,71.577,-0.637,1.894,20.0
1146,-0.567,1.445,0.000,71.485,-0.640,1.893,20.0
1147,-0.567,1.445,0.000,71.392,-0.643,1.892,20.0
1148,-0.567,1.445,0.000,71.299,-0.646,1.891,20.0
1149,-0.567,1.445,0.000,71.206,-0.649,1.889,20.0
1150,-0.567,1.445,0.000,71.115,-0.652,1.888,20.0
1151,-0.567,1.445,0.000,71.024,-0.655,1.887,20.0
1152,-0.567,1.445,0.000,70.936,-0.658,1.886,20.0
1153,-0.566,1.445,0.000,70.849,-0.661,1.885,20.0
1154,-0.566,1.446,0.000,70.764,-0.664,1.884,20.0
1155,-0.566,1.446,0.000,70.679,-0.666,1.883,20.0
1156,-0.566,1.446,0.000,70.596,-0.669,1.882,20.0
1157,-0.566,1.446,0.000,70.512,-0.672,1.881,20.0
1158,-0.566,1.446,0.000,70.428,-0.675,1.880,20.0
1159,-0.566,1.446,0.000,70.342,-0.678,1.879,20.0
1160,-0.566,1.446,0.000,70.256,-0.680,1.878,20.0
1161,-0.566,1.446,0.000,70.168,-0.683,1.877,20.0
1162,-0.566,1.445,0.000,70.080,-0.686,1.876,20.0
1163,-0.566,1.445,0.000,69.991,-0.689,1.875,20.0
1164,-0.566,1.445,0.000,69.901,-0.692,1.874,20.0
1165,-0.566,1.445,0.000,69.813,-0.695,1.873,20.0
1166,-0.566,1.445,0.000,69.725,-0.698,1.872,20.0
1167,-0.566,1.446,0.000,69.640,-0.701,1.871,20.0
1168,-0.565,1.446,0.000,69.556,-0.703,1.870,20.0
1169,-0.565,1.446,0.000,69.473,-0.706,1.869,20.0
1170,-0.565,1.446,0.000,69.392,-0.709,1.868,20.0
1171,-0.565,1.446,0.000,69.312,-0.711,1.867,20.0
1172,-0.565,1.446,0.000,69.233,-0.714,1.866,20.0
1173,-0.565,1.446,0.000,69.154,-0.716,1.865,20.0
1174,-0.565,1.446,0.000,69.075,-0.719,1.864,20.0
1175,-0.565,1.446,0.000,68.994,-0.722,1.863,20.0
1176,-0.565,1.446,0.000,68.912,-0.724,1.862,20.0
1177,-0.565,1.446,0.000,68.830,-0.727,1.861,20.0
1178,-0.565,1.446,0.000,68.746,-0.730,1.860,20.0
1179,-0.565,1.446,0.000,68.662,-0.732,1.859,20.0
1180,-0.565,1.446,0.000,68.578,-0.735,1.858,20.0
1181,-0.565,1.446,0.000,68.495,-0.738,1.857,20.0
1182,-0.564,1.446,0.000,68.412,-0.740,1.856,20.0
1183,-0.564,1.446,0.000,68.332,-0.743,1.855,20.0
1184,-0.564,1.446,0.000,68.253,-0.746,1.853,20.0
1185,-0.564,1.446,0.000,68.176,-0.748,1.852,20.0
1186,-0.564,1.446,0.000,68.100,-0.751,1.851,20.0
1187,-0.564,1.446,0.000,68.026,-0.753,1.850,20.0
1188,-0.564,1.446,0.000,67.952,-0.755,1.849,20.0
1189,-0.564,1.446,0.000,67.878,-0.758,1.849,20.0
1190,-0.564,1.446,0.000,67.804,-0.760,1.848,20.0
1191,-0.564,1.446,0.000,67.729,-0.763,1.847,20.0
1192,-0.564,1.446,0.000,67.653,-0.765,1.846,20.0
1193,-0.564,1.446,0.000,67.575,-0.768,1.845,20.0
1194,-0.564,1.446,0.000,67.497,-0.770,1.844,20.0
1195,-0.564,1.446,0.000,67.418,-0.773,1.842,20.0
1196,-0.563,1.446,0.000,67.340,-0.775,1.841,20.0
1197,-0.563,1.446,0.000,67.262,-0.778,1.840,20.0
1198,-0.563,1.446,0.000,67.185,-0.780,1.839,20.0
1199,-0.563,1.446,0.000,67.110,-0.782,1.838,20.0
1200,-0.563,1.446,0.000,67.037,-0.785,1.837,20.0
1201,-0.563,1.447,0.000,66.965,-0.787,1.836,20.0
1202,-0.563,1.447,0.000,66.895,-0.789,1.835,20.0
1203,-0.563,1.447,0.000,66.826,-0.792,1.834,20.0
1204,-0.563,1.447,0.000,66.758,-0.794,1.833,20.0
1205,-0.563,1.447,0.000,66.690,-0.796,1.832,20.0
1206,-0.563,1.447,0.000,66.622,-0.798,1.831,20.0
1207,-0.563,1.447,0.000,66.553,-0.800,1.831,20.0
1208,-0.563,1.447,0.000,66.483,-0.803,1.830,20.0
1209,-0.563,1.447,0.000,66.411,-0.805,1.829,20.0
1210,-0.562,1.447,0.000,66.339,-0.807,1.828,20.0
1211,-0.562,1.447,0.000,66.266,-0.809,1.827,20.0
1212,-0.562,1.447,0.000,66.194,-0.812,1.826,20.0
1213,-0.562,1.447,0.000,66.122,-0.814,1.824,20.0
1214,-0.562,1.447,0.000,66.051,-0.816,1.823,20.0
1215,-0.562,1.447,0.000,65.982,-0.818,1.822,20.0
1216,-0.562,1.447,0.000,65.915,-0.821,1.821,20.0
1217,-0.562,1.447,0.000,65.850,-0.823,1.821,20.0
1218,-0.562,1.447,0.000,65.786,-0.825,1.820,20.0
1219,-0.562,1.447,0.000,65.724,-0.827,1.819,20.0
1220,-0.562,1.447,0.000,65.662,-0.829,1.818,20.0
1221,-0.562,1.447,0.000,65.601,-0.831,1.817,20.0
1222,-0.561,1.447,0.000,65.539,-0.833,1.816,20.0
1223,-0.561,1.447,0.000,65.476,-0.835,1.815,20.0
1224,-0.561,1.447,0.000,65.411,-0.837,1.814,20.0
1225,-0.561,1.447,0.000,65.346,-0.839,1.813,20.0
1226,-0.561,1.447,0.000,65.280,-0.841,1.812,20.0
1227,-0.561,1.447,0.000,65.213,-0.843,1.811,20.0
1228,-0.561,1.447,0.000,65.147,-0.845,1.810,20.0
1229,-0.561,1.447,0.000,65.081,-0.847,1.809,20.0
1230,-0.561,1.447,0.000,65.016,-0.849,1.808,20.0
1231,-0.561,1.447,0.000,64.954,-0.851,1.808,20.0
1232,-0.561,1.447,0.000,64.893,-0.853,1.807,20.0
1233,-0.561,1.447,0.000,64.834,-0.855,1.806,20.0
1234,-0.561,1.447,0.000,64.776,-0.857,1.805,20.0
1235,-0.561,1.447,0.000,64.720,-0.858,1.804,20.0
1236,-0.561,1.448,0.000,64.664,-0.860,1.803,20.0
1237,-0.560,1.448,0.000,64.609,-0.862,1.802,20.0
1238,-0.560,1.448,0.000,64.553,-0.864,1.801,20.0
1239,-0.560,1.447,0.000,64.497,-0.866,1.801,20.0
1240,-0.560,1.447,0.000,64.439,-0.867,1.800,20.0
1241,-0.560,1.447,0.000,64.380,-0.869,1.799,20.0
1242,-0.560,1.447,0.000,64.320,-0.871,1.798,20.0
1243,-0.560,1.447,0.000,64.260,-0.873,1.797,20.0
1244,-0.560,1.447,0.000,64.200,-0.875,1.796,20.0
1245,-0.560,1.447,0.000,64.140,-0.877,1.795,20.0
1246,-0.560,1.447,0.000,64.082,-0.878,1.794,20.0
1247,-0.560,1.447,0.000,64.025,-0.880,1.793,20.0
1248,-0.560,1.448,0.000,63.971,-0.882,1.793,20.0
1249,-0.560,1.448,0.000,63.918,-0.884,1.792,20.0
1250,-0.560,1.448,0.000,63.868,-0.885,1.791,20.0
1251,-0.560,1.448,0.000,63.818,-0.887,1.790,20.0
1252,-0.560,1.448,0.000,63.769,-0.888,1.789,20.0
1253,-0.559,1.448,0.000,63.720,-0.890,1.789,20.0
1254,-0.559,1.448,0.000,63.671,-0.891,1.788,20.0
1255,-0.559,1.448,0.000,63.620,-0.893,1.787,20.0
1256,-0.559,1.448,0.000,63.569,-0.895,1.786,20.0
1257,-0.559,1.448,0.000,63.516,-0.896,1.786,20.0
1258,-0.559,1.448,0.000,63.463,-0.898,1.785,20.0
1259,-0.559,1.448,0.000,63.409,-0.900,1.784,20.0
1260,-0.559,1.448,0.000,63.355,-0.901,1.783,20.0
1261,-0.559,1.448,0.000,63.302,-0.903,1.782,20.0
1262,-0.559,1.448,0.000,63.250,-0.904,1.781,20.0
1263,-0.559,1.448,0.000,63.199,-0.906,1.781,20.0
1264,-0.559,1.448,0.000,63.151,-0.908,1.780,20.0
1265,-0.559,1.448,0.000,63.105,-0.909,1.779,20.0
1266,-0.559,1.448,0.000,63.060,-0.910,1.778,20.0
1267,-0.559,1.448,0.000,63.017,-0.912,1.778,20.0
1268,-0.559,1.448,0.000,62.974,-0.913,1.777,20.0
1269,-0.559,1.448,0.000,62.931,-0.914,1.776,20.0
1270,-0.559,1.448,0.000,62.888,-0.916,1.776,20.0
1271,-0.559,1.448,0.000,62.844,-0.917,1.775,20.0
1272,-0.559,1.448,0.000,62.799,-0.918,1.774,20.0
1273,-0.558,1.448,0.000,62.752,-0.920,1.773,20.0
1274,-0.558,1.448,0.000,62.705,-0.921,1.773,20.0
1275,-0.558,1.448,0.000,62.657,-0.923,1.772,20.0
1276,-0.558,1.448,0.000,62.609,-0.924,1.771,20.0
1277,-0.558,1.448,0.000,62.562,-0.926,1.770,20.0
1278,-0.558,1.448,0.000,62.517,-0.927,1.770,20.0
1279,-0.558,1.448,0.000,62.473,-0.929,1.769,20.0
1280,-0.558,1.448,0.000,62.431,-0.930,1.768,20.0
1281,-0.558,1.448,0.000,62.391,-0.931,1.768,20.0
1282,-0.558,1.448,0.000,62.352,-0.932,1.767,20.0
1283,-0.558,1.448,0.000,62.315,-0.933,1.766,20.0
1284,-0.558,1.448,0.000,62.278,-0.935,1.766,20.0
1285,-0.558,1.448,0.000,62.242,-0.936,1.765,20.0
1286,-0.558,1.448,0.000,62.205,-0.937,1.765,20.0
1287,-0.558,1.448,0.000,62.167,-0.938,1.764,20.0
1288,-0.558,1.448,0.000,62.128,-0.939,1.763,20.0
1289,-0.558,1.448,0.000,62.087,-0.940,1.763,20.0
1290,-0.558,1.448,0.000,62.046,-0.942,1.762,20.0
1291,-0.558,1.448,0.000,62.004,-0.943,1.761,20.0
1292,-0.558,1.448,0.000,61.962,-0.944,1.761,20.0
1293,-0.558,1.448,0.000,61.921,-0.946,1.760,20.0
1294,-0.557,1.448,0.000,61.881,-0.947,1.759,20.0
1295,-0.557,1.448,0.000,61.843,-0.948,1.759,20.0
1296,-0.557,1.448,0.000,61.807,-0.949,1.758,20.0
1297,-0.557,1.449,0.000,61.772,-0.950,1.757,20.0
1298,-0.557,1.449,0.000,61.740,-0.951,1.757,20.0
1299,-0.557,1.449,0.000,61.708,-0.952,1.756,20.0
1300,-0.557,1.449,0.000,61.677,-0.953,1.756,20.0
1301,-0.557,1.449,0.000,61.646,-0.954,1.755,20.0
1302,-0.557,1.449,0.000,61.615,-0.955,1.755,20.0
1303,-0.557,1.449,0.000,61.583,-0.956,1.754,20.0
1304,-0.557,1.449,0.000,61.549,-0.957,1.754,20.0
1305,-0.557,1.449,0.000,61.514,-0.958,1.753,20.0
1306,-0.557,1.449,0.000,61.478,-0.959,1.753,20.0
1307,-0.557,1.449,0.000,61.442,-0.960,1.752,20.0
1308,-0.557,1.449,0.000,61.406,-0.961,1.751,20.0
1309,-0.557,1.449,0.000,61.370,-0.962,1.751,20.0
1310,-0.557,1.449,0.000,61.336,-0.963,1.750,20.0
1311,-0.557,1.449,0.000,61.303,-0.964,1.750,20.0
1312,-0.557,1.449,0.000,61.272,-0.965,1.749,20.0
1313,-0.556,1.449,0.000,61.244,-0.966,1.749,20.0
1314,-0.556,1.449,0.000,61.217,-0.967,1.748,20.0
1315,-0.556,1.449,0.000,61.191,-0.968,1.748,20.0
1316,-0.556,1.449,0.000,61.165,-0.969,1.747,20.0
1317,-0.556,1.449,0.000,61.140,-0.969,1.747,20.0
1318,-0.556,1.449,0.000,61.114,-0.970,1.746,20.0
1319,-0.556,1.449,0.000,61.087,-0.971,1.746,20.0
1320,-0.556,1.449,0.000,61.059,-0.972,1.746,20.0
1321,-0.556,1.449,0.000,61.030,-0.973,1.745,20.0
1322,-0.556,1.449,0.000,60.999,-0.974,1.744,20.0
1323,-0.556,1.449,0.000,60.968,-0.975,1.744,20.0
1324,-0.556,1.449,0.000,60.937,-0.976,1.743,20.0
1325,-0.556,1.449,0.000,60.907,-0.977,1.743,20.0
1326,-0.556,1.449,0.000,60.878,-0.977,1.742,20.0
1327,-0.556,1.449,0.000,60.850,-0.978,1.742,20.0
1328,-0.556,1.449,0.000,60.825,-0.979,1.742,20.0
1329,-0.556,1.449,0.000,60.801,-0.980,1.741,20.0
1330,-0.556,1.449,0.000,60.779,-0.980,1.741,20.0
1331,-0.556,1.449,0.000,60.758,-0.981,1.740,20.0
1332,-0.556,1.449,0.000,60.737,-0.982,1.740,20.0
1333,-0.556,1.449,0.000,60.717,-0.982,1.740,20.0
1334,-0.556,1.449,0.000,60.696,-0.983,1.739,20.0
1335,-0.556,1.449,0.000,60.674,-0.984,1.739,20.0
1336,-0.556,1.449,0.000,60.650,-0.984,1.739,20.0
1337,-0.556,1.449,0.000,60.626,-0.985,1.738,20.0
1338,-0.556,1.449,0.000,60.600,-0.986,1.738,20.0
1339,-0.556,1.449,0.000,60.574,-0.987,1.737,20.0
1340,-0.555,1.449,0.000,60.547,-0.987,1.737,20.0
1341,-0.555,1.449,0.000,60.522,-0.988,1.736,20.0
1342,-0.555,1.449,0.000,60.497,-0.989,1.736,20.0
1343,-0.555,1.449,0.000,60.474,-0.990,1.736,20.0
1344,-0.555,1.449,0.000,60.453,-0.990,1.735,20.0
1345,-0.555,1.449,0.000,60.434,-0.991,1.735,20.0
1346,-0.555,1.449,0.000,60.417,-0.991,1.734,20.0
1347,-0.555,1.449,0.000,60.400,-0.992,1.734,20.0
1348,-0.555,1.449,0.000,60.385,-0.992,1.734,20.0
1349,-0.555,1.449,0.000,60.369,-0.993,1.734,20.0
1350,-0.555,1.449,0.000,60.353,-0.993,1.733,20.0
1351,-0.555,1.449,0.000,60.335,-0.994,1.733,20.0
1352,-0.555,1.449,0.000,60.316,-0.994,1.733,20.0
1353,-0.555,1.449,0.000,60.296,-0.995,1.732,20.0
1354,-0.555,1.449,0.000,60.275,-0.996,1.732,20.0
1355,-0.555,1.449,0.000,60.253,-0.996,1.732,20.0
1356,-0.555,1.449,0.000,60.231,-0.997,1.731,20.0
1357,-0.555,1.449,0.000,60.210,-0.998,1.731,20.0
1358,-0.555,1.449,0.000,60.189,-0.998,1.731,20.0
1359,-0.555,1.449,0.000,60.171,-0.999,1.730,20.0
1360,-0.555,1.449,0.000,60.154,-0.999,1.730,20.0
1361,-0.555,1.449,0.000,60.139,-1.000,1.730,20.0
1362,-0.555,1.450,0.000,60.126,-1.000,1.729,20.0
1363,-0.555,1.450,0.000,60.113,-1.001,1.729,20.0
1364,-0.554,1.450,0.000,60.101,-1.001,1.729,20.0
1365,-0.554,1.450,0.000,60.090,-1.001,1.729,20.0
1366,-0.554,1.450,0.000,60.077,-1.002,1.729,20.0
1367,-0.554,1.450,0.000,60.064,-1.002,1.728,20.0
1368,-0.554,1.450,0.000,60.049,-1.003,1.728,20.0
1369,-0.554,1.450,0.000,60.032,-1.003,1.728,20.0
1370,-0.554,1.450,0.000,60.015,-1.004,1.727,20.0
1371,-0.554,1.450,0.000,59.996,-1.004,1.727,20.0
1372,-0.554,1.450,0.000,59.978,-1.005,1.727,20.0
1373,-0.554,1.450,0.000,59.961,-1.005,1.727,20.0
1374,-0.554,1.450,0.000,59.944,-1.006,1.726,20.0
1375,-0.554,1.450,0.000,59.929,-1.006,1.726,20.0
1376,-0.554,1.450,0.000,59.916,-1.007,1.726,20.0
1377,-0.554,1.450,0.000,59.905,-1.007,1.726,20.0
1378,-0.554,1.450,0.000,59.895,-1.007,1.725,20.0
1379,-0.554,1.450,0.000,59.887,-1.007,1.725,20.0
1380,-0.554,1.450,0.000,59.878,-1.008,1.725,20.0
1381,-0.554,1.450,0.000,59.870,-1.008,1.725,20.0
1382,-0.554,1.450,0.000,59.862,-1.008,1.725,20.0
1383,-0.554,1.450,0.000,59.852,-1.008,1.725,20.0
1384,-0.554,1.450,0.000,59.840,-1.009,1.724,20.0
1385,-0.554,1.450,0.000,59.827,-1.009,1.724,20.0
1386,-0.554,1.450,0.000,59.813,-1.010,1.724,20.0
1387,-0.554,1.450,0.000,59.799,-1.010,1.724,20.0
1388,-0.554,1.450,0.000,59.784,-1.011,1.723,20.0
1389,-0.554,1.450,0.000,59.770,-1.011,1.723,20.0
1390,-0.554,1.450,0.000,59.756,-1.011,1.723,20.0
1391,-0.554,1.450,0.000,59.745,-1.012,1.723,20.0
1392,-0.554,1.450,0.000,59.735,-1.012,1.723,20.0
1393,-0.554,1.450,0.000,59.727,-1.012,1.722,20.0
1394,-0.554,1.450,0.000,59.720,-1.012,1.722,20.0
1395,-0.554,1.450,0.000,59.715,-1.013,1.722,20.0
1396,-0.554,1.450,0.000,59.710,-1.013,1.722,20.0
1397,-0.554,1.450,0.000,59.704,-1.013,1.722,20.0
1398,-0.554,1.450,0.000,59.699,-1.013,1.722,20.0
1399,-0.554,1.450,0.000,59.692,-1.013,1.722,20.0
1400,-0.554,1.450,0.000,59.683,-1.014,1.722,20.0
1401,-0.554,1.450,0.000,59.673,-1.014,1.721,20.0
1402,-0.554,1.450,0.000,59.662,-1.014,1.721,20.0
1403,-0.554,1.450,0.000,59.650,-1.015,1.721,20.0
1404,-0.554,1.450,0.000,59.638,-1.015,1.721,20.0
1405,-0.553,1.450,0.000,59.626,-1.015,1.721,20.0
1406,-0.553,1.450,0.000,59.616,-1.016,1.720,20.0
1407,-0.553,1.450,0.000,59.607,-1.016,1.720,20.0
1408,-0.553,1.450,0.000,59.600,-1.016,1.720,20.0
1409,-0.553,1.450,0.000,59.594,-1.016,1.720,20.0
1410,-0.553,1.450,0.000,59.591,-1.016,1.720,20.0
1411,-0.553,1.450,0.000,59.588,-1.016,1.720,20.0
1412,-0.553,1.450,0.000,59.586,-1.017,1.720,20.0
1413,-0.553,1.450,0.000,59.583,-1.017,1.720,20.0
1414,-0.553,1.450,0.000,59.580,-1.017,1.720,20.0
1415,-0.553,1.450,0.000,59.576,-1.017,1.720,20.0
1416,-0.553,1.450,0.000,59.570,-1.017,1.720,20.0
1417,-0.553,1.450,0.000,59.563,-1.017,1.720,20.0
1418,-0.553,1.450,0.000,59.554,-1.017,1.719,20.0
1419,-0.553,1.450,0.000,59.545,-1.018,1.719,20.0
1420,-0.553,1.450,0.000,59.535,-1.018,1.719,20.0
1421,-0.553,1.450,0.000,59.526,-1.018,1.719,20.0
1422,-0.553,1.450,0.000,59.518,-1.019,1.719,20.0
1423,-0.553,1.450,0.000,59.512,-1.019,1.719,20.0
1424,-0.553,1.450,0.000,59.507,-1.019,1.719,20.0
1425,-0.553,1.450,0.000,59.504,-1.019,1.718,20.0
1426,-0.553,1.450,0.000,59.503,-1.019,1.718,20.0
1427,-0.553,1.450,0.000,59.502,-1.019,1.718,20.0
1428,-0.553,1.450,0.000,59.502,-1.019,1.718,20.0
1429,-0.553,1.450,0.000,59.502,-1.019,1.718,20.0
1430,-0.553,1.450,0.000,59.501,-1.019,1.718,20.0
1431,-0.553,1.450,0.000,59.499,-1.019,1.718,20.0
1432,-0.553,1.450,0.000,59.495,-1.019,1.718,20.0
1433,-0.553,1.450,0.000,59.490,-1.019,1.718,20.0
1434,-0.553,1.450,0.000,59.483,-1.020,1.718,20.0
1435,-0.553,1.450,0.000,59.476,-1.020,1.718,20.0
1436,-0.553,1.450,0.000,59.468,-1.020,1.718,20.0
1437,-0.553,1.450,0.000,59.461,-1.020,1.718,20.0
1438,-0.553,1.450,0.000,59.455,-1.020,1.718,20.0
1439,-0.553,1.450,0.000,59.451,-1.021,1.718,20.0
1440,-0.553,1.451,0.000,59.448,-1.021,1.717,20.0
1441,-0.553,1.451,0.000,59.447,-1.021,1.717,20.0
1442,-0.553,1.451,0.000,59.448,-1.021,1.717,20.0
1443,-0.553,1.451,0.000,59.449,-1.021,1.718,20.0
1444,-0.553,1.451,0.000,59.451,-1.021,1.718,20.0
1445,-0.553,1.451,0.000,59.453,-1.020,1.718,20.0
1446,-0.553,1.451,0.000,59.454,-1.020,1.718,20.0
1447,-0.553,1.451,0.000,59.454,-1.020,1.718,20.0
1448,-0.553,1.451,0.000,59.451,-1.021,1.718,20.0
1449,-0.553,1.451,0.000,59.448,-1.021,1.717,20.0
1450,-0.553,1.451,0.000,59.443,-1.021,1.717,20.0
1451,-0.553,1.451,0.000,59.438,-1.021,1.717,20.0
1452,-0.553,1.451,0.000,59.432,-1.021,1.717,20.0
1453,-0.553,1.451,0.000,59.427,-1.021,1.717,20.0
1454,-0.552,1.451,0.000,59.422,-1.021,1.717,20.0
1455,-0.552,1.451,0.000,59.420,-1.021,1.717,20.0
1456,-0.552,1.451,0.000,59.419,-1.022,1.717,20.0
1457,-0.552,1.451,0.000,59.419,-1.021,1.717,20.0
1458,-0.552,1.451,0.000,59.421,-1.021,1.717,20.0
1459,-0.552,1.451,0.000,59.424,-1.021,1.717,20.0
1460,-0.552,1.451,0.000,59.428,-1.021,1.717,20.0
1461,-0.552,1.451,0.000,59.431,-1.021,1.717,20.0
1462,-0.552,1.451,0.000,59.433,-1.021,1.717,20.0
1463,-0.552,1.451,0.000,59.434,-1.021,1.717,20.0
1464,-0.552,1.451,0.000,59.434,-1.021,1.717,20.0
1465,-0.552,1.451,0.000,59.431,-1.021,1.717,20.0
1466,-0.552,1.451,0.000,59.428,-1.021,1.717,20.0
1467,-0.552,1.451,0.000,59.424,-1.021,1.717,20.0
1468,-0.552,1.451,0.000,59.419,-1.021,1.717,20.0
1469,-0.552,1.451,0.000,59.415,-1.022,1.717,20.0
1470,-0.552,1.451,0.000,59.412,-1.022,1.717,20.0
1471,-0.552,1.451,0.000,59.410,-1.022,1.717,20.0
1472,-0.552,1.451,0.000,59.410,-1.022,1.717,20.0
1473,-0.552,1.451,0.000,59.412,-1.022,1.717,20.0
1474,-0.552,1.451,0.000,59.415,-1.022,1.717,20.0
1475,-0.552,1.451,0.000,59.419,-1.021,1.717,20.0
1476,-0.552,1.451,0.000,59.424,-1.021,1.717,20.0
1477,-0.552,1.451,0.000,59.428,-1.021,1.717,20.0
1478,-0.552,1.451,0.000,59.432,-1.021,1.717,20.0
1479,-0.552,1.451,0.000,59.434,-1.021,1.717,20.0
1480,-0.552,1.451,0.000,59.435,-1.021,1.717,20.0
1481,-0.552,1.451,0.000,59.434,-1.021,1.717,20.0
1482,-0.552,1.451,0.000,59.431,-1.021,1.717,20.0
1483,-0.552,1.451,0.000,59.428,-1.021,1.717,20.0
1484,-0.552,1.451,0.000,59.425,-1.021,1.717,20.0
1485,-0.552,1.451,0.000,59.422,-1.021,1.717,20.0
1486,-0.552,1.451,0.000,59.420,-1.021,1.717,20.0
1487,-0.552,1.451,0.000,59.419,-1.021,1.717,20.0
1488,-0.552,1.451,0.000,59.421,-1.021,1.717,20.0
1489,-0.552,1.451,0.000,59.424,-1.021,1.717,20.0
1490,-0.552,1.451,0.000,59.428,-1.021,1.717,20.0
1491,-0.552,1.451,0.000,59.433,-1.021,1.717,20.0
1492,-0.552,1.451,0.000,59.439,-1.021,1.717,20.0
1493,-0.552,1.451,0.000,59.444,-1.021,1.717,20.0
1494,-0.552,1.451,0.000,59.448,-1.021,1.717,20.0
1495,-0.552,1.451,0.000,59.451,-1.021,1.718,20.0
1496,-0.552,1.451,0.000,59.453,-1.020,1.718,20.0
1497,-0.552,1.451,0.000,59.452,-1.020,1.718,20.0
1498,-0.552,1.451,0.000,59.451,-1.021,1.718,20.0
1499,-0.552,1.451,0.000,59.448,-1.021,1.717,20.0
1500,-0.552,1.451,0.000,59.446,-1.021,1.717,20.0
1501,-0.552,1.451,0.000,59.443,-1.021,1.717,20.0
1502,-0.552,1.451,0.000,59.442,-1.021,1.717,20.0
1503,-0.552,1.451,0.000,59.442,-1.021,1.717,20.0
1504,-0.552,1.451,0.000,59.444,-1.021,1.717,20.0
1505,-0.552,1.451,0.000,59.447,-1.021,1.717,20.0
1506,-0.552,1.451,0.000,59.452,-1.021,1.718,20.0
1507,-0.552,1.451,0.000,59.458,-1.020,1.718,20.0
1508,-0.552,1.451,0.000,59.464,-1.020,1.718,20.0
1509,-0.552,1.451,0.000,59.470,-1.020,1.718,20.0
1510,-0.552,1.451,0.000,59.476,-1.020,1.718,20.0
1511,-0.552,1.451,0.000,59.479,-1.020,1.718,20.0
1512,-0.552,1.451,0.000,59.481,-1.020,1.718,20.0
1513,-0.552,1.451,0.000,59.482,-1.020,1.718,20.0
1514,-0.552,1.451,0.000,59.481,-1.020,1.718,20.0
1515,-0.552,1.451,0.000,59.479,-1.020,1.718,20.0
1516,-0.552,1.451,0.000,59.477,-1.020,1.718,20.0
1517,-0.552,1.451,0.000,59.476,-1.020,1.718,20.0
1518,-0.552,1.451,0.000,59.475,-1.020,1.718,20.0
1519,-0.552,1.451,0.000,59.476,-1.020,1.718,20.0
1520,-0.551,1.452,0.000,59.478,-1.020,1.718,20.0
1521,-0.551,1.452,0.000,59.483,-1.020,1.718,20.0
1522,-0.551,1.452,0.000,59.488,-1.019,1.718,20.0
1523,-0.551,1.452,0.000,59.495,-1.019,1.718,20.0
1524,-0.551,1.452,0.000,59.501,-1.019,1.718,20.0
1525,-0.551,1.452,0.000,59.508,-1.019,1.719,20.0
1526,-0.551,1.452,0.000,59.514,-1.019,1.719,20.0
1527,-0.551,1.452,0.000,59.518,-1.019,1.719,20.0
1528,-0.551,1.452,0.000,59.520,-1.018,1.719,20.0
1529,-0.551,1.452,0.000,59.521,-1.018,1.719,20.0
1530,-0.551,1.452,0.000,59.520,-1.018,1.719,20.0
1531,-0.551,1.452,0.000,59.519,-1.019,1.719,20.0
1532,-0.551,1.452,0.000,59.517,-1.019,1.719,20.0
1533,-0.551,1.452,0.000,59.516,-1.019,1.719,20.0
1534,-0.551,1.452,0.000,59.515,-1.019,1.719,20.0
1535,-0.551,1.452,0.000,59.516,-1.019,1.719,20.0
1536,-0.551,1.452,0.000,59.519,-1.018,1.719,20.0
1537,-0.551,1.452,0.000,59.524,-1.018,1.719,20.0
1538,-0.551,1.452,0.000,59.529,-1.018,1.719,20.0
1539,-0.551,1.452,0.000,59.536,-1.018,1.719,20.0
1540,-0.551,1.452,0.000,59.543,-1.018,1.719,20.0
1541,-0.551,1.452,0.000,59.550,-1.018,1.719,20.0
1542,-0.551,1.452,0.000,59.556,-1.017,1.719,20.0
1543,-0.551,1.452,0.000,59.560,-1.017,1.719,20.0
1544,-0.551,1.452,0.000,59.563,-1.017,1.720,20.0
1545,-0.551,1.452,0.000,59.564,-1.017,1.720,20.0
1546,-0.551,1.452,0.000,59.564,-1.017,1.720,20.0
1547,-0.551,1.452,0.000,59.563,-1.017,1.720,20.0
1548,-0.551,1.452,0.000,59.562,-1.017,1.720,20.0
1549,-0.551,1.452,0.000,59.561,-1.017,1.719,20.0
1550,-0.551,1.452,0.000,59.561,-1.017,1.720,20.0
1551,-0.551,1.452,0.000,59.562,-1.017,1.720,20.0
1552,-0.551,1.452,0.000,59.565,-1.017,1.720,20.0
1553,-0.551,1.452,0.000,59.570,-1.017,1.720,20.0
1554,-0.551,1.452,0.000,59.576,-1.017,1.720,20.0
1555,-0.551,1.452,0.000,59.583,-1.017,1.720,20.0
1556,-0.551,1.452,0.000,59.591,-1.016,1.720,20.0
1557,-0.551,1.452,0.000,59.599,-1.016,1.720,20.0
1558,-0.551,1.452,0.000,59.607,-1.016,1.720,20.0
1559,-0.551,1.452,0.000,59.614,-1.016,1.720,20.0
1560,-0.551,1.452,0.000,59.620,-1.015,1.721,20.0
1561,-0.551,1.452,0.000,59.627,-1.015,1.721,20.0
1562,-0.551,1.452,0.000,59.634,-1.015,1.721,20.0
1563,-0.551,1.452,0.000,59.642,-1.015,1.721,20.0
1564,-0.551,1.452,0.000,59.652,-1.015,1.721,20.0
1565,-0.551,1.452,0.000,59.664,-1.014,1.721,20.0
1566,-0.551,1.452,0.000,59.678,-1.014,1.722,20.0
1567,-0.551,1.452,0.000,59.694,-1.013,1.722,20.0
1568,-0.551,1.452,0.000,59.712,-1.013,1.722,20.0
1569,-0.551,1.452,0.000,59.731,-1.012,1.723,20.0
1570,-0.551,1.452,0.000,59.751,-1.012,1.723,20.0
1571,-0.551,1.452,0.000,59.771,-1.011,1.723,20.0
1572,-0.551,1.452,0.000,59.790,-1.010,1.724,20.0
1573,-0.551,1.452,0.000,59.809,-1.010,1.724,20.0
1574,-0.551,1.452,0.000,59.826,-1.009,1.724,20.0
1575,-0.551,1.452,0.000,59.843,-1.009,1.724,20.0
1576,-0.551,1.452,0.000,59.860,-1.008,1.725,20.0
1577,-0.551,1.452,0.000,59.877,-1.008,1.725,20.0
1578,-0.551,1.452,0.000,59.895,-1.007,1.725,20.0
1579,-0.551,1.452,0.000,59.915,-1.007,1.726,20.0
1580,-0.551,1.452,0.000,59.937,-1.006,1.726,20.0
1581,-0.551,1.452,0.000,59.959,-1.005,1.727,20.0
1582,-0.551,1.452,0.000,59.983,-1.005,1.727,20.0
1583,-0.551,1.452,0.000,60.008,-1.004,1.727,20.0
1584,-0.551,1.452,0.000,60.033,-1.003,1.728,20.0
1585,-0.551,1.452,0.000,60.057,-1.002,1.728,20.0
1586,-0.551,1.452,0.000,60.080,-1.002,1.729,20.0
1587,-0.551,1.452,0.000,60.102,-1.001,1.729,20.0
1588,-0.551,1.452,0.000,60.122,-1.000,1.729,20.0
1589,-0.551,1.452,0.000,60.142,-1.000,1.730,20.0
1590,-0.551,1.452,0.000,60.161,-0.999,1.730,20.0
1591,-0.551,1.452,0.000,60.181,-0.999,1.730,20.0
1592,-0.551,1.452,0.000,60.201,-0.998,1.731,20.0
1593,-0.551,1.453,0.000,60.222,-0.997,1.731,20.0
1594,-0.551,1.453,0.000,60.246,-0.997,1.732,20.0
1595,-0.551,1.453,0.000,60.270,-0.996,1.732,20.0
1596,-0.551,1.453,0.000,60.295,-0.995,1.732,20.0
1597,-0.551,1.453,0.000,60.321,-0.994,1.733,20.0
1598,-0.551,1.453,0.000,60.347,-0.994,1.733,20.0
1599,-0.551,1.453,0.000,60.372,-0.993,1.734,20.0
1600,-0.551,1.453,0.000,60.396,-0.992,1.734,20.0
1601,-0.551,1.453,0.000,60.418,-0.991,1.735,20.0
1602,-0.551,1.453,0.000,60.439,-0.991,1.735,20.0
1603,-0.551,1.453,0.000,60.459,-0.990,1.735,20.0
1604,-0.551,1.453,0.000,60.478,-0.990,1.736,20.0
1605,-0.551,1.453,0.000,60.498,-0.989,1.736,20.0
1606,-0.551,1.453,0.000,60.518,-0.988,1.736,20.0
1607,-0.551,1.453,0.000,60.539,-0.988,1.737,20.0
1608,-0.551,1.453,0.000,60.561,-0.987,1.737,20.0
1609,-0.551,1.453,0.000,60.584,-0.986,1.737,20.0
1610,-0.551,1.453,0.000,60.609,-0.986,1.738,20.0
1611,-0.551,1.453,0.000,60.633,-0.985,1.738,20.0
1612,-0.551,1.453,0.000,60.657,-0.984,1.739,20.0
1613,-0.551,1.453,0.000,60.681,-0.983,1.739,20.0
1614,-0.551,1.453,0.000,60.703,-0.983,1.739,20.0
1615,-0.551,1.453,0.000,60.723,-0.982,1.740,20.0
1616,-0.551,1.453,0.000,60.742,-0.982,1.740,20.0
1617,-0.551,1.453,0.000,60.760,-0.981,1.740,20.0
1618,-0.551,1.453,0.000,60.777,-0.981,1.741,20.0
1619,-0.551,1.453,0.000,60.793,-0.980,1.741,20.0
1620,-0.551,1.453,0.000,60.811,-0.979,1.741,20.0
1621,-0.551,1.453,0.000,60.829,-0.979,1.742,20.0
1622,-0.551,1.453,0.000,60.848,-0.978,1.742,20.0
1623,-0.551,1.453,0.000,60.868,-0.978,1.742,20.0
1624,-0.551,1.453,0.000,60.889,-0.977,1.743,20.0
1625,-0.551,1.453,0.000,60.910,-0.976,1.743,20.0
1626,-0.551,1.453,0.000,60.931,-0.976,1.743,20.0
1627,-0.551,1.453,0.000,60.951,-0.975,1.744,20.0
1628,-0.551,1.453,0.000,60.969,-0.975,1.744,20.0
1629,-0.551,1.453,0.000,60.986,-0.974,1.744,20.0
1630,-0.551,1.453,0.000,61.000,-0.974,1.745,20.0
1631,-0.551,1.453,0.000,61.014,-0.973,1.745,20.0
1632,-0.551,1.453,0.000,61.027,-0.973,1.745,20.0
1633,-0.551,1.453,0.000,61.039,-0.973,1.745,20.0
1634,-0.551,1.453,0.000,61.051,-0.956,1.741,20.0
1635,-0.551,1.453,0.000,61.063,-0.948,1.683,20.0
1636,-0.551,1.453,0.000,61.074,-0.911,1.652,20.0
1637,-0.551,1.453,0.000,61.086,-0.900,1.617,20.0
1638,-0.551,1.454,0.000,61.099,-0.890,1.592,20.0
1639,-0.551,1.454,0.000,61.111,-0.878,1.577,20.0
1640,-0.551,1.454,0.000,61.123,-0.871,1.569,20.0
1641,-0.551,1.454,0.000,61.134,-0.871,1.567,20.0
1642,-0.551,1.454,0.000,61.144,-0.874,1.572,20.0
1643,-0.551,1.454,0.000,61.152,-0.881,1.585,20.0
1644,-0.551,1.454,0.000,61.159,-0.891,1.605,20.0
1645,-0.551,1.454,0.000,61.164,-0.906,1.632,20.0
1646,-0.551,1.454,0.000,61.169,-0.925,1.666,20.0
1647,-0.551,1.454,0.000,61.174,-0.948,1.708,20.0
1648,-0.551,1.454,0.000,61.178,-0.972,1.757,20.0
1649,-0.551,1.454,0.000,61.182,-0.969,1.737,20.0
1650,-0.551,1.454,0.000,61.184,-0.937,1.707,20.0
1651,-0.551,1.454,0.000,61.188,-0.930,1.675,20.0
1652,-0.551,1.454,0.000,61.191,-0.921,1.654,20.0
1653,-0.551,1.454,0.000,61.195,-0.911,1.644,20.0
1654,-0.551,1.455,0.000,61.198,-0.908,1.640,20.0
1655,-0.551,1.455,0.000,61.200,-0.911,1.643,20.0
1656,-0.551,1.455,0.000,61.203,-0.917,1.653,20.0
1657,-0.551,1.455,0.000,61.208,-0.926,1.671,20.0
1658,-0.551,1.455,0.000,61.212,-0.940,1.697,20.0
1659,-0.551,1.455,0.000,61.216,-0.958,1.730,20.0
1660,-0.551,1.455,0.000,61.218,-0.964,1.765,20.0
1661,-0.551,1.455,0.000,61.219,-0.966,1.729,20.0
1662,-0.551,1.455,0.000,61.220,-0.948,1.708,20.0
1663,-0.551,1.455,0.000,61.221,-0.936,1.695,20.0
1664,-0.551,1.455,0.000,61.224,-0.933,1.687,20.0
1665,-0.550,1.455,0.000,61.227,-0.935,1.687,20.0
1666,-0.550,1.455,0.000,61.231,-0.939,1.696,20.0
1667,-0.550,1.455,0.000,61.235,-0.947,1.712,20.0
1668,-0.550,1.455,0.000,61.238,-0.960,1.736,20.0
1669,-0.550,1.455,0.000,61.240,-0.963,1.762,20.0
1670,-0.550,1.455,0.000,61.241,-0.965,1.735,20.0
1671,-0.550,1.455,0.000,61.244,-0.955,1.721,20.0
1672,-0.550,1.455,0.000,61.248,-0.947,1.716,20.0
1673,-0.550,1.455,0.000,61.252,-0.948,1.717,20.0
1674,-0.550,1.455,0.000,61.255,-0.954,1.725,20.0
1675,-0.550,1.455,0.000,61.258,-0.963,1.742,20.0
1676,-0.550,1.455,0.000,61.261,-0.962,1.758,20.0
1677,-0.550,1.455,0.000,61.264,-0.963,1.739,20.0
1678,-0.550,1.456,0.000,61.266,-0.960,1.731,20.0
1679,-0.550,1.456,0.000,61.270,-0.958,1.734,20.0
1680,-0.550,1.456,0.000,61.274,-0.962,1.743,20.0
1681,-0.550,1.456,0.000,61.278,-0.963,1.756,20.0
1682,-0.550,1.456,0.000,61.282,-0.966,1.744,20.0
1683,-0.550,1.456,0.000,61.284,-0.963,1.742,20.0
1684,-0.550,1.456,0.000,61.287,-0.964,1.748,20.0
1685,-0.550,1.456,0.000,61.291,-0.963,1.753,20.0
1686,-0.550,1.456,0.000,61.297,-0.964,1.746,20.0
1687,-0.550,1.456,0.000,61.304,-0.966,1.749,20.0
1688,-0.550,1.456,0.000,61.311,-0.964,1.751,20.0
1689,-0.550,1.456,0.000,61.318,-0.963,1.748,20.0
1690,-0.550,1.456,0.000,61.324,-0.963,1.752,20.0
1691,-0.550,1.456,0.000,61.332,-0.964,1.749,20.0
1692,-0.550,1.456,0.000,61.340,-0.963,1.751,20.0
1693,-0.550,1.456,0.000,61.350,-0.963,1.750,20.0
1694,-0.550,1.456,0.000,61.359,-0.963,1.751,20.0
1695,-0.550,1.456,0.000,61.369,-0.962,1.751,20.0
1696,-0.550,1.456,0.000,61.378,-0.962,1.751,20.0
1697,-0.550,1.456,0.000,61.388,-0.962,1.751,20.0
1698,-0.550,1.456,0.000,61.398,-0.962,1.751,20.0
1699,-0.550,1.456,0.000,61.411,-0.961,1.752,20.0
1700,-0.550,1.456,0.000,61.424,-0.961,1.751,20.0
1701,-0.550,1.456,0.000,61.438,-0.960,1.752,20.0
1702,-0.550,1.456,0.000,61.452,-0.960,1.752,20.0
1703,-0.550,1.456,0.000,61.466,-0.960,1.752,20.0
1704,-0.550,1.456,0.000,61.479,-0.959,1.753,20.0
1705,-0.550,1.456,0.000,61.494,-0.959,1.753,20.0
1706,-0.550,1.456,0.000,61.509,-0.958,1.753,20.0
1707,-0.550,1.456,0.000,61.525,-0.958,1.753,20.0
1708,-0.550,1.456,0.000,61.541,-0.957,1.754,20.0
1709,-0.550,1.456,0.000,61.557,-0.957,1.754,20.0
1710,-0.550,1.456,0.000,61.573,-0.956,1.754,20.0
1711,-0.550,1.456,0.000,61.589,-0.956,1.754,20.0
1712,-0.550,1.456,0.000,61.606,-0.955,1.755,20.0
1713,-0.550,1.456,0.000,61.624,-0.955,1.755,20.0
1714,-0.550,1.456,0.000,61.643,-0.954,1.755,20.0
1715,-0.550,1.456,0.000,61.663,-0.953,1.756,20.0
1716,-0.550,1.456,0.000,61.683,-0.953,1.756,20.0
1717,-0.550,1.456,0.000,61.703,-0.952,1.756,20.0
1718,-0.550,1.456,0.000,61.723,-0.952,1.757,20.0
1719,-0.550,1.456,0.000,61.744,-0.951,1.757,20.0
1720,-0.550,1.456,0.000,61.765,-0.950,1.757,20.0
1721,-0.550,1.456,0.000,61.787,-0.950,1.758,20.0
1722,-0.550,1.456,0.000,61.810,-0.949,1.758,20.0
1723,-0.550,1.456,0.000,61.832,-0.948,1.758,20.0
1724,-0.550,1.456,0.000,61.854,-0.948,1.759,20.0
1725,-0.550,1.456,0.000,61.876,-0.947,1.759,20.0
1726,-0.550,1.456,0.000,61.899,-0.946,1.760,20.0
1727,-0.550,1.456,0.000,61.922,-0.946,1.760,20.0
1728,-0.550,1.456,0.000,61.947,-0.945,1.760,20.0
1729,-0.550,1.456,0.000,61.972,-0.944,1.761,20.0
1730,-0.550,1.456,0.000,61.997,-0.943,1.761,20.0
1731,-0.550,1.456,0.000,62.022,-0.942,1.762,20.0
1732,-0.550,1.456,0.000,62.047,-0.942,1.762,20.0
1733,-0.550,1.456,0.000,62.072,-0.941,1.762,20.0
1734,-0.550,1.456,0.000,62.099,-0.940,1.763,20.0
1735,-0.550,1.457,0.000,62.126,-0.939,1.763,20.0
1736,-0.550,1.457,0.000,62.154,-0.938,1.764,20.0
1737,-0.550,1.457,0.000,62.181,-0.938,1.764,20.0
1738,-0.550,1.457,0.000,62.208,-0.937,1.765,20.0
1739,-0.550,1.457,0.000,62.236,-0.936,1.765,20.0
1740,-0.550,1.457,0.000,62.264,-0.935,1.766,20.0
1741,-0.550,1.457,0.000,62.292,-0.934,1.766,20.0
1742,-0.550,1.457,0.000,62.322,-0.933,1.766,20.0
1743,-0.550,1.457,0.000,62.351,-0.932,1.767,20.0
1744,-0.550,1.457,0.000,62.381,-0.931,1.767,20.0
1745,-0.550,1.457,0.000,62.410,-0.930,1.768,20.0
1746,-0.550,1.457,0.000,62.439,-0.930,1.768,20.0
1747,-0.550,1.457,0.000,62.469,-0.929,1.769,20.0
1748,-0.550,1.457,0.000,62.499,-0.928,1.769,20.0
1749,-0.551,1.457,0.000,62.530,-0.927,1.770,20.0
1750,-0.551,1.457,0.000,62.562,-0.926,1.770,20.0
1751,-0.551,1.457,0.000,62.593,-0.925,1.771,20.0
1752,-0.551,1.457,0.000,62.624,-0.924,1.771,20.0
1753,-0.551,1.457,0.000,62.656,-0.923,1.772,20.0
1754,-0.551,1.457,0.000,62.687,-0.922,1.772,20.0
1755,-0.551,1.457,0.000,62.719,-0.921,1.773,20.0
1756,-0.551,1.457,0.000,62.752,-0.920,1.773,20.0
1757,-0.551,1.457,0.000,62.785,-0.919,1.774,20.0
1758,-0.551,1.457,0.000,62.818,-0.918,1.775,20.0
1759,-0.551,1.457,0.000,62.850,-0.917,1.775,20.0
1760,-0.551,1.457,0.000,62.882,-0.916,1.776,20.0
1761,-0.551,1.457,0.000,62.914,-0.915,1.776,20.0
1762,-0.551,1.457,0.000,62.947,-0.914,1.777,20.0
1763,-0.551,1.457,0.000,62.982,-0.913,1.777,20.0
1764,-0.551,1.457,0.000,63.016,-0.912,1.778,20.0
1765,-0.551,1.457,0.000,63.050,-0.911,1.778,20.0
1766,-0.551,1.457,0.000,63.083,-0.910,1.779,20.0
1767,-0.551,1.457,0.000,63.117,-0.909,1.779,20.0
1768,-0.551,1.457,0.000,63.150,-0.908,1.780,20.0
1769,-0.551,1.457,0.000,63.185,-0.907,1.780,20.0
1770,-0.551,1.457,0.000,63.219,-0.905,1.781,20.0
1771,-0.551,1.457,0.000,63.254,-0.904,1.781,20.0
1772,-0.551,1.457,0.000,63.289,-0.903,1.782,20.0
1773,-0.551,1.458,0.000,63.323,-0.902,1.783,20.0
1774,-0.551,1.458,0.000,63.356,-0.901,1.783,20.0
1775,-0.551,1.458,0.000,63.390,-0.900,1.784,20.0
1776,-0.551,1.458,0.000,63.426,-0.899,1.784,20.0
1777,-0.551,1.458,0.000,63.461,-0.898,1.785,20.0
1778,-0.551,1.458,0.000,63.497,-0.897,1.785,20.0
1779,-0.551,1.458,0.000,63.533,-0.896,1.786,20.0
1780,-0.551,1.458,0.000,63.568,-0.895,1.786,20.0
1781,-0.551,1.458,0.000,63.602,-0.893,1.787,20.0
1782,-0.551,1.458,0.000,63.638,-0.892,1.787,20.0
1783,-0.551,1.458,0.000,63.673,-0.891,1.788,20.0
1784,-0.551,1.458,0.000,63.710,-0.890,1.789,20.0
1785,-0.551,1.458,0.000,63.746,-0.889,1.789,20.0
1786,-0.551,1.458,0.000,63.782,-0.888,1.790,20.0
1787,-0.551,1.458,0.000,63.817,-0.887,1.790,20.0
1788,-0.551,1.458,0.000,63.852,-0.886,1.791,20.0
1789,-0.551,1.458,0.000,63.887,-0.885,1.791,20.0
1790,-0.551,1.458,0.000,63.923,-0.883,1.792,20.0
1791,-0.551,1.458,0.000,63.960,-0.882,1.792,20.0
1792,-0.551,1.458,0.000,63.997,-0.881,1.793,20.0
1793,-0.551,1.458,0.000,64.034,-0.880,1.794,20.0
1794,-0.551,1.458,0.000,64.069,-0.879,1.794,20.0
1795,-0.551,1.458,0.000,64.105,-0.878,1.795,20.0
1796,-0.551,1.458,0.000,64.141,-0.877,1.795,20.0
1797,-0.551,1.458,0.000,64.179,-0.875,1.796,20.0
1798,-0.551,1.458,0.000,64.217,-0.874,1.796,20.0
1799,-0.551,1.458,0.000,64.255,-0.873,1.797,20.0
1800,-0.551,1.458,0.000,64.291,-0.872,1.798,20.0
1801,-0.551,1.458,0.000,64.326,-0.871,1.798,20.0
1802,-0.551,1.458,0.000,64.361,-0.870,1.799,20.0
1803,-0.551,1.458,0.000,64.396,-0.869,1.799,20.0
1804,-0.551,1.458,0.000,64.431,-0.868,1.800,20.0
1805,-0.551,1.458,0.000,64.466,-0.866,1.800,20.0
1806,-0.551,1.459,0.000,64.500,-0.865,1.801,20.0
1807,-0.551,1.459,0.000,64.534,-0.864,1.801,20.0
1808,-0.551,1.459,0.000,64.567,-0.863,1.802,20.0
1809,-0.551,1.459,0.000,64.600,-0.862,1.802,20.0
1810,-0.551,1.459,0.000,64.633,-0.861,1.803,20.0
1811,-0.551,1.459,0.000,64.669,-0.860,1.803,20.0
1812,-0.551,1.459,0.000,64.705,-0.859,1.804,20.0
1813,-0.551,1.459,0.000,64.741,-0.858,1.804,20.0
1814,-0.551,1.459,0.000,64.778,-0.857,1.805,20.0
1815,-0.551,1.459,0.000,64.813,-0.856,1.805,20.0
1816,-0.551,1.459,0.000,64.848,-0.854,1.806,20.0
1817,-0.551,1.459,0.000,64.883,-0.853,1.806,20.0
1818,-0.551,1.459,0.000,64.918,-0.852,1.807,20.0
1819,-0.551,1.459,0.000,64.953,-0.851,1.807,20.0
1820,-0.551,1.459,0.000,64.988,-0.850,1.808,20.0
1821,-0.551,1.459,0.000,65.022,-0.849,1.808,20.0
1822,-0.551,1.459,0.000,65.055,-0.848,1.809,20.0
1823,-0.551,1.459,0.000,65.088,-0.847,1.809,20.0
1824,-0.551,1.459,0.000,65.122,-0.846,1.810,20.0
1825,-0.551,1.459,0.000,65.157,-0.845,1.810,20.0
1826,-0.551,1.459,0.000,65.193,-0.844,1.811,20.0
1827,-0.551,1.459,0.000,65.230,-0.842,1.812,20.0
1828,-0.551,1.459,0.000,65.266,-0.841,1.812,20.0
1829,-0.551,1.459,0.000,65.301,-0.840,1.813,20.0
1830,-0.551,1.459,0.000,65.336,-0.839,1.813,20.0
1831,-0.551,1.459,0.000,65.371,-0.838,1.814,20.0
1832,-0.551,1.459,0.000,65.406,-0.837,1.814,20.0
1833,-0.551,1.459,0.000,65.440,-0.836,1.815,20.0
1834,-0.551,1.459,0.000,65.475,-0.835,1.815,20.0
1835,-0.551,1.459,0.000,65.509,-0.834,1.816,20.0
1836,-0.551,1.459,0.000,65.541,-0.833,1.816,20.0
1837,-0.551,1.459,0.000,65.574,-0.831,1.817,20.0
1838,-0.551,1.459,0.000,65.607,-0.830,1.817,20.0
1839,-0.551,1.459,0.000,65.642,-0.829,1.818,20.0
1840,-0.551,1.460,0.000,65.678,-0.828,1.818,20.0
1841,-0.551,1.460,0.000,65.714,-0.827,1.819,20.0
1842,-0.551,1.460,0.000,65.751,-0.826,1.819,20.0
1843,-0.551,1.460,0.000,65.788,-0.825,1.820,20.0
1844,-0.551,1.460,0.000,65.824,-0.824,1.820,20.0
1845,-0.551,1.460,0.000,65.859,-0.822,1.821,20.0
1846,-0.551,1.460,0.000,65.895,-0.821,1.821,20.0
1847,-0.551,1.460,0.000,65.931,-0.820,1.822,20.0
1848,-0.551,1.460,0.000,65.967,-0.819,1.822,20.0
1849,-0.551,1.460,0.000,66.002,-0.818,1.823,20.0
1850,-0.552,1.460,0.000,66.036,-0.817,1.823,20.0
1851,-0.552,1.460,0.000,66.069,-0.816,1.824,20.0
1852,-0.552,1.460,0.000,66.104,-0.815,1.824,20.0
1853,-0.552,1.460,0.000,66.139,-0.814,1.825,20.0
1854,-0.552,1.460,0.000,66.176,-0.812,1.825,20.0
1855,-0.552,1.460,0.000,66.214,-0.811,1.826,20.0
1856,-0.552,1.460,0.000,66.251,-0.810,1.826,20.0
1857,-0.552,1.460,0.000,66.289,-0.809,1.827,20.0
1858,-0.552,1.460,0.000,66.325,-0.808,1.827,20.0
1859,-0.552,1.460,0.000,66.362,-0.806,1.828,20.0
1860,-0.552,1.460,0.000,66.399,-0.805,1.828,20.0
1861,-0.552,1.460,0.000,66.436,-0.804,1.829,20.0
1862,-0.552,1.460,0.000,66.472,-0.803,1.829,20.0
1863,-0.552,1.460,0.000,66.507,-0.802,1.830,20.0
1864,-0.552,1.460,0.000,66.542,-0.801,1.830,20.0
1865,-0.552,1.460,0.000,66.578,-0.800,1.831,20.0
1866,-0.552,1.460,0.000,66.615,-0.798,1.831,20.0
1867,-0.552,1.460,0.000,66.653,-0.797,1.832,20.0
1868,-0.552,1.460,0.000,66.692,-0.796,1.832,20.0
1869,-0.552,1.460,0.000,66.731,-0.795,1.833,20.0
1870,-0.552,1.460,0.000,66.771,-0.793,1.834,20.0
1871,-0.552,1.460,0.000,66.811,-0.792,1.834,20.0
1872,-0.552,1.460,0.000,66.849,-0.791,1.835,20.0
1873,-0.552,1.461,0.000,66.888,-0.790,1.835,20.0
1874,-0.552,1.461,0.000,66.926,-0.788,1.836,20.0
1875,-0.552,1.461,0.000,66.965,-0.787,1.836,20.0
1876,-0.552,1.461,0.000,67.003,-0.786,1.837,20.0
1877,-0.552,1.461,0.000,67.040,-0.785,1.837,20.0
1878,-0.552,1.461,0.000,67.077,-0.784,1.838,20.0
1879,-0.552,1.461,0.000,67.114,-0.782,1.838,20.0
1880,-0.552,1.461,0.000,67.152,-0.781,1.839,20.0
1881,-0.552,1.461,0.000,67.192,-0.780,1.839,20.0
1882,-0.552,1.461,0.000,67.232,-0.779,1.840,20.0
1883,-0.552,1.461,0.000,67.273,-0.777,1.840,20.0
1884,-0.552,1.461,0.000,67.315,-0.776,1.841,20.0
1885,-0.552,1.461,0.000,67.356,-0.775,1.842,20.0
1886,-0.552,1.461,0.000,67.396,-0.773,1.842,20.0
1887,-0.552,1.461,0.000,67.436,-0.772,1.843,20.0
1888,-0.552,1.461,0.000,67.475,-0.771,1.843,20.0
1889,-0.552,1.461,0.000,67.515,-0.769,1.844,20.0
1890,-0.552,1.461,0.000,67.554,-0.768,1.844,20.0
1891,-0.552,1.461,0.000,67.592,-0.767,1.845,20.0
1892,-0.552,1.461,0.000,67.630,-0.766,1.845,20.0
1893,-0.552,1.461,0.000,67.669,-0.765,1.846,20.0
1894,-0.552,1.461,0.000,67.708,-0.763,1.846,20.0
1895,-0.552,1.461,0.000,67.748,-0.762,1.847,20.0
1896,-0.552,1.461,0.000,67.790,-0.761,1.847,20.0
1897,-0.552,1.461,0.000,67.832,-0.759,1.848,20.0
1898,-0.552,1.461,0.000,67.875,-0.758,1.849,20.0
1899,-0.552,1.461,0.000,67.916,-0.757,1.849,20.0
1900,-0.552,1.461,0.000,67.958,-0.755,1.850,20.0
1901,-0.552,1.461,0.000,67.998,-0.754,1.850,20.0
1902,-0.552,1.461,0.000,68.039,-0.753,1.851,20.0
1903,-0.552,1.462,0.000,68.080,-0.751,1.851,20.0
1904,-0.552,1.462,0.000,68.119,-0.750,1.852,20.0
1905,-0.552,1.462,0.000,68.158,-0.749,1.852,20.0
1906,-0.552,1.462,0.000,68.197,-0.747,1.853,20.0
1907,-0.552,1.462,0.000,68.236,-0.746,1.853,20.0
1908,-0.552,1.462,0.000,68.276,-0.745,1.854,20.0
1909,-0.552,1.462,0.000,68.317,-0.744,1.854,20.0
1910,-0.552,1.462,0.000,68.359,-0.742,1.855,20.0
1911,-0.552,1.462,0.000,68.402,-0.741,1.855,20.0
1912,-0.552,1.462,0.000,68.445,-0.739,1.856,20.0
1913,-0.552,1.462,0.000,68.488,-0.738,1.857,20.0
1914,-0.552,1.462,0.000,68.531,-0.737,1.857,20.0
1915,-0.552,1.462,0.000,68.573,-0.735,1.858,20.0
1916,-0.552,1.462,0.000,68.615,-0.734,1.858,20.0
1917,-0.552,1.462,0.000,68.657,-0.733,1.859,20.0
1918,-0.552,1.462,0.000,68.698,-0.731,1.859,20.0
1919,-0.552,1.462,0.000,68.738,-0.730,1.860,20.0
1920,-0.552,1.462,0.000,68.777,-0.729,1.860,20.0
1921,-0.552,1.462,0.000,68.817,-0.727,1.861,20.0
1922,-0.552,1.462,0.000,68.858,-0.726,1.861,20.0
1923,-0.552,1.462,0.000,68.901,-0.725,1.862,20.0
1924,-0.552,1.462,0.000,68.944,-0.723,1.862,20.0
1925,-0.553,1.462,0.000,68.988,-0.722,1.863,20.0
1926,-0.553,1.462,0.000,69.032,-0.720,1.863,20.0
1927,-0.553,1.462,0.000,69.076,-0.719,1.864,20.0
1928,-0.553,1.462,0.000,69.120,-0.718,1.865,20.0
1929,-0.553,1.462,0.000,69.163,-0.716,1.865,20.0
1930,-0.553,1.462,0.000,69.206,-0.715,1.866,20.0
1931,-0.553,1.462,0.000,69.249,-0.713,1.866,20.0
1932,-0.553,1.463,0.000,69.290,-0.712,1.867,20.0
1933,-0.553,1.463,0.000,69.331,-0.711,1.867,20.0
1934,-0.553,1.463,0.000,69.371,-0.709,1.868,20.0
1935,-0.553,1.463,0.000,69.412,-0.708,1.868,20.0
1936,-0.553,1.463,0.000,69.454,-0.707,1.869,20.0
1937,-0.553,1.463,0.000,69.497,-0.705,1.869,20.0
1938,-0.553,1.463,0.000,69.541,-0.704,1.870,20.0
1939,-0.553,1.463,0.000,69.586,-0.702,1.870,20.0
1940,-0.553,1.463,0.000,69.631,-0.701,1.871,20.0
1941,-0.553,1.463,0.000,69.676,-0.699,1.871,20.0
1942,-0.553,1.463,0.000,69.720,-0.698,1.872,20.0
1943,-0.553,1.463,0.000,69.764,-0.697,1.872,20.0
1944,-0.553,1.463,0.000,69.807,-0.695,1.873,20.0
1945,-0.553,1.463,0.000,69.850,-0.694,1.874,20.0
1946,-0.553,1.463,0.000,69.893,-0.692,1.874,20.0
1947,-0.553,1.463,0.000,69.934,-0.691,1.875,20.0
1948,-0.553,1.463,0.000,69.976,-0.690,1.875,20.0
1949,-0.553,1.463,0.000,70.018,-0.688,1.876,20.0
1950,-0.553,1.463,0.000,70.061,-0.687,1.876,20.0
1951,-0.553,1.463,0.000,70.106,-0.685,1.877,20.0
1952,-0.553,1.463,0.000,70.151,-0.684,1.877,20.0
1953,-0.553,1.463,0.000,70.197,-0.682,1.878,20.0
1954,-0.553,1.463,0.000,70.244,-0.681,1.878,20.0
1955,-0.553,1.463,0.000,70.290,-0.679,1.879,20.0
1956,-0.553,1.463,0.000,70.335,-0.678,1.879,20.0
1957,-0.553,1.463,0.000,70.380,-0.676,1.880,20.0
1958,-0.553,1.463,0.000,70.425,-0.675,1.880,20.0
1959,-0.553,1.463,0.000,70.469,-0.673,1.881,20.0
1960,-0.553,1.463,0.000,70.512,-0.672,1.881,20.0
1961,-0.553,1.464,0.000,70.555,-0.671,1.882,20.0
1962,-0.553,1.464,0.000,70.598,-0.669,1.882,20.0
1963,-0.553,1.464,0.000,70.641,-0.668,1.883,20.0
1964,-0.553,1.464,0.000,70.685,-0.666,1.883,20.0
1965,-0.553,1.464,0.000,70.730,-0.665,1.884,20.0
1966,-0.553,1.464,0.000,70.777,-0.663,1.884,20.0
1967,-0.553,1.464,0.000,70.824,-0.662,1.885,20.0
1968,-0.553,1.464,0.000,70.871,-0.660,1.886,20.0
1969,-0.553,1.464,0.000,70.918,-0.659,1.886,20.0
1970,-0.553,1.464,0.000,70.965,-0.657,1.887,20.0
1971,-0.553,1.464,0.000,71.011,-0.656,1.887,20.0
1972,-0.553,1.464,0.000,71.056,-0.654,1.888,20.0
1973,-0.553,1.464,0.000,71.101,-0.653,1.888,20.0
1974,-0.553,1.464,0.000,71.145,-0.651,1.889,20.0
1975,-0.553,1.464,0.000,71.188,-0.650,1.889,20.0
1976,-0.553,1.464,0.000,71.231,-0.648,1.890,20.0
1977,-0.553,1.464,0.000,71.275,-0.647,1.890,20.0
1978,-0.553,1.464,0.000,71.320,-0.645,1.891,20.0
1979,-0.553,1.464,0.000,71.366,-0.644,1.891,20.0
1980,-0.553,1.464,0.000,71.413,-0.642,1.892,20.0
1981,-0.553,1.464,0.000,71.461,-0.641,1.892,20.0
1982,-0.554,1.464,0.000,71.508,-0.639,1.893,20.0
1983,-0.554,1.464,0.000,71.556,-0.638,1.893,20.0
1984,-0.554,1.464,0.000,71.603,-0.636,1.894,20.0
1985,-0.554,1.464,0.000,71.650,-0.634,1.894,20.0
1986,-0.554,1.464,0.000,71.696,-0.633,1.895,20.0
1987,-0.554,1.464,0.000,71.741,-0.631,1.895,20.0
1988,-0.554,1.464,0.000,71.785,-0.630,1.896,20.0
1989,-0.554,1.465,0.000,71.829,-0.629,1.896,20.0
1990,-0.554,1.465,0.000,71.872,-0.627,1.897,20.0
1991,-0.554,1.465,0.000,71.916,-0.626,1.897,20.0
1992,-0.554,1.465,0.000,71.962,-0.624,1.898,20.0
1993,-0.554,1.465,0.000,72.008,-0.623,1.898,20.0
1994,-0.554,1.465,0.000,72.056,-0.621,1.899,20.0
1995,-0.554,1.465,0.000,72.104,-0.619,1.899,20.0
1996,-0.554,1.465,0.000,72.152,-0.618,1.900,20.0
1997,-0.554,1.465,0.000,72.201,-0.616,1.900,20.0
1998,-0.554,1.465,0.000,72.249,-0.615,1.901,20.0
1999,-0.554,1.465,0.000,72.296,-0.613,1.901,20.0
2000,-0.554,1.465,0.000,72.342,-0.612,1.902,20.0
2001,-0.554,1.465,0.000,72.387,-0.610,1.902,20.0
2002,-0.554,1.465,0.000,72.432,-0.609,1.903,20.0
2003,-0.554,1.465,0.000,72.476,-0.607,1.903,20.0
2004,-0.554,1.465,0.000,72.521,-0.606,1.904,20.0
2005,-0.554,1.465,0.000,72.566,-0.604,1.904,20.0
2006,-0.554,1.465,0.000,72.612,-0.603,1.905,20.0
2007,-0.554,1.465,0.000,72.659,-0.601,1.905,20.0
2008,-0.554,1.465,0.000,72.708,-0.599,1.906,20.0
2009,-0.554,1.465,0.000,72.757,-0.598,1.906,20.0
2010,-0.554,1.465,0.000,72.807,-0.596,1.907,20.0
2011,-0.554,1.465,0.000,72.857,-0.594,1.907,20.0
2012,-0.554,1.465,0.000,72.906,-0.593,1.908,20.0
2013,-0.554,1.465,0.000,72.954,-0.591,1.908,20.0
2014,-0.554,1.465,0.000,73.002,-0.590,1.909,20.0
2015,-0.554,1.465,0.000,73.048,-0.588,1.909,20.0
2016,-0.554,1.465,0.000,73.094,-0.587,1.910,20.0
2017,-0.554,1.465,0.000,73.140,-0.585,1.910,20.0
2018,-0.554,1.465,0.000,73.185,-0.583,1.911,20.0
2019,-0.554,1.466,0.000,73.232,-0.582,1.911,20.0
2020,-0.554,1.466,0.000,73.279,-0.580,1.912,20.0
2021,-0.554,1.466,0.000,73.328,-0.579,1.912,20.0
2022,-0.554,1.466,0.000,73.378,-0.577,1.913,20.0
2023,-0.554,1.466,0.000,73.428,-0.575,1.913,20.0
2024,-0.554,1.466,0.000,73.479,-0.574,1.914,20.0
2025,-0.554,1.466,0.000,73.530,-0.572,1.914,20.0
2026,-0.555,1.466,0.000,73.581,-0.570,1.915,20.0
2027,-0.555,1.466,0.000,73.631,-0.569,1.915,20.0
2028,-0.555,1.466,0.000,73.680,-0.567,1.916,20.0
2029,-0.555,1.466,0.000,73.727,-0.565,1.916,20.0
2030,-0.555,1.466,0.000,73.774,-0.564,1.917,20.0
2031,-0.555,1.466,0.000,73.821,-0.562,1.917,20.0
2032,-0.555,1.466,0.000,73.867,-0.561,1.918,20.0
2033,-0.555,1.466,0.000,73.915,-0.559,1.918,20.0
2034,-0.555,1.466,0.000,73.964,-0.557,1.918,20.0
2035,-0.555,1.466,0.000,74.013,-0.556,1.919,20.0
2036,-0.555,1.466,0.000,74.064,-0.554,1.919,20.0
2037,-0.555,1.466,0.000,74.116,-0.552,1.920,20.0
2038,-0.555,1.466,0.000,74.168,-0.551,1.920,20.0
2039,-0.555,1.466,0.000,74.221,-0.549,1.921,20.0
2040,-0.555,1.466,0.000,74.272,-0.547,1.921,20.0
2041,-0.555,1.466,0.000,74.323,-0.545,1.922,20.0
2042,-0.555,1.466,0.000,74.373,-0.544,1.922,20.0
2043,-0.555,1.466,0.000,74.422,-0.542,1.923,20.0
2044,-0.555,1.466,0.000,74.469,-0.540,1.923,20.0
2045,-0.555,1.466,0.000,74.517,-0.539,1.924,20.0
2046,-0.555,1.466,0.000,74.564,-0.537,1.924,20.0
2047,-0.555,1.466,0.000,74.612,-0.536,1.925,20.0
2048,-0.555,1.466,0.000,74.662,-0.534,1.925,20.0
2049,-0.555,1.466,0.000,74.712,-0.532,1.926,20.0
2050,-0.555,1.466,0.000,74.764,-0.531,1.926,20.0
2051,-0.555,1.467,0.000,74.816,-0.529,1.927,20.0
2052,-0.555,1.467,0.000,74.869,-0.527,1.927,20.0
2053,-0.555,1.467,0.000,74.922,-0.525,1.928,20.0
2054,-0.555,1.467,0.000,74.974,-0.524,1.928,20.0
2055,-0.555,1.467,0.000,75.025,-0.522,1.928,20.0
2056,-0.555,1.467,0.000,75.075,-0.520,1.929,20.0
2057,-0.555,1.467,0.000,75.124,-0.518,1.929,20.0
2058,-0.555,1.467,0.000,75.172,-0.517,1.930,20.0
2059,-0.555,1.467,0.000,75.220,-0.515,1.930,20.0
2060,-0.555,1.467,0.000,75.267,-0.514,1.931,20.0
2061,-0.555,1.467,0.000,75.316,-0.512,1.931,20.0
2062,-0.555,1.467,0.000,75.365,-0.510,1.932,20.0
2063,-0.555,1.467,0.000,75.416,-0.509,1.932,20.0
2064,-0.556,1.467,0.000,75.467,-0.507,1.932,20.0
2065,-0.556,1.467,0.000,75.520,-0.505,1.933,20.0
2066,-0.556,1.467,0.000,75.573,-0.503,1.933,20.0
2067,-0.556,1.467,0.000,75.625,-0.502,1.934,20.0
2068,-0.556,1.467,0.000,75.678,-0.500,1.934,20.0
2069,-0.556,1.467,0.000,75.729,-0.498,1.935,20.0
2070,-0.556,1.467,0.000,75.779,-0.496,1.935,20.0
2071,-0.556,1.467,0.000,75.828,-0.495,1.936,20.0
2072,-0.556,1.467,0.000,75.876,-0.493,1.936,20.0
2073,-0.556,1.467,0.000,75.923,-0.492,1.936,20.0
2074,-0.556,1.467,0.000,75.971,-0.490,1.937,20.0
2075,-0.556,1.467,0.000,76.019,-0.488,1.937,20.0
2076,-0.556,1.467,0.000,76.069,-0.487,1.938,20.0
2077,-0.556,1.467,0.000,76.119,-0.485,1.938,20.0
2078,-0.556,1.467,0.000,76.171,-0.483,1.938,20.0
2079,-0.556,1.467,0.000,76.224,-0.481,1.939,20.0
2080,-0.556,1.467,0.000,76.277,-0.480,1.939,20.0
2081,-0.556,1.467,0.000,76.330,-0.478,1.940,20.0
2082,-0.556,1.468,0.000,76.382,-0.476,1.940,20.0
2083,-0.556,1.468,0.000,76.433,-0.474,1.941,20.0
2084,-0.556,1.468,0.000,76.483,-0.473,1.941,20.0
2085,-0.556,1.468,0.000,76.533,-0.471,1.942,20.0
2086,-0.556,1.468,0.000,76.581,-0.469,1.942,20.0
2087,-0.556,1.468,0.000,76.629,-0.468,1.942,20.0
2088,-0.556,1.468,0.000,76.677,-0.466,1.943,20.0
2089,-0.556,1.468,0.000,76.726,-0.464,1.943,20.0
2090,-0.556,1.468,0.000,76.776,-0.463,1.943,20.0
2091,-0.556,1.468,0.000,76.827,-0.461,1.944,20.0
2092,-0.556,1.468,0.000,76.879,-0.459,1.944,20.0
2093,-0.556,1.468,0.000,76.932,-0.457,1.945,20.0
2094,-0.556,1.468,0.000,76.986,-0.456,1.945,20.0
2095,-0.556,1.468,0.000,77.039,-0.454,1.946,20.0
2096,-0.556,1.468,0.000,77.092,-0.452,1.946,20.0
2097,-0.556,1.468,0.000,77.144,-0.450,1.946,20.0
2098,-0.556,1.468,0.000,77.195,-0.448,1.947,20.0
2099,-0.556,1.468,0.000,77.244,-0.447,1.947,20.0
2100,-0.556,1.468,0.000,77.293,-0.445,1.948,20.0
2101,-0.557,1.468,0.000,77.341,-0.443,1.948,20.0
2102,-0.557,1.468,0.000,77.389,-0.442,1.948,20.0
2103,-0.557,1.468,0.000,77.438,-0.440,1.949,20.0
2104,-0.557,1.468,0.000,77.489,-0.438,1.949,20.0
2105,-0.557,1.468,0.000,77.540,-0.437,1.950,20.0
2106,-0.557,1.468,0.000,77.592,-0.435,1.950,20.0
2107,-0.557,1.468,0.000,77.646,-0.433,1.950,20.0
2108,-0.557,1.468,0.000,77.699,-0.431,1.951,20.0
2109,-0.557,1.468,0.000,77.753,-0.429,1.951,20.0
2110,-0.557,1.468,0.000,77.806,-0.428,1.952,20.0
2111,-0.557,1.468,0.000,77.858,-0.426,1.952,20.0
2112,-0.557,1.468,0.000,77.908,-0.424,1.952,20.0
2113,-0.557,1.468,0.000,77.958,-0.422,1.953,20.0
2114,-0.557,1.468,0.000,78.006,-0.421,1.953,20.0
2115,-0.557,1.469,0.000,78.054,-0.419,1.953,20.0
2116,-0.557,1.469,0.000,78.102,-0.417,1.954,20.0
2117,-0.557,1.469,0.000,78.152,-0.416,1.954,20.0
2118,-0.557,1.469,0.000,78.202,-0.414,1.954,20.0
2119,-0.557,1.469,0.000,78.253,-0.412,1.955,20.0
2120,-0.557,1.469,0.000,78.306,-0.411,1.955,20.0
2121,-0.557,1.469,0.000,78.359,-0.409,1.956,20.0
2122,-0.557,1.469,0.000,78.412,-0.407,1.956,20.0
2123,-0.557,1.469,0.000,78.466,-0.405,1.956,20.0
2124,-0.557,1.469,0.000,78.519,-0.403,1.957,20.0
2125,-0.557,1.469,0.000,78.571,-0.401,1.957,20.0
2126,-0.557,1.469,0.000,78.622,-0.400,1.957,20.0
2127,-0.557,1.469,0.000,78.671,-0.398,1.958,20.0
2128,-0.557,1.469,0.000,78.720,-0.396,1.958,20.0
2129,-0.557,1.469,0.000,78.768,-0.395,1.958,20.0
2130,-0.557,1.469,0.000,78.816,-0.393,1.959,20.0
2131,-0.557,1.469,0.000,78.865,-0.391,1.959,20.0
2132,-0.557,1.469,0.000,78.915,-0.390,1.959,20.0
2133,-0.557,1.469,0.000,78.967,-0.388,1.960,20.0
2134,-0.558,1.469,0.000,79.019,-0.386,1.960,20.0
2135,-0.558,1.469,0.000,79.072,-0.384,1.961,20.0
2136,-0.558,1.469,0.000,79.126,-0.383,1.961,20.0
2137,-0.558,1.469,0.000,79.180,-0.381,1.961,20.0
2138,-0.558,1.469,0.000,79.233,-0.379,1.962,20.0
2139,-0.558,1.469,0.000,79.284,-0.377,1.962,20.0
2140,-0.558,1.469,0.000,79.335,-0.375,1.962,20.0
2141,-0.558,1.469,0.000,79.384,-0.374,1.963,20.0
2142,-0.558,1.469,0.000,79.432,-0.372,1.963,20.0
2143,-0.558,1.469,0.000,79.480,-0.370,1.963,20.0
2144,-0.558,1.469,0.000,79.528,-0.369,1.963,20.0
2145,-0.558,1.469,0.000,79.577,-0.367,1.964,20.0
2146,-0.558,1.469,0.000,79.627,-0.365,1.964,20.0
2147,-0.558,1.469,0.000,79.678,-0.364,1.964,20.0
2148,-0.558,1.469,0.000,79.730,-0.362,1.965,20.0
2149,-0.558,1.469,0.000,79.783,-0.360,1.965,20.0
2150,-0.558,1.469,0.000,79.836,-0.358,1.965,20.0
2151,-0.558,1.469,0.000,79.890,-0.356,1.966,20.0
2152,-0.558,1.469,0.000,79.942,-0.355,1.966,20.0
2153,-0.558,1.469,0.000,79.994,-0.353,1.966,20.0
2154,-0.558,1.470,0.000,80.044,-0.351,1.967,20.0
2155,-0.558,1.470,0.000,80.093,-0.349,1.967,20.0
2156,-0.558,1.470,0.000,80.141,-0.348,1.967,20.0
2157,-0.558,1.470,0.000,80.188,-0.346,1.968,20.0
2158,-0.558,1.470,0.000,80.236,-0.344,1.968,20.0
2159,-0.558,1.470,0.000,80.285,-0.343,1.968,20.0
2160,-0.558,1.470,0.000,80.335,-0.341,1.968,20.0
2161,-0.558,1.470,0.000,80.386,-0.339,1.969,20.0
2162,-0.558,1.470,0.000,80.438,-0.338,1.969,20.0
2163,-0.558,1.470,0.000,80.490,-0.336,1.969,20.0
2164,-0.558,1.470,0.000,80.543,-0.334,1.970,20.0
2165,-0.558,1.470,0.000,80.596,-0.332,1.970,20.0
2166,-0.558,1.470,0.000,80.648,-0.330,1.970,20.0
2167,-0.558,1.470,0.000,80.699,-0.329,1.971,20.0
2168,-0.558,1.470,0.000,80.749,-0.327,1.971,20.0
2169,-0.559,1.470,0.000,80.798,-0.325,1.971,20.0
2170,-0.559,1.470,0.000,80.846,-0.323,1.971,20.0
2171,-0.559,1.470,0.000,80.893,-0.322,1.972,20.0
2172,-0.559,1.470,0.000,80.940,-0.320,1.972,20.0
2173,-0.559,1.470,0.000,80.988,-0.319,1.972,20.0
2174,-0.559,1.470,0.000,81.038,-0.317,1.972,20.0
2175,-0.559,1.470,0.000,81.088,-0.315,1.973,20.0
2176,-0.559,1.470,0.000,81.139,-0.313,1.973,20.0
2177,-0.559,1.470,0.000,81.191,-0.312,1.973,20.0
2178,-0.559,1.470,0.000,81.244,-0.310,1.974,20.0
2179,-0.559,1.470,0.000,81.296,-0.308,1.974,20.0
2180,-0.559,1.470,0.000,81.347,-0.306,1.974,20.0
2181,-0.559,1.470,0.000,81.398,-0.304,1.974,20.0
2182,-0.559,1.470,0.000,81.447,-0.303,1.975,20.0
2183,-0.559,1.470,0.000,81.495,-0.301,1.975,20.0
2184,-0.559,1.470,0.000,81.542,-0.299,1.975,20.0
2185,-0.559,1.470,0.000,81.588,-0.298,1.975,20.0
2186,-0.559,1.470,0.000,81.635,-0.296,1.976,20.0
2187,-0.559,1.470,0.000,81.683,-0.295,1.976,20.0
2188,-0.559,1.470,0.000,81.731,-0.293,1.976,20.0
2189,-0.559,1.470,0.000,81.781,-0.291,1.976,20.0
2190,-0.559,1.470,0.000,81.832,-0.289,1.977,20.0
2191,-0.559,1.470,0.000,81.883,-0.288,1.977,20.0
2192,-0.559,1.470,0.000,81.935,-0.286,1.977,20.0
2193,-0.559,1.470,0.000,81.986,-0.284,1.977,20.0
2194,-0.559,1.470,0.000,82.037,-0.282,1.978,20.0
2195,-0.559,1.470,0.000,82.086,-0.281,1.978,20.0
2196,-0.559,1.470,0.000,82.135,-0.279,1.978,20.0
2197,-0.559,1.470,0.000,82.182,-0.277,1.978,20.0
2198,-0.559,1.470,0.000,82.229,-0.276,1.979,20.0
2199,-0.559,1.471,0.000,82.275,-0.274,1.979,20.0
2200,-0.559,1.471,0.000,82.320,-0.273,1.979,20.0
2201,-0.559,1.471,0.000,82.367,-0.271,1.979,20.0
2202,-0.559,1.471,0.000,82.415,-0.269,1.980,20.0
2203,-0.559,1.471,0.000,82.464,-0.268,1.980,20.0
2204,-0.560,1.471,0.000,82.513,-0.266,1.980,20.0
2205,-0.560,1.471,0.000,82.564,-0.264,1.980,20.0
2206,-0.560,1.471,0.000,82.614,-0.262,1.980,20.0
2207,-0.560,1.471,0.000,82.665,-0.261,1.981,20.0
2208,-0.560,1.471,0.000,82.714,-0.259,1.981,20.0
2209,-0.560,1.471,0.000,82.763,-0.257,1.981,20.0
2210,-0.560,1.471,0.000,82.810,-0.256,1.981,20.0
2211,-0.560,1.471,0.000,82.856,-0.254,1.982,20.0
2212,-0.560,1.471,0.000,82.902,-0.253,1.982,20.0
2213,-0.560,1.471,0.000,82.946,-0.251,1.982,20.0
2214,-0.560,1.471,0.000,82.991,-0.249,1.982,20.0
2215,-0.560,1.471,0.000,83.037,-0.248,1.982,20.0
2216,-0.560,1.471,0.000,83.083,-0.246,1.983,20.0
2217,-0.560,1.471,0.000,83.131,-0.245,1.983,20.0
2218,-0.560,1.471,0.000,83.180,-0.243,1.983,20.0
2219,-0.560,1.471,0.000,83.229,-0.241,1.983,20.0
2220,-0.560,1.471,0.000,83.278,-0.239,1.983,20.0
2221,-0.560,1.471,0.000,83.327,-0.238,1.984,20.0
2222,-0.560,1.471,0.000,83.376,-0.236,1.984,20.0
2223,-0.560,1.471,0.000,83.423,-0.234,1.984,20.0
2224,-0.560,1.471,0.000,83.469,-0.233,1.984,20.0
2225,-0.560,1.471,0.000,83.514,-0.231,1.984,20.0
2226,-0.560,1.471,0.000,83.559,-0.230,1.985,20.0
2227,-0.560,1.471,0.000,83.603,-0.228,1.985,20.0
2228,-0.560,1.471,0.000,83.646,-0.227,1.985,20.0
2229,-0.560,1.471,0.000,83.691,-0.225,1.985,20.0
2230,-0.560,1.471,0.000,83.736,-0.224,1.985,20.0
2231,-0.560,1.471,0.000,83.783,-0.222,1.985,20.0
2232,-0.560,1.471,0.000,83.830,-0.220,1.986,20.0
2233,-0.560,1.471,0.000,83.878,-0.219,1.986,20.0
2234,-0.560,1.471,0.000,83.926,-0.217,1.986,20.0
2235,-0.560,1.471,0.000,83.974,-0.215,1.986,20.0
2236,-0.560,1.471,0.000,84.020,-0.214,1.986,20.0
2237,-0.560,1.471,0.000,84.066,-0.212,1.986,20.0
2238,-0.560,1.471,0.000,84.111,-0.211,1.987,20.0
2239,-0.560,1.471,0.000,84.155,-0.209,1.987,20.0
2240,-0.560,1.471,0.000,84.198,-0.208,1.987,20.0
2241,-0.560,1.471,0.000,84.240,-0.206,1.987,20.0
2242,-0.560,1.471,0.000,84.282,-0.205,1.987,20.0
2243,-0.560,1.471,0.000,84.325,-0.203,1.987,20.0
2244,-0.560,1.471,0.000,84.369,-0.202,1.988,20.0
2245,-0.560,1.471,0.000,84.414,-0.200,1.988,20.0
2246,-0.561,1.471,0.000,84.459,-0.199,1.988,20.0
2247,-0.561,1.471,0.000,84.506,-0.197,1.988,20.0
2248,-0.561,1.471,0.000,84.552,-0.195,1.988,20.0
2249,-0.561,1.471,0.000,84.598,-0.194,1.988,20.0
2250,-0.561,1.471,0.000,84.643,-0.192,1.989,20.0
2251,-0.561,1.471,0.000,84.687,-0.191,1.989,20.0
2252,-0.561,1.471,0.000,84.730,-0.189,1.989,20.0
2253,-0.561,1.471,0.000,84.773,-0.188,1.989,20.0
2254,-0.561,1.471,0.000,84.814,-0.186,1.989,20.0
2255,-0.561,1.471,0.000,84.855,-0.185,1.989,20.0
2256,-0.561,1.471,0.000,84.896,-0.183,1.989,20.0
2257,-0.561,1.471,0.000,84.937,-0.182,1.989,20.0
2258,-0.561,1.471,0.000,84.979,-0.181,1.990,20.0
2259,-0.561,1.471,0.000,85.022,-0.179,1.990,20.0
2260,-0.561,1.471,0.000,85.066,-0.177,1.990,20.0
2261,-0.561,1.471,0.000,85.111,-0.176,1.990,20.0
2262,-0.561,1.471,0.000,85.155,-0.174,1.990,20.0
2263,-0.561,1.471,0.000,85.200,-0.173,1.990,20.0
2264,-0.561,1.471,0.000,85.243,-0.171,1.990,20.0
2265,-0.561,1.471,0.000,85.286,-0.170,1.991,20.0
2266,-0.561,1.471,0.000,85.327,-0.168,1.991,20.0
2267,-0.561,1.471,0.000,85.368,-0.167,1.991,20.0
2268,-0.561,1.471,0.000,85.407,-0.166,1.991,20.0
2269,-0.561,1.472,0.000,85.447,-0.164,1.991,20.0
2270,-0.561,1.472,0.000,85.485,-0.163,1.991,20.0
2271,-0.561,1.472,0.000,85.525,-0.162,1.991,20.0
2272,-0.561,1.472,0.000,85.565,-0.160,1.991,20.0
2273,-0.561,1.471,0.000,85.606,-0.159,1.992,20.0
2274,-0.561,1.471,0.000,85.648,-0.157,1.992,20.0
2275,-0.561,1.471,0.000,85.691,-0.156,1.992,20.0
2276,-0.561,1.471,0.000,85.733,-0.154,1.992,20.0
2277,-0.561,1.471,0.000,85.776,-0.153,1.992,20.0
2278,-0.561,1.472,0.000,85.817,-0.151,1.992,20.0
2279,-0.561,1.472,0.000,85.858,-0.150,1.992,20.0
2280,-0.561,1.472,0.000,85.897,-0.149,1.992,20.0
2281,-0.561,1.472,0.000,85.936,-0.147,1.992,20.0
2282,-0.561,1.472,0.000,85.974,-0.146,1.992,20.0
2283,-0.561,1.472,0.000,86.011,-0.145,1.993,20.0
2284,-0.561,1.472,0.000,86.048,-0.143,1.993,20.0
2285,-0.561,1.472,0.000,86.085,-0.142,1.993,20.0
2286,-0.561,1.472,0.000,86.124,-0.141,1.993,20.0
2287,-0.561,1.472,0.000,86.163,-0.139,1.993,20.0
2288,-0.561,1.472,0.000,86.203,-0.138,1.993,20.0
2289,-0.561,1.472,0.000,86.244,-0.136,1.993,20.0
2290,-0.561,1.472,0.000,86.284,-0.135,1.993,20.0
2291,-0.561,1.472,0.000,86.325,-0.134,1.993,20.0
2292,-0.561,1.472,0.000,86.364,-0.132,1.993,20.0
2293,-0.561,1.472,0.000,86.403,-0.131,1.993,20.0
2294,-0.561,1.472,0.000,86.440,-0.130,1.994,20.0
2295,-0.561,1.472,0.000,86.477,-0.128,1.994,20.0
2296,-0.561,1.472,0.000,86.513,-0.127,1.994,20.0
2297,-0.561,1.472,0.000,86.548,-0.126,1.994,20.0
2298,-0.562,1.472,0.000,86.583,-0.125,1.994,20.0
2299,-0.562,1.472,0.000,86.619,-0.123,1.994,20.0
2300,-0.562,1.472,0.000,86.655,-0.122,1.994,20.0
2301,-0.562,1.472,0.000,86.692,-0.121,1.994,20.0
2302,-0.562,1.472,0.000,86.730,-0.120,1.994,20.0
2303,-0.562,1.472,0.000,86.768,-0.118,1.994,20.0
2304,-0.562,1.472,0.000,86.807,-0.117,1.994,20.0
2305,-0.562,1.472,0.000,86.844,-0.116,1.994,20.0
2306,-0.562,1.472,0.000,86.882,-0.114,1.995,20.0
2307,-0.562,1.472,0.000,86.918,-0.113,1.995,20.0
2308,-0.562,1.472,0.000,86.953,-0.112,1.995,20.0
2309,-0.562,1.472,0.000,86.988,-0.111,1.995,20.0
2310,-0.562,1.472,0.000,87.021,-0.109,1.995,20.0
2311,-0.562,1.472,0.000,87.055,-0.108,1.995,20.0
2312,-0.562,1.472,0.000,87.088,-0.107,1.995,20.0
2313,-0.562,1.472,0.000,87.121,-0.106,1.995,20.0
2314,-0.562,1.472,0.000,87.155,-0.105,1.995,20.0
2315,-0.562,1.472,0.000,87.189,-0.104,1.995,20.0
2316,-0.562,1.472,0.000,87.225,-0.102,1.995,20.0
2317,-0.562,1.472,0.000,87.261,-0.101,1.995,20.0
2318,-0.562,1.472,0.000,87.297,-0.100,1.995,20.0
2319,-0.562,1.472,0.000,87.332,-0.099,1.995,20.0
2320,-0.562,1.472,0.000,87.367,-0.097,1.995,20.0
2321,-0.562,1.472,0.000,87.401,-0.096,1.995,20.0
2322,-0.562,1.472,0.000,87.434,-0.095,1.996,20.0
2323,-0.562,1.472,0.000,87.466,-0.094,1.996,20.0
2324,-0.562,1.472,0.000,87.497,-0.093,1.996,20.0
2325,-0.562,1.472,0.000,87.528,-0.092,1.996,20.0
2326,-0.562,1.472,0.000,87.558,-0.091,1.996,20.0
2327,-0.562,1.472,0.000,87.589,-0.090,1.996,20.0
2328,-0.562,1.472,0.000,87.620,-0.089,1.996,20.0
2329,-0.562,1.472,0.000,87.653,-0.087,1.996,20.0
2330,-0.562,1.472,0.000,87.685,-0.086,1.996,20.0
2331,-0.562,1.472,0.000,87.718,-0.085,1.996,20.0
2332,-0.562,1.472,0.000,87.751,-0.084,1.996,20.0
2333,-0.562,1.472,0.000,87.784,-0.083,1.996,20.0
2334,-0.562,1.472,0.000,87.816,-0.082,1.996,20.0
2335,-0.562,1.472,0.000,87.846,-0.081,1.996,20.0
2336,-0.562,1.472,0.000,87.876,-0.080,1.996,20.0
2337,-0.562,1.472,0.000,87.906,-0.079,1.996,20.0
2338,-0.562,1.472,0.000,87.934,-0.078,1.996,20.0
2339,-0.562,1.472,0.000,87.962,-0.077,1.996,20.0
2340,-0.562,1.472,0.000,87.989,-0.076,1.996,20.0
2341,-0.562,1.472,0.000,88.017,-0.075,1.996,20.0
2342,-0.562,1.472,0.000,88.045,-0.074,1.996,20.0
2343,-0.562,1.472,0.000,88.074,-0.073,1.997,20.0
2344,-0.562,1.472,0.000,88.104,-0.072,1.996,20.0
2345,-0.562,1.472,0.000,88.133,-0.071,1.997,20.0
2346,-0.562,1.472,0.000,88.163,-0.070,1.997,20.0
2347,-0.562,1.472,0.000,88.192,-0.069,1.997,20.0
2348,-0.562,1.472,0.000,88.221,-0.068,1.997,20.0
2349,-0.562,1.472,0.000,88.249,-0.067,1.997,20.0
2350,-0.562,1.472,0.000,88.275,-0.066,1.997,20.0
2351,-0.562,1.472,0.000,88.301,-0.065,1.997,20.0
2352,-0.562,1.472,0.000,88.327,-0.064,1.997,20.0
2353,-0.562,1.472,0.000,88.351,-0.063,1.997,20.0
2354,-0.562,1.472,0.000,88.375,-0.062,1.997,20.0
2355,-0.562,1.472,0.000,88.400,-0.061,1.997,20.0
2356,-0.562,1.472,0.000,88.425,-0.061,1.997,20.0
2357,-0.562,1.472,0.000,88.450,-0.060,1.997,20.0
2358,-0.562,1.472,0.000,88.476,-0.059,1.997,20.0
2359,-0.562,1.472,0.000,88.502,-0.058,1.997,20.0
2360,-0.562,1.472,0.000,88.528,-0.057,1.997,20.0
2361,-0.562,1.472,0.000,88.553,-0.056,1.997,20.0
2362,-0.562,1.472,0.000,88.578,-0.055,1.997,20.0
2363,-0.562,1.472,0.000,88.602,-0.054,1.997,20.0
2364,-0.562,1.472,0.000,88.625,-0.054,1.997,20.0
2365,-0.562,1.472,0.000,88.647,-0.053,1.997,20.0
2366,-0.562,1.472,0.000,88.669,-0.052,1.997,20.0
2367,-0.562,1.472,0.000,88.689,-0.051,1.997,20.0
2368,-0.562,1.472,0.000,88.710,-0.051,1.997,20.0
2369,-0.562,1.472,0.000,88.730,-0.050,1.997,20.0
2370,-0.562,1.472,0.000,88.751,-0.049,1.997,20.0
2371,-0.563,1.472,0.000,88.773,-0.048,1.997,20.0
2372,-0.563,1.471,0.000,88.794,-0.048,1.997,20.0
2373,-0.563,1.471,0.000,88.816,-0.047,1.997,20.0
2374,-0.563,1.471,0.000,88.838,-0.046,1.997,20.0
2375,-0.563,1.471,0.000,88.860,-0.045,1.997,20.0
2376,-0.563,1.471,0.000,88.880,-0.045,1.997,20.0
2377,-0.563,1.471,0.000,88.900,-0.044,1.997,20.0
2378,-0.563,1.471,0.000,88.919,-0.043,1.997,20.0
2379,-0.563,1.471,0.000,88.937,-0.043,1.997,20.0
2380,-0.563,1.471,0.000,88.954,-0.042,1.997,20.0
2381,-0.563,1.472,0.000,88.971,-0.041,1.997,20.0
2382,-0.563,1.472,0.000,88.988,-0.041,1.997,20.0
2383,-0.563,1.472,0.000,89.004,-0.040,1.997,20.0
2384,-0.563,1.471,0.000,89.021,-0.040,1.997,20.0
2385,-0.563,1.471,0.000,89.038,-0.039,1.997,20.0
2386,-0.563,1.471,0.000,89.056,-0.039,1.997,20.0
2387,-0.563,1.471,0.000,89.074,-0.038,1.997,20.0
2388,-0.563,1.471,0.000,89.091,-0.037,1.997,20.0
2389,-0.563,1.471,0.000,89.108,-0.037,1.997,20.0
2390,-0.563,1.471,0.000,89.124,-0.036,1.997,20.0
2391,-0.563,1.471,0.000,89.140,-0.036,1.997,20.0
2392,-0.563,1.471,0.000,89.155,-0.035,1.998,20.0
2393,-0.563,1.471,0.000,89.169,-0.035,1.997,20.0
2394,-0.563,1.471,0.000,89.182,-0.034,1.998,20.0
2395,-0.563,1.471,0.000,89.194,-0.034,1.997,20.0
2396,-0.563,1.471,0.000,89.207,-0.033,1.998,20.0
2397,-0.563,1.471,0.000,89.219,-0.033,1.998,20.0
2398,-0.563,1.471,0.000,89.232,-0.032,1.997,20.0
2399,-0.563,1.471,0.000,89.245,-0.032,1.998,20.0
2400,-0.563,1.471,0.000,89.258,-0.031,1.998,20.0
2401,-0.563,1.471,0.000,89.272,-0.031,1.998,20.0
2402,-0.563,1.471,0.000,89.285,-0.031,1.998,20.0
2403,-0.563,1.471,0.000,89.298,-0.030,1.998,20.0
2404,-0.563,1.471,0.000,89.311,-0.030,1.998,20.0
2405,-0.563,1.471,0.000,89.322,-0.029,1.998,20.0
2406,-0.563,1.471,0.000,89.333,-0.029,1.998,20.0
2407,-0.563,1.471,0.000,89.343,-0.029,1.998,20.0
2408,-0.563,1.471,0.000,89.352,-0.028,1.998,20.0
2409,-0.563,1.471,0.000,89.361,-0.028,1.998,20.0
2410,-0.563,1.471,0.000,89.369,-0.028,1.998,20.0
2411,-0.563,1.471,0.000,89.378,-0.027,1.998,20.0
2412,-0.563,1.471,0.000,89.388,-0.027,1.998,20.0
2413,-0.563,1.471,0.000,89.398,-0.027,1.998,20.0
2414,-0.563,1.471,0.000,89.408,-0.026,1.998,20.0
2415,-0.563,1.471,0.000,89.419,-0.026,1.998,20.0
2416,-0.563,1.471,0.000,89.429,-0.026,1.998,20.0
2417,-0.563,1.471,0.000,89.439,-0.025,1.998,20.0
2418,-0.563,1.471,0.000,89.448,-0.025,1.998,20.0
2419,-0.563,1.471,0.000,89.456,-0.025,1.998,20.0
2420,-0.563,1.471,0.000,89.464,-0.024,1.998,20.0
2421,-0.563,1.471,0.000,89.471,-0.024,1.998,20.0
2422,-0.563,1.471,0.000,89.477,-0.024,1.998,20.0
2423,-0.563,1.471,0.000,89.483,-0.024,1.998,20.0
2424,-0.563,1.471,0.000,89.489,-0.023,1.998,20.0
2425,-0.563,1.471,0.000,89.496,-0.023,1.998,20.0
2426,-0.563,1.471,0.000,89.504,-0.023,1.998,20.0
2427,-0.563,1.471,0.000,89.511,-0.023,1.998,20.0
2428,-0.563,1.471,0.000,89.519,-0.022,1.998,20.0
2429,-0.563,1.471,0.000,89.527,-0.022,1.998,20.0
2430,-0.563,1.471,0.000,89.535,-0.022,1.998,20.0
2431,-0.563,1.471,0.000,89.543,-0.022,1.998,20.0
2432,-0.563,1.471,0.000,89.550,-0.021,1.998,20.0
2433,-0.563,1.471,0.000,89.556,-0.021,1.998,20.0
2434,-0.563,1.471,0.000,89.561,-0.021,1.998,20.0
2435,-0.563,1.471,0.000,89.566,-0.021,1.998,20.0
2436,-0.563,1.471,0.000,89.570,-0.021,1.998,20.0
2437,-0.563,1.471,0.000,89.575,-0.020,1.998,20.0
2438,-0.563,1.471,0.000,89.580,-0.020,1.998,20.0
2439,-0.563,1.471,0.000,89.585,-0.020,1.998,20.0
2440,-0.563,1.471,0.000,89.591,-0.020,1.998,20.0
2441,-0.563,1.471,0.000,89.598,-0.020,1.998,20.0
2442,-0.563,1.471,0.000,89.604,-0.019,1.998,20.0
2443,-0.563,1.471,0.000,89.611,-0.019,1.998,20.0
2444,-0.563,1.471,0.000,89.618,-0.019,1.998,20.0
2445,-0.563,1.471,0.000,89.624,-0.019,1.998,20.0
2446,-0.563,1.471,0.000,89.629,-0.019,1.998,20.0
2447,-0.563,1.471,0.000,89.634,-0.018,1.998,20.0
2448,-0.563,1.471,0.000,89.638,-0.018,1.998,20.0
2449,-0.563,1.471,0.000,89.642,-0.018,1.998,20.0
2450,-0.563,1.471,0.000,89.645,-0.018,1.998,20.0
2451,-0.563,1.471,0.000,89.649,-0.018,1.998,20.0
2452,-0.563,1.471,0.000,89.653,-0.018,1.998,20.0
2453,-0.563,1.471,0.000,89.658,-0.018,1.998,20.0
2454,-0.563,1.471,0.000,89.663,-0.017,1.998,20.0
2455,-0.563,1.471,0.000,89.668,-0.017,1.998,20.0
2456,-0.563,1.471,0.000,89.674,-0.017,1.998,20.0
2457,-0.563,1.471,0.000,89.680,-0.017,1.998,20.0
2458,-0.563,1.471,0.000,89.685,-0.017,1.998,20.0
2459,-0.563,1.471,0.000,89.691,-0.016,1.998,20.0
2460,-0.563,1.471,0.000,89.695,-0.016,1.998,20.0
2461,-0.563,1.471,0.000,89.699,-0.016,1.998,20.0
2462,-0.563,1.471,0.000,89.702,-0.016,1.998,20.0
2463,-0.563,1.471,0.000,89.705,-0.016,1.998,20.0
2464,-0.563,1.471,0.000,89.708,-0.016,1.998,20.0
2465,-0.563,1.471,0.000,89.711,-0.016,1.998,20.0
2466,-0.563,1.471,0.000,89.714,-0.016,1.998,20.0
2467,-0.563,1.471,0.000,89.718,-0.015,1.998,20.0
2468,-0.563,1.471,0.000,89.722,-0.015,1.998,20.0
2469,-0.563,1.471,0.000,89.727,-0.015,1.998,20.0
2470,-0.563,1.471,0.000,89.732,-0.015,1.998,20.0
2471,-0.563,1.471,0.000,89.737,-0.015,1.998,20.0
2472,-0.563,1.471,0.000,89.742,-0.015,1.998,20.0
2473,-0.563,1.471,0.000,89.746,-0.014,1.998,20.0
2474,-0.563,1.471,0.000,89.750,-0.014,1.998,20.0
2475,-0.563,1.471,0.000,89.753,-0.014,1.998,20.0
2476,-0.563,1.471,0.000,89.756,-0.014,1.998,20.0
2477,-0.563,1.471,0.000,89.758,-0.014,1.998,20.0
2478,-0.563,1.471,0.000,89.761,-0.014,1.998,20.0
2479,-0.563,1.471,0.000,89.763,-0.014,1.998,20.0
2480,-0.563,1.471,0.000,89.766,-0.014,1.998,20.0
2481,-0.563,1.471,0.000,89.769,-0.014,1.998,20.0
2482,-0.563,1.470,0.000,89.773,-0.014,1.998,20.0
2483,-0.563,1.470,0.000,89.777,-0.013,1.998,20.0
2484,-0.563,1.470,0.000,89.781,-0.013,1.998,20.0
2485,-0.563,1.470,0.000,89.786,-0.013,1.998,20.0
2486,-0.563,1.470,0.000,89.790,-0.013,1.998,20.0
2487,-0.563,1.470,0.000,89.794,-0.013,1.998,20.0
2488,-0.563,1.470,0.000,89.797,-0.013,1.998,20.0
2489,-0.563,1.470,0.000,89.800,-0.013,1.998,20.0
2490,-0.563,1.470,0.000,89.802,-0.012,1.998,20.0
2491,-0.563,1.470,0.000,89.804,-0.012,1.998,20.0
2492,-0.563,1.470,0.000,89.806,-0.012,1.998,20.0
2493,-0.563,1.470,0.000,89.808,-0.012,1.998,20.0
2494,-0.563,1.470,0.000,89.810,-0.012,1.998,20.0
2495,-0.563,1.470,0.000,89.813,-0.012,1.998,20.0
2496,-0.563,1.470,0.000,89.816,-0.012,1.998,20.0
2497,-0.563,1.470,0.000,89.820,-0.012,1.998,20.0
2498,-0.563,1.470,0.000,89.824,-0.012,1.998,20.0
2499,-0.563,1.470,0.000,89.827,-0.012,1.998,20.0
2500,-0.563,1.470,0.000,89.831,-0.011,1.998,20.0
