1,0.826,-0.203,0.000,-79.527,-0.007,0.001,-1
2,0.826,-0.203,0.000,-79.527,-0.009,0.002,-1
3,0.826,-0.203,0.000,-79.527,-0.006,0.001,-1
4,0.826,-0.203,0.000,-79.527,-0.005,0.002,-1
5,0.826,-0.203,0.000,-79.527,-0.006,0.002,-1
6,0.827,-0.205,0.000,-79.535,-0.008,-0.007,-1
7,0.828,-0.208,0.000,-79.559,-0.011,-0.024,-1
8,0.828,-0.211,0.000,-79.609,-0.013,-0.036,-1
9,0.828,-0.212,0.000,-79.697,-0.014,-0.042,-1
10,0.828,-0.213,0.000,-79.823,-0.015,-0.047,-1
11,0.827,-0.210,0.000,-79.954,-0.013,-0.032,-1
12,0.825,-0.204,0.000,-80.065,-0.007,-0.000,-1
13,0.824,-0.196,0.000,-80.154,0.000,0.036,-1
14,0.823,-0.189,0.000,-80.222,0.006,0.074,-1
15,0.821,-0.181,0.000,-80.268,0.013,0.113,-1
16,0.820,-0.173,0.000,-80.292,0.020,0.152,-1
17,0.819,-0.166,0.000,-80.295,0.026,0.191,-1
18,0.817,-0.158,0.000,-80.276,0.033,0.231,-1
19,0.816,-0.150,0.000,-80.235,0.040,0.273,-1
20,0.815,-0.143,0.000,-80.172,0.048,0.315,-1
21,0.815,-0.138,0.000,-80.085,0.054,0.342,9.0
22,0.815,-0.137,0.000,-79.968,0.057,0.356,9.0
23,0.815,-0.137,0.000,-79.822,0.059,0.367,9.0
24,0.815,-0.136,0.000,-79.648,0.063,0.379,9.0
25,0.815,-0.136,0.000,-79.444,0.067,0.391,9.0
26,0.815,-0.136,0.000,-79.213,0.071,0.405,9.0
27,0.815,-0.136,0.000,-78.954,0.076,0.421,9.0
28,0.815,-0.136,0.000,-78.667,0.082,0.439,9.0
29,0.815,-0.136,0.000,-78.353,0.088,0.459,9.0
30,0.815,-0.135,0.000,-78.012,0.096,0.480,9.0
31,0.815,-0.135,0.000,-77.645,0.104,0.504,9.0
32,0.815,-0.135,0.000,-77.250,0.113,0.530,9.0
33,0.815,-0.135,0.000,-76.830,0.124,0.558,9.0
34,0.815,-0.134,0.000,-76.383,0.136,0.588,9.0
35,0.815,-0.134,0.000,-75.911,0.149,0.620,9.0
36,0.815,-0.134,0.000,-75.414,0.164,0.656,9.0
37,0.815,-0.133,0.000,-74.891,0.181,0.693,9.0
38,0.814,-0.133,0.000,-74.344,0.199,0.734,9.0
39,0.814,-0.132,0.000,-73.772,0.220,0.777,9.0
40,0.814,-0.132,0.000,-73.175,0.242,0.823,9.0
41,0.814,-0.131,0.000,-72.555,0.268,0.872,9.0
42,0.814,-0.131,0.000,-71.911,0.296,0.925,9.0
43,0.814,-0.130,0.000,-71.244,0.326,0.981,9.0
44,0.813,-0.129,0.000,-70.553,0.361,1.040,9.0
45,0.813,-0.129,0.000,-69.840,0.398,1.103,9.0
46,0.813,-0.128,0.000,-69.104,0.440,1.170,9.0
47,0.812,-0.127,0.000,-68.347,0.486,1.241,9.0
48,0.812,-0.126,0.000,-67.567,0.537,1.316,9.0
49,0.812,-0.125,0.000,-66.766,0.592,1.395,9.0
50,0.811,-0.124,0.000,-65.944,0.653,1.479,9.0
51,0.811,-0.123,0.000,-65.100,0.720,1.567,9.0
52,0.810,-0.122,0.000,-64.237,0.794,1.660,9.0
53,0.810,-0.121,0.000,-63.353,0.875,1.757,9.0
54,0.809,-0.121,0.000,-62.462,0.940,1.783,9.0
55,0.808,-0.120,0.000,-61.578,0.909,1.701,9.0
56,0.807,-0.118,0.000,-60.681,0.899,1.611,9.0
57,0.807,-0.117,0.000,-59.765,0.886,1.530,9.0
58,0.806,-0.116,0.000,-58.830,0.875,1.459,9.0
59,0.805,-0.114,0.000,-57.876,0.868,1.394,9.0
60,0.804,-0.113,0.000,-56.904,0.864,1.337,9.0
61,0.803,-0.111,0.000,-55.914,0.863,1.287,9.0
62,0.802,-0.110,0.000,-54.906,0.866,1.243,9.0
63,0.801,-0.108,0.000,-53.881,0.872,1.206,9.0
64,0.799,-0.106,0.000,-52.840,0.883,1.175,9.0
65,0.798,-0.105,0.000,-51.781,0.897,1.149,9.0
66,0.797,-0.103,0.000,-50.707,0.915,1.128,9.0
67,0.795,-0.101,0.000,-49.616,0.938,1.113,9.0
68,0.794,-0.100,0.000,-48.511,0.966,1.102,9.0
69,0.792,-0.098,0.000,-47.391,0.999,1.095,9.0
70,0.791,-0.096,0.000,-46.256,1.037,1.092,9.0
71,0.789,-0.094,0.000,-45.107,1.081,1.094,9.0
72,0.787,-0.092,0.000,-43.944,1.130,1.098,9.0
73,0.785,-0.091,0.000,-42.769,1.186,1.106,9.0
74,0.783,-0.089,0.000,-41.580,1.249,1.116,9.0
75,0.781,-0.087,0.000,-40.380,1.318,1.129,9.0
76,0.779,-0.085,0.000,-39.167,1.396,1.145,9.0
77,0.776,-0.083,0.000,-37.943,1.481,1.162,9.0
78,0.774,-0.081,0.000,-36.709,1.574,1.181,9.0
79,0.773,-0.081,0.000,-35.468,1.621,1.147,9.0
80,0.772,-0.080,0.000,-34.235,1.584,1.097,9.0
81,0.770,-0.078,0.000,-33.003,1.578,1.033,9.0
82,0.767,-0.077,0.000,-31.772,1.585,0.965,9.0
83,0.763,-0.074,0.000,-30.539,1.584,0.937,9.0
84,0.760,-0.072,0.000,-29.307,1.601,0.890,9.0
85,0.757,-0.071,0.000,-28.068,1.619,0.852,9.0
86,0.754,-0.069,0.000,-26.821,1.641,0.823,9.0
87,0.750,-0.067,0.000,-25.566,1.671,0.794,9.0
88,0.747,-0.066,0.000,-24.309,1.706,0.780,9.0
89,0.743,-0.064,0.000,-23.049,1.752,0.757,9.0
90,0.740,-0.063,0.000,-21.783,1.809,0.729,9.0
91,0.736,-0.061,0.000,-20.511,1.867,0.694,9.0
92,0.733,-0.060,0.000,-19.242,1.849,0.659,9.0
93,0.730,-0.058,0.000,-17.973,1.839,0.605,9.0
94,0.726,-0.057,0.000,-16.701,1.837,0.555,9.0
95,0.722,-0.056,0.000,-15.425,1.842,0.514,9.0
96,0.718,-0.055,0.000,-14.146,1.855,0.475,9.0
97,0.714,-0.054,0.000,-12.865,1.878,0.432,9.0
98,0.710,-0.053,0.000,-11.583,1.907,0.395,9.0
99,0.706,-0.052,0.000,-10.299,1.944,0.361,9.0
100,0.702,-0.051,0.000,-9.016,1.953,0.314,9.0
101,0.698,-0.051,0.000,-7.737,1.943,0.266,9.0
102,0.693,-0.050,0.000,-6.458,1.941,0.227,9.0
103,0.689,-0.050,0.000,-5.182,1.950,0.163,9.0
104,0.684,-0.049,0.000,-3.910,1.965,0.129,9.0
105,0.680,-0.049,0.000,-2.642,1.980,0.093,9.0
106,0.676,-0.049,0.000,-1.382,1.972,0.040,9.0
107,0.672,-0.049,0.000,-0.128,1.973,-0.004,9.0
108,0.667,-0.049,0.000,1.120,1.982,-0.044,9.0
109,0.663,-0.049,0.000,2.361,1.995,-0.087,9.0
110,0.659,-0.049,0.000,3.591,1.977,-0.131,9.0
111,0.655,-0.050,0.000,4.815,1.962,-0.172,9.0
112,0.650,-0.050,0.000,6.033,1.958,-0.213,9.0
113,0.646,-0.051,0.000,7.246,1.963,-0.256,9.0
114,0.641,-0.052,0.000,8.453,1.967,-0.290,9.0
115,0.637,-0.052,0.000,9.646,1.938,-0.346,9.0
116,0.633,-0.053,0.000,10.832,1.928,-0.366,9.0
117,0.628,-0.054,0.000,12.008,1.922,-0.414,9.0
118,0.624,-0.055,0.000,13.177,1.925,-0.461,9.0
119,0.619,-0.056,0.000,14.338,1.940,-0.492,9.0
120,0.615,-0.058,0.000,15.491,1.923,-0.529,9.0
121,0.611,-0.059,0.000,16.636,1.905,-0.567,9.0
122,0.606,-0.061,0.000,17.770,1.899,-0.601,9.0
123,0.601,-0.062,0.000,18.895,1.895,-0.644,9.0
124,0.597,-0.064,0.000,20.011,1.878,-0.674,9.0
125,0.593,-0.066,0.000,21.116,1.866,-0.714,9.0
126,0.588,-0.067,0.000,22.210,1.852,-0.751,9.0
127,0.584,-0.069,0.000,23.292,1.837,-0.785,9.0
128,0.580,-0.071,0.000,24.363,1.822,-0.820,9.0
129,0.575,-0.073,0.000,25.421,1.807,-0.852,9.0
130,0.571,-0.076,0.000,26.467,1.791,-0.886,9.0
131,0.567,-0.078,0.000,27.499,1.775,-0.917,9.0
132,0.562,-0.080,0.000,28.517,1.758,-0.949,9.0
133,0.558,-0.083,0.000,29.521,1.741,-0.979,9.0
134,0.554,-0.085,0.000,30.511,1.724,-1.010,9.0
135,0.550,-0.088,0.000,31.486,1.707,-1.038,9.0
136,0.546,-0.090,0.000,32.445,1.689,-1.067,9.0
137,0.542,-0.093,0.000,33.389,1.671,-1.095,9.0
138,0.538,-0.095,0.000,34.316,1.653,-1.122,9.0
139,0.534,-0.098,0.000,35.227,1.635,-1.148,9.0
140,0.531,-0.101,0.000,36.121,1.617,-1.173,9.0
141,0.527,-0.104,0.000,37.000,1.587,-1.187,9.0
142,0.524,-0.106,0.000,37.861,1.558,-1.204,9.0
143,0.520,-0.109,0.000,38.705,1.529,-1.237,9.0
144,0.516,-0.112,0.000,39.534,1.515,-1.263,9.0
145,0.513,-0.115,0.000,40.347,1.514,-1.287,9.0
146,0.509,-0.118,0.000,41.140,1.510,-1.317,9.0
147,0.506,-0.121,0.000,41.915,1.478,-1.339,9.0
148,0.503,-0.124,0.000,42.669,1.458,-1.354,9.0
149,0.500,-0.127,0.000,43.408,1.458,-1.360,9.0
150,0.496,-0.130,0.000,44.131,1.441,-1.389,9.0
151,0.493,-0.134,0.000,44.837,1.417,-1.399,9.0
152,0.490,-0.137,0.000,45.522,1.399,-1.416,9.0
153,0.487,-0.140,0.000,46.186,1.388,-1.438,9.0
154,0.484,-0.143,0.000,46.829,1.371,-1.454,9.0
155,0.481,-0.146,0.000,47.453,1.343,-1.474,9.0
156,0.478,-0.149,0.000,48.058,1.312,-1.470,9.0
157,0.476,-0.152,0.000,48.648,1.290,-1.463,9.0
158,0.473,-0.156,0.000,49.221,1.261,-1.478,9.0
159,0.470,-0.159,0.000,49.773,1.247,-1.488,9.0
160,0.467,-0.162,0.000,50.301,1.242,-1.502,9.0
161,0.465,-0.165,0.000,50.806,1.239,-1.527,9.0
162,0.462,-0.168,0.000,51.288,1.240,-1.558,9.0
163,0.460,-0.171,0.000,51.746,1.243,-1.573,9.0
164,0.457,-0.174,0.000,52.181,1.213,-1.572,9.0
165,0.455,-0.177,0.000,52.593,1.192,-1.573,9.0
166,0.453,-0.180,0.000,52.981,1.182,-1.578,9.0
167,0.450,-0.183,0.000,53.346,1.177,-1.590,9.0
168,0.448,-0.186,0.000,53.687,1.176,-1.610,9.0
169,0.446,-0.189,0.000,54.002,1.177,-1.620,9.0
170,0.444,-0.192,0.000,54.292,1.157,-1.620,9.0
171,0.442,-0.195,0.000,54.559,1.146,-1.623,9.0
172,0.440,-0.197,0.000,54.808,1.148,-1.609,9.0
173,0.439,-0.199,0.000,55.051,1.124,-1.588,-1
174,0.439,-0.199,0.000,55.291,1.093,-1.570,-1
175,0.438,-0.200,0.000,55.528,1.057,-1.566,-1
176,0.438,-0.200,0.000,55.764,1.048,-1.554,-1
177,0.436,-0.202,0.000,55.988,1.050,-1.561,-1
178,0.434,-0.205,0.000,56.183,1.055,-1.584,-1
179,0.432,-0.208,0.000,56.350,1.065,-1.613,-1
180,0.430,-0.212,0.000,56.488,1.083,-1.648,-1
181,0.428,-0.215,0.000,56.598,1.110,-1.677,-1
182,0.425,-0.218,0.000,56.685,1.077,-1.667,-1
183,0.423,-0.221,0.000,56.755,1.067,-1.634,-1
184,0.421,-0.224,0.000,56.803,1.057,-1.617,-1
185,0.419,-0.227,0.000,56.824,1.045,-1.611,-1
186,0.417,-0.230,0.000,56.818,1.043,-1.609,-1
187,0.415,-0.233,0.000,56.785,1.049,-1.613,-1
188,0.413,-0.236,0.000,56.726,1.060,-1.624,-1
189,0.411,-0.239,0.000,56.642,1.083,-1.635,-1
190,0.409,-0.243,0.000,56.543,1.089,-1.662,-1
191,0.407,-0.245,0.000,56.428,1.080,-1.633,-1
192,0.407,-0.245,0.000,56.317,1.064,-1.603,-1
193,0.408,-0.244,0.000,56.236,1.045,-1.576,-1
194,0.409,-0.243,0.000,56.185,1.033,-1.555,-1
195,0.410,-0.242,0.000,56.165,1.026,-1.540,-1
196,0.410,-0.241,0.000,56.174,1.022,-1.535,-1
197,0.411,-0.240,0.000,56.213,1.021,-1.537,-1
198,0.412,-0.239,0.000,56.281,1.024,-1.546,-1
199,0.413,-0.237,0.000,56.378,1.032,-1.563,-1
200,0.413,-0.236,0.000,56.504,1.043,-1.587,-1
201,0.414,-0.235,0.000,56.658,1.058,-1.619,-1
202,0.416,-0.233,0.000,56.830,1.072,-1.650,-1
203,0.419,-0.229,0.000,57.011,1.087,-1.684,-1
204,0.421,-0.226,0.000,57.201,1.081,-1.677,-1
205,0.423,-0.223,0.000,57.397,1.063,-1.652,-1
206,0.424,-0.221,0.000,57.611,1.054,-1.646,-1
207,0.424,-0.220,0.000,57.850,1.046,-1.658,-1
208,0.425,-0.219,0.000,58.106,1.039,-1.675,-1
209,0.426,-0.218,0.000,58.379,1.035,-1.700,-1
210,0.430,-0.213,0.000,58.678,1.030,-1.706,8.0
211,0.435,-0.205,0.000,59.011,1.021,-1.710,8.0
212,0.441,-0.197,0.000,59.380,1.012,-1.714,8.0
213,0.447,-0.197,0.000,59.784,0.954,-1.649,8.0
214,0.452,-0.196,0.000,60.226,0.857,-1.507,8.0
215,0.457,-0.194,0.000,60.708,0.719,-1.288,8.0
216,0.462,-0.193,0.000,61.230,0.540,-0.991,8.0
217,0.467,-0.191,0.000,61.793,0.324,-0.614,8.0
218,0.472,-0.189,0.000,62.399,0.074,-0.153,8.0
219,0.476,-0.189,0.000,63.051,-0.182,0.345,8.0
220,0.481,-0.186,0.000,63.747,-0.428,0.855,8.0
221,0.486,-0.179,0.000,64.473,-0.673,1.391,8.0
222,0.490,-0.171,0.000,65.226,-0.893,1.936,8.0
223,0.492,-0.167,0.000,65.978,-1.057,2.325,8.0
224,0.491,-0.167,0.000,66.716,-1.092,2.539,8.0
225,0.491,-0.166,0.001,67.438,-1.071,2.572,8.0
226,0.490,-0.166,0.000,68.137,-0.980,2.433,8.0
227,0.490,-0.166,0.000,68.810,-0.826,2.117,8.0
228,0.491,-0.165,0.000,69.465,-0.629,1.655,8.0
229,0.495,-0.157,0.000,70.136,-0.445,1.212,8.0
230,0.499,-0.148,0.000,70.830,-0.278,0.784,8.0
231,0.503,-0.137,0.000,71.545,-0.127,0.363,8.0
232,0.506,-0.126,0.000,72.277,0.027,-0.051,8.0
233,0.509,-0.115,0.000,73.017,0.136,-0.474,8.0
234,0.513,-0.104,0.000,73.769,0.249,-0.893,8.0
235,0.516,-0.093,0.000,74.539,0.357,-1.313,8.0
236,0.519,-0.082,0.000,75.327,0.451,-1.739,8.0
237,0.522,-0.072,0.000,76.132,0.543,-2.143,8.0
238,0.523,-0.068,0.000,76.923,0.543,-2.422,8.0
239,0.523,-0.068,0.000,77.711,0.573,-2.520,8.0
240,0.524,-0.068,0.000,78.484,0.499,-2.446,8.0
241,0.524,-0.069,0.000,79.245,0.414,-2.185,8.0
242,0.526,-0.067,0.000,79.993,0.297,-1.758,8.0
243,0.528,-0.061,0.000,80.744,0.210,-1.290,8.0
244,0.529,-0.051,0.000,81.504,0.116,-0.813,8.0
245,0.531,-0.041,0.000,82.271,0.037,-0.341,8.0
246,0.532,-0.032,0.000,83.039,-0.022,0.125,8.0
247,0.533,-0.022,0.000,83.805,-0.049,0.590,8.0
248,0.534,-0.014,0.000,84.565,-0.093,1.050,8.0
249,0.535,-0.005,0.000,85.319,-0.136,1.509,8.0
250,0.535,0.003,0.000,86.065,-0.134,1.974,8.0
251,0.535,0.007,0.000,86.803,-0.124,2.331,8.0
252,0.535,0.007,0.000,87.535,-0.109,2.473,8.0
253,0.534,0.007,0.000,88.252,-0.072,2.426,8.0
254,0.534,0.007,0.000,88.947,-0.037,2.192,8.0
255,0.534,0.008,0.000,89.624,-0.025,1.804,8.0
256,0.534,0.014,0.000,90.290,0.006,1.432,8.0
257,0.534,0.023,0.000,90.951,0.015,1.084,8.0
258,0.533,0.032,0.000,91.603,0.029,0.749,8.0
259,0.533,0.042,0.000,92.247,0.027,0.423,8.0
260,0.533,0.053,0.000,92.882,0.000,0.103,8.0
261,0.532,0.063,0.000,93.508,-0.014,-0.213,8.0
262,0.531,0.073,0.000,94.123,-0.044,-0.526,8.0
263,0.531,0.083,0.000,94.726,-0.077,-0.838,8.0
264,0.530,0.094,0.000,95.316,-0.113,-1.150,8.0
265,0.529,0.104,0.000,95.892,-0.156,-1.464,8.0
266,0.527,0.114,0.000,96.455,-0.208,-1.779,8.0
267,0.526,0.124,0.000,97.007,-0.249,-2.087,8.0
268,0.526,0.128,0.000,97.549,-0.317,-2.262,8.0
269,0.526,0.128,0.000,98.088,-0.330,-2.272,8.0
270,0.527,0.128,0.000,98.615,-0.323,-2.094,8.0
271,0.526,0.131,0.000,99.125,-0.289,-1.758,8.0
272,0.524,0.139,0.000,99.621,-0.241,-1.393,8.0
273,0.522,0.150,0.000,100.103,-0.190,-1.028,8.0
274,0.520,0.161,0.000,100.569,-0.132,-0.668,8.0
275,0.518,0.172,0.000,101.021,-0.068,-0.313,8.0
276,0.515,0.184,0.000,101.457,0.001,0.037,8.0
277,0.513,0.195,0.000,101.877,0.074,0.385,8.0
278,0.510,0.207,0.000,102.282,0.153,0.732,8.0
279,0.508,0.219,0.000,102.671,0.236,1.079,8.0
280,0.505,0.231,0.000,103.044,0.324,1.427,8.0
281,0.502,0.242,0.000,103.399,0.417,1.780,8.0
282,0.500,0.253,0.000,103.740,0.526,2.092,8.0
283,0.499,0.257,0.000,104.075,0.534,2.215,8.0
284,0.498,0.257,0.000,104.410,0.540,2.122,8.0
285,0.498,0.257,0.000,104.740,0.489,1.861,8.0
286,0.494,0.263,0.000,105.061,0.426,1.600,8.0
287,0.491,0.275,0.000,105.374,0.369,1.373,8.0
288,0.487,0.288,0.000,105.686,0.319,1.162,8.0
289,0.483,0.301,0.000,105.996,0.270,0.961,8.0
290,0.479,0.314,0.000,106.305,0.219,0.768,8.0
291,0.475,0.327,0.000,106.613,0.167,0.581,8.0
292,0.471,0.341,0.000,106.919,0.115,0.399,8.0
293,0.467,0.354,0.000,107.224,0.082,0.214,8.0
294,0.463,0.367,0.000,107.527,0.021,0.041,8.0
295,0.459,0.379,0.000,107.829,-0.039,-0.131,8.0
296,0.455,0.392,0.000,108.121,-0.094,-0.304,8.0
297,0.451,0.404,0.000,108.395,-0.151,-0.477,8.0
298,0.447,0.416,0.000,108.653,-0.212,-0.650,8.0
299,0.443,0.428,0.000,108.891,-0.276,-0.823,8.0
300,0.439,0.440,0.000,109.110,-0.340,-0.999,8.0
301,0.435,0.452,0.000,109.310,-0.406,-1.178,8.0
302,0.431,0.464,0.000,109.489,-0.474,-1.359,8.0
303,0.427,0.476,0.000,109.659,-0.545,-1.544,8.0
304,0.422,0.488,0.000,109.826,-0.619,-1.734,8.0
305,0.418,0.499,0.000,109.988,-0.704,-1.916,8.0
306,0.416,0.505,0.000,110.155,-0.711,-1.996,8.0
307,0.416,0.506,0.000,110.312,-0.733,-1.899,8.0
308,0.413,0.508,0.000,110.465,-0.606,-1.705,8.0
309,0.409,0.516,0.000,110.617,-0.553,-1.462,8.0
310,0.405,0.525,0.000,110.767,-0.461,-1.231,8.0
311,0.400,0.536,0.000,110.915,-0.378,-1.000,8.0
312,0.396,0.547,0.000,111.060,-0.284,-0.777,8.0
313,0.392,0.558,0.000,111.202,-0.211,-0.551,8.0
314,0.387,0.569,0.000,111.340,-0.127,-0.335,8.0
315,0.383,0.580,0.000,111.473,-0.040,-0.123,8.0
316,0.379,0.591,0.000,111.602,0.043,0.087,8.0
317,0.374,0.602,0.000,111.726,0.125,0.297,8.0
318,0.370,0.613,0.000,111.845,0.209,0.505,8.0
319,0.366,0.624,0.000,111.960,0.295,0.713,8.0
320,0.361,0.634,0.000,112.070,0.381,0.923,8.0
321,0.357,0.645,0.000,112.174,0.469,1.135,8.0
322,0.353,0.655,0.000,112.274,0.560,1.349,8.0
323,0.349,0.665,0.000,112.368,0.652,1.568,8.0
324,0.345,0.675,0.000,112.457,0.748,1.792,8.0
325,0.342,0.683,0.000,112.541,0.800,1.956,8.0
326,0.341,0.684,0.000,112.631,0.804,1.900,8.0
327,0.339,0.686,0.000,112.714,0.740,1.731,8.0
328,0.335,0.693,0.000,112.792,0.673,1.595,8.0
329,0.330,0.702,0.000,112.865,0.624,1.472,8.0
330,0.326,0.712,0.000,112.932,0.583,1.359,8.0
331,0.324,0.719,0.000,112.993,0.536,1.240,8.0
332,0.322,0.724,0.000,113.050,0.483,1.121,8.0
333,0.321,0.728,0.000,113.101,0.434,1.004,8.0
334,0.319,0.732,0.000,113.148,0.388,0.890,8.0
335,0.318,0.736,0.000,113.191,0.341,0.779,8.0
336,0.317,0.738,0.000,113.232,0.295,0.671,8.0
337,0.315,0.741,0.000,113.270,0.250,0.566,8.0
338,0.314,0.744,0.000,113.305,0.207,0.465,8.0
339,0.313,0.747,0.000,113.336,0.166,0.369,8.0
340,0.311,0.750,0.000,113.361,0.126,0.276,8.0
341,0.310,0.754,0.000,113.381,0.088,0.187,8.0
342,0.308,0.758,0.000,113.395,0.050,0.101,8.0
343,0.305,0.764,0.000,113.403,0.019,0.030,8.0
344,0.301,0.772,0.000,113.405,-0.007,-0.032,8.0
345,0.299,0.778,0.000,113.401,-0.037,-0.106,8.0
346,0.296,0.785,0.000,113.390,-0.069,-0.173,8.0
347,0.292,0.793,0.000,113.373,-0.095,-0.234,8.0
348,0.290,0.798,0.000,113.349,-0.125,-0.309,8.0
349,0.289,0.802,0.000,113.318,-0.162,-0.393,8.0
350,0.288,0.805,0.000,113.278,-0.200,-0.480,8.0
351,0.286,0.808,0.000,113.232,-0.239,-0.572,8.0
352,0.286,0.811,0.000,113.180,-0.279,-0.668,8.0
353,0.285,0.812,0.000,113.124,-0.321,-0.768,8.0
354,0.284,0.814,0.000,113.063,-0.364,-0.872,8.0
355,0.283,0.816,0.000,112.996,-0.408,-0.978,8.0
356,0.283,0.818,0.000,112.924,-0.453,-1.088,8.0
357,0.282,0.820,0.000,112.844,-0.499,-1.200,8.0
358,0.281,0.822,0.000,112.757,-0.545,-1.316,8.0
359,0.279,0.825,0.000,112.662,-0.593,-1.436,8.0
360,0.276,0.830,0.000,112.560,-0.637,-1.547,8.0
361,0.273,0.837,0.000,112.452,-0.678,-1.657,8.0
362,0.272,0.842,0.000,112.337,-0.726,-1.786,8.0
363,0.270,0.846,0.000,112.213,-0.783,-1.880,8.0
364,0.269,0.846,0.000,112.101,-0.736,-1.848,8.0
365,0.268,0.848,0.000,111.987,-0.683,-1.717,8.0
366,0.267,0.850,0.000,111.868,-0.635,-1.588,8.0
367,0.266,0.852,0.000,111.741,-0.581,-1.470,8.0
368,0.266,0.855,0.000,111.605,-0.531,-1.362,8.0
369,0.265,0.856,0.000,111.463,-0.489,-1.262,8.0
370,0.265,0.857,0.000,111.314,-0.451,-1.171,8.0
371,0.264,0.858,0.000,111.159,-0.415,-1.087,8.0
372,0.264,0.859,0.000,110.997,-0.380,-1.009,8.0
373,0.263,0.861,0.000,110.827,-0.348,-0.934,8.0
374,0.263,0.862,0.000,110.650,-0.318,-0.862,8.0
375,0.262,0.864,0.000,110.466,-0.290,-0.794,8.0
376,0.261,0.866,0.000,110.273,-0.262,-0.728,8.0
377,0.260,0.868,0.000,110.073,-0.236,-0.665,8.0
378,0.258,0.873,0.000,109.867,-0.208,-0.591,8.0
379,0.257,0.877,0.000,109.656,-0.180,-0.526,8.0
380,0.256,0.880,0.000,109.437,-0.159,-0.470,8.0
381,0.254,0.884,0.000,109.212,-0.136,-0.404,8.0
382,0.253,0.889,0.000,108.981,-0.112,-0.346,8.0
383,0.252,0.891,0.000,108.743,-0.094,-0.298,8.0
384,0.252,0.893,0.000,108.495,-0.078,-0.252,8.0
385,0.251,0.895,0.000,108.240,-0.063,-0.209,8.0
386,0.251,0.897,0.000,107.977,-0.048,-0.169,8.0
387,0.250,0.898,0.000,107.706,-0.035,-0.130,8.0
388,0.250,0.899,0.000,107.427,-0.023,-0.093,8.0
389,0.249,0.901,0.000,107.140,-0.011,-0.056,8.0
390,0.249,0.902,0.000,106.844,0.001,-0.019,8.0
391,0.248,0.903,0.000,106.540,0.012,0.019,8.0
392,0.248,0.905,0.000,106.227,0.023,0.057,8.0
393,0.247,0.907,0.000,105.905,0.034,0.096,8.0
394,0.245,0.911,0.000,105.578,0.047,0.148,8.0
395,0.244,0.918,0.000,105.250,0.064,0.211,8.0
396,0.242,0.924,0.000,104.919,0.080,0.276,8.0
397,0.240,0.931,0.000,104.586,0.096,0.343,8.0
398,0.238,0.938,0.000,104.252,0.111,0.412,8.0
399,0.236,0.945,0.000,103.917,0.126,0.482,8.0
400,0.235,0.952,0.000,103.581,0.141,0.555,8.0
401,0.234,0.956,0.000,103.239,0.152,0.617,8.0
402,0.234,0.958,0.000,102.888,0.160,0.671,8.0
403,0.234,0.960,0.000,102.526,0.167,0.723,8.0
404,0.234,0.960,0.000,102.155,0.174,0.775,8.0
405,0.234,0.960,0.000,101.788,0.179,0.828,8.0
406,0.234,0.960,0.000,101.439,0.185,0.882,8.0
407,0.234,0.960,0.000,101.106,0.191,0.939,8.0
408,0.234,0.960,0.000,100.777,0.197,1.002,8.0
409,0.234,0.960,0.000,100.435,0.204,1.072,8.0
410,0.234,0.961,0.000,100.082,0.211,1.148,8.0
411,0.234,0.962,0.000,99.718,0.217,1.231,8.0
412,0.232,0.966,0.000,99.350,0.225,1.333,8.0
413,0.231,0.971,0.000,98.983,0.236,1.450,8.0
414,0.230,0.978,0.000,98.617,0.246,1.576,8.0
415,0.229,0.984,0.000,98.251,0.254,1.709,8.0
416,0.228,0.991,0.000,97.888,0.263,1.850,8.0
417,0.228,0.997,0.000,97.526,0.263,1.993,8.0
418,0.227,0.999,0.000,97.170,0.248,1.979,8.0
419,0.227,1.000,0.000,96.819,0.233,1.867,8.0
420,0.227,1.002,0.000,96.461,0.210,1.767,8.0
421,0.227,1.002,0.000,96.090,0.184,1.672,8.0
422,0.227,1.002,0.000,95.723,0.164,1.583,8.0
423,0.227,1.002,0.000,95.377,0.148,1.499,8.0
424,0.227,1.002,0.000,95.053,0.133,1.422,8.0
425,0.227,1.002,0.000,94.731,0.118,1.354,8.0
426,0.227,1.002,0.000,94.394,0.105,1.294,8.0
427,0.227,1.003,0.000,94.043,0.094,1.243,8.0
428,0.227,1.004,0.000,93.680,0.084,1.200,8.0
429,0.227,1.005,0.000,93.305,0.074,1.165,8.0
430,0.227,1.009,0.000,92.927,0.065,1.146,8.0
431,0.227,1.013,0.000,92.545,0.057,1.132,8.0
432,0.227,1.015,0.000,92.153,0.048,1.117,8.0
433,0.226,1.019,0.000,91.758,0.040,1.115,8.0
434,0.226,1.022,0.000,91.360,0.033,1.117,8.0
435,0.226,1.024,0.000,90.953,0.025,1.117,8.0
436,0.227,1.026,0.000,90.538,0.017,1.120,8.0
437,0.227,1.028,0.000,90.117,0.009,1.127,8.0
438,0.227,1.029,0.000,89.690,0.000,1.139,8.0
439,0.227,1.030,0.000,89.256,-0.009,1.155,8.0
440,0.226,1.031,0.000,88.815,-0.018,1.175,8.0
441,0.226,1.032,0.000,88.365,-0.028,1.202,8.0
442,0.226,1.034,0.000,87.906,-0.039,1.234,8.0
443,0.226,1.035,0.000,87.435,-0.051,1.273,8.0
444,0.226,1.037,0.000,86.953,-0.064,1.317,8.0
445,0.227,1.039,0.000,86.459,-0.078,1.369,8.0
446,0.227,1.042,0.000,85.964,-0.095,1.435,8.0
447,0.227,1.048,0.000,85.478,-0.114,1.515,8.0
448,0.228,1.053,0.000,84.999,-0.134,1.604,8.0
449,0.228,1.059,0.000,84.528,-0.157,1.700,8.0
450,0.229,1.065,0.000,84.065,-0.181,1.802,8.0
451,0.230,1.071,0.000,83.612,-0.208,1.912,8.0
452,0.230,1.076,0.000,83.168,-0.250,2.006,8.0
453,0.230,1.077,0.000,82.735,-0.238,1.960,8.0
454,0.231,1.077,0.000,82.306,-0.277,1.891,8.0
455,0.231,1.079,0.000,81.871,-0.260,1.846,8.0
456,0.232,1.080,0.000,81.434,-0.278,1.804,8.0
457,0.232,1.082,0.000,80.990,-0.294,1.770,8.0
458,0.232,1.084,0.000,80.536,-0.294,1.747,8.0
459,0.233,1.085,0.000,80.068,-0.305,1.728,8.0
460,0.233,1.086,0.000,79.581,-0.324,1.718,8.0
461,0.233,1.088,0.000,79.075,-0.340,1.717,8.0
462,0.234,1.090,0.000,78.551,-0.356,1.726,8.0
463,0.234,1.092,0.000,78.011,-0.376,1.743,8.0
464,0.236,1.096,0.000,77.470,-0.401,1.775,8.0
465,0.237,1.100,0.000,76.943,-0.429,1.821,8.0
466,0.237,1.104,0.000,76.413,-0.459,1.869,8.0
467,0.239,1.108,0.000,75.883,-0.491,1.928,8.0
468,0.240,1.112,0.000,75.366,-0.500,1.939,8.0
469,0.241,1.114,0.000,74.848,-0.517,1.877,8.0
470,0.242,1.117,0.000,74.325,-0.526,1.823,8.0
471,0.243,1.120,0.000,73.797,-0.519,1.787,8.0
472,0.244,1.123,0.000,73.262,-0.531,1.753,8.0
473,0.245,1.126,0.000,72.711,-0.546,1.724,8.0
474,0.245,1.128,0.000,72.142,-0.557,1.704,8.0
475,0.246,1.130,0.000,71.554,-0.570,1.692,8.0
476,0.247,1.133,0.000,70.948,-0.589,1.687,8.0
477,0.248,1.135,0.000,70.325,-0.612,1.690,8.0
478,0.249,1.138,0.000,69.686,-0.637,1.702,8.0
479,0.250,1.141,0.000,69.031,-0.667,1.722,8.0
480,0.252,1.144,0.000,68.380,-0.702,1.754,8.0
481,0.254,1.149,0.000,67.747,-0.742,1.796,8.0
482,0.255,1.153,0.000,67.132,-0.784,1.843,8.0
483,0.258,1.156,0.000,66.533,-0.803,1.823,8.0
484,0.260,1.159,0.000,65.952,-0.792,1.767,8.0
485,0.261,1.163,0.000,65.391,-0.792,1.718,8.0
486,0.263,1.168,0.000,64.850,-0.796,1.678,8.0
487,0.265,1.172,0.000,64.330,-0.800,1.648,8.0
488,0.267,1.175,0.000,63.813,-0.805,1.624,8.0
489,0.268,1.178,0.000,63.283,-0.815,1.605,8.0
490,0.270,1.182,0.000,62.739,-0.828,1.593,8.0
491,0.272,1.185,0.000,62.182,-0.846,1.588,8.0
492,0.273,1.188,0.000,61.608,-0.867,1.590,8.0
493,0.275,1.191,0.000,61.017,-0.893,1.599,8.0
494,0.277,1.194,0.000,60.409,-0.925,1.615,8.0
495,0.279,1.197,0.000,59.786,-0.962,1.638,8.0
496,0.281,1.200,0.000,59.147,-1.005,1.669,8.0
497,0.283,1.204,0.000,58.496,-1.052,1.706,8.0
498,0.284,1.205,0.000,57.839,-1.066,1.680,8.0
499,0.286,1.208,0.000,57.178,-1.063,1.651,8.0
500,0.289,1.212,0.000,56.525,-1.083,1.620,8.0
501,0.291,1.215,0.000,55.895,-1.097,1.602,8.0
502,0.293,1.218,0.000,55.289,-1.111,1.594,8.0
503,0.296,1.221,0.000,54.706,-1.133,1.591,8.0
504,0.298,1.224,0.000,54.148,-1.161,1.595,8.0
505,0.300,1.227,0.000,53.613,-1.192,1.606,8.0
506,0.302,1.230,0.000,53.104,-1.205,1.596,8.0
507,0.304,1.233,0.000,52.618,-1.207,1.573,8.0
508,0.307,1.236,0.000,52.141,-1.219,1.557,8.0
509,0.310,1.240,0.000,51.657,-1.237,1.551,8.0
510,0.313,1.243,0.000,51.166,-1.254,1.548,8.0
511,0.315,1.246,0.000,50.671,-1.261,1.529,8.0
512,0.318,1.250,0.000,50.166,-1.274,1.517,8.0
513,0.321,1.254,0.000,49.653,-1.293,1.511,8.0
514,0.324,1.257,0.000,49.132,-1.306,1.500,8.0
515,0.327,1.261,0.000,48.605,-1.318,1.486,8.0
516,0.331,1.264,0.000,48.072,-1.334,1.476,8.0
517,0.333,1.267,0.000,47.551,-1.344,1.460,8.0
518,0.335,1.269,0.000,47.058,-1.357,1.449,8.0
519,0.337,1.271,0.000,46.592,-1.372,1.442,8.0
520,0.339,1.273,0.000,46.155,-1.381,1.428,8.0
521,0.341,1.275,0.000,45.745,-1.393,1.420,8.0
522,0.342,1.277,0.000,45.364,-1.401,1.410,8.0
523,0.344,1.278,0.000,45.012,-1.410,1.402,8.0
524,0.346,1.280,0.000,44.690,-1.418,1.394,8.0
525,0.349,1.283,0.000,44.383,-1.427,1.388,8.0
526,0.352,1.286,0.000,44.077,-1.432,1.377,8.0
527,0.356,1.290,0.000,43.771,-1.441,1.371,8.0
528,0.359,1.293,0.000,43.465,-1.450,1.365,8.0
529,0.363,1.297,0.000,43.158,-1.463,1.365,8.0
530,0.367,1.300,0.000,42.852,-1.469,1.352,8.0
531,0.371,1.304,0.000,42.546,-1.474,1.346,8.0
532,0.375,1.308,0.000,42.241,-1.482,1.341,8.0
533,0.377,1.310,0.000,41.952,-1.485,1.325,8.0
534,0.379,1.311,0.000,41.692,-1.488,1.315,8.0
535,0.380,1.313,0.000,41.460,-1.496,1.313,8.0
536,0.382,1.314,0.000,41.257,-1.507,1.317,8.0
537,0.382,1.314,0.000,41.070,-1.509,1.303,-1
538,0.382,1.314,0.000,40.885,-1.509,1.298,-1
539,0.382,1.314,0.000,40.702,-1.517,1.298,-1
540,0.382,1.314,0.000,40.521,-1.522,1.297,-1
541,0.382,1.314,0.000,40.344,-1.525,1.286,-1
542,0.383,1.315,0.000,40.185,-1.531,1.288,8.0
543,0.386,1.317,0.000,40.046,-1.534,1.282,8.0
544,0.390,1.321,0.000,39.915,-1.536,1.276,8.0
545,0.394,1.324,0.000,39.792,-1.539,1.276,8.0
546,0.398,1.328,0.000,39.679,-1.541,1.270,8.0
547,0.403,1.332,0.000,39.574,-1.544,1.269,8.0
548,0.407,1.335,0.000,39.479,-1.546,1.265,8.0
549,0.410,1.337,0.000,39.402,-1.542,1.258,8.0
550,0.411,1.338,0.000,39.357,-1.539,1.254,8.0
551,0.413,1.340,0.000,39.341,-1.542,1.256,8.0
552,0.414,1.341,0.000,39.356,-1.550,1.264,8.0
553,0.415,1.342,0.000,39.403,-1.548,1.262,8.0
554,0.416,1.342,0.000,39.480,-1.536,1.270,8.0
555,0.417,1.343,0.000,39.578,-1.510,1.249,8.0
556,0.418,1.344,0.000,39.704,-1.476,1.234,8.0
557,0.419,1.345,0.000,39.861,-1.452,1.224,8.0
558,0.420,1.346,0.000,40.051,-1.438,1.216,8.0
559,0.422,1.347,0.000,40.272,-1.428,1.217,8.0
560,0.423,1.348,0.000,40.524,-1.424,1.225,8.0
561,0.424,1.349,0.000,40.808,-1.426,1.239,8.0
562,0.425,1.350,0.000,41.122,-1.434,1.260,8.0
563,0.426,1.351,0.000,41.468,-1.448,1.287,8.0
564,0.428,1.353,0.000,41.843,-1.467,1.322,8.0
565,0.428,1.353,0.000,42.246,-1.476,1.345,8.0
566,0.428,1.353,0.000,42.669,-1.452,1.346,8.0
567,0.430,1.355,0.000,43.124,-1.435,1.354,8.0
568,0.431,1.356,0.000,43.608,-1.427,1.367,8.0
569,0.432,1.357,0.000,44.123,-1.423,1.388,8.0
570,0.433,1.358,0.000,44.667,-1.410,1.402,8.0
571,0.435,1.360,0.000,45.238,-1.393,1.412,8.0
572,0.436,1.361,0.000,45.839,-1.381,1.431,8.0
573,0.437,1.362,0.000,46.469,-1.365,1.446,8.0
574,0.439,1.364,0.000,47.127,-1.348,1.460,8.0
575,0.440,1.365,0.000,47.814,-1.331,1.478,8.0
576,0.441,1.366,0.000,48.522,-1.297,1.478,8.0
577,0.444,1.370,0.000,49.240,-1.280,1.488,8.0
578,0.449,1.375,0.000,49.967,-1.267,1.517,8.0
579,0.453,1.381,0.000,50.702,-1.251,1.534,8.0
580,0.458,1.386,0.000,51.444,-1.224,1.544,8.0
581,0.462,1.392,0.000,52.193,-1.220,1.551,8.0
582,0.467,1.397,0.000,52.947,-1.197,1.581,8.0
583,0.469,1.401,0.000,53.716,-1.182,1.603,8.0
584,0.471,1.403,0.000,54.514,-1.166,1.624,8.0
585,0.472,1.406,0.000,55.340,-1.142,1.639,8.0
586,0.474,1.408,0.000,56.193,-1.116,1.656,8.0
587,0.475,1.410,0.000,57.074,-1.090,1.675,8.0
588,0.477,1.412,0.000,57.982,-1.064,1.690,8.0
589,0.478,1.415,0.000,58.918,-1.036,1.709,8.0
590,0.480,1.417,0.000,59.882,-1.008,1.725,8.0
591,0.481,1.419,0.000,60.873,-0.977,1.743,8.0
592,0.482,1.422,0.000,61.890,-0.947,1.759,8.0
593,0.484,1.425,0.000,62.934,-0.914,1.777,8.0
594,0.485,1.427,0.000,64.004,-0.881,1.793,8.0
595,0.487,1.430,0.000,65.099,-0.846,1.810,8.0
596,0.488,1.433,0.000,66.218,-0.811,1.826,8.0
597,0.490,1.436,0.000,67.362,-0.774,1.842,8.0
598,0.491,1.440,0.000,68.529,-0.737,1.857,8.0
599,0.492,1.443,0.000,69.720,-0.698,1.872,8.0
600,0.494,1.446,0.000,70.934,-0.658,1.886,8.0
601,0.495,1.450,0.000,72.170,-0.617,1.900,8.0
602,0.496,1.454,0.000,73.429,-0.575,1.913,8.0
603,0.497,1.457,0.000,74.709,-0.532,1.926,8.0
604,0.498,1.461,0.000,76.010,-0.488,1.937,8.0
605,0.499,1.465,0.000,77.331,-0.444,1.948,8.0
606,0.500,1.469,0.000,78.671,-0.398,1.958,8.0
607,0.501,1.474,0.000,80.030,-0.351,1.967,8.0
608,0.502,1.478,0.000,81.406,-0.304,1.975,8.0
609,0.502,1.483,0.000,82.800,-0.256,1.981,8.0
610,0.503,1.487,0.000,84.210,-0.207,1.987,8.0
611,0.503,1.492,0.000,85.634,-0.158,1.992,8.0
612,0.503,1.497,0.000,87.072,-0.108,1.995,8.0
613,0.503,1.502,0.000,88.519,-0.057,1.997,8.0
614,0.503,1.507,0.000,89.972,-0.007,1.998,8.0
615,0.503,1.512,0.000,91.427,0.044,1.997,8.0
616,0.503,1.517,0.000,92.885,0.095,1.996,8.0
617,0.503,1.522,0.000,94.351,0.146,1.993,8.0
618,0.502,1.528,0.000,95.825,0.197,1.988,8.0
619,0.502,1.533,0.000,97.309,0.249,1.982,8.0
620,0.501,1.539,0.000,98.800,0.300,1.975,8.0
621,0.500,1.544,0.000,100.299,0.352,1.967,8.0
622,0.499,1.550,0.000,101.804,0.403,1.957,8.0
623,0.497,1.556,0.000,103.315,0.455,1.945,8.0
624,0.496,1.561,0.000,104.831,0.506,1.933,8.0
625,0.494,1.567,0.000,106.350,0.557,1.919,8.0
626,0.492,1.573,0.000,107.871,0.608,1.903,8.0
627,0.490,1.578,0.000,109.393,0.658,1.886,8.0
628,0.488,1.584,0.000,110.916,0.708,1.868,8.0
629,0.486,1.590,0.000,112.437,0.758,1.849,8.0
630,0.483,1.596,0.000,113.957,0.806,1.828,8.0
631,0.481,1.601,0.000,115.474,0.855,1.806,8.0
632,0.478,1.607,0.000,116.987,0.902,1.783,8.0
633,0.475,1.612,0.000,118.495,0.949,1.758,8.0
634,0.472,1.618,0.000,119.998,0.994,1.733,8.0
635,0.468,1.623,0.000,121.494,1.039,1.706,8.0
636,0.465,1.629,0.000,122.982,1.083,1.679,8.0
637,0.461,1.634,0.000,124.462,1.126,1.650,8.0
638,0.458,1.639,0.000,125.932,1.168,1.621,8.0
639,0.454,1.644,0.000,127.392,1.209,1.590,8.0
640,0.450,1.649,0.000,128.841,1.249,1.559,8.0
641,0.446,1.654,0.000,130.278,1.288,1.528,8.0
642,0.442,1.659,0.000,131.703,1.325,1.495,8.0
643,0.437,1.664,0.000,133.113,1.362,1.462,8.0
644,0.433,1.668,0.000,134.509,1.397,1.428,8.0
645,0.429,1.672,0.000,135.890,1.431,1.394,8.0
646,0.424,1.677,0.000,137.254,1.464,1.360,8.0
647,0.420,1.681,0.000,138.601,1.495,1.325,8.0
648,0.415,1.685,0.000,139.929,1.526,1.290,8.0
649,0.411,1.689,0.000,141.237,1.554,1.255,8.0
650,0.406,1.692,0.000,142.525,1.582,1.220,8.0
651,0.401,1.696,0.000,143.792,1.609,1.184,8.0
652,0.397,1.699,0.000,145.038,1.634,1.149,8.0
653,0.392,1.702,0.000,146.261,1.658,1.114,8.0
654,0.387,1.706,0.000,147.461,1.681,1.079,8.0
655,0.382,1.709,0.000,148.638,1.703,1.044,8.0
656,0.378,1.712,0.000,149.790,1.724,1.010,8.0
657,0.373,1.714,0.000,150.919,1.743,0.976,8.0
658,0.368,1.717,0.000,152.022,1.762,0.942,8.0
659,0.363,1.719,0.000,153.100,1.779,0.909,8.0
660,0.359,1.722,0.000,154.152,1.796,0.876,8.0
661,0.354,1.724,0.000,155.176,1.811,0.844,8.0
662,0.350,1.726,0.000,156.174,1.825,0.812,8.0
663,0.345,1.728,0.000,157.144,1.839,0.781,8.0
664,0.341,1.730,0.000,158.086,1.851,0.751,8.0
665,0.336,1.732,0.000,159.000,1.863,0.721,8.0
666,0.332,1.734,0.000,159.884,1.874,0.692,8.0
667,0.327,1.735,0.000,160.739,1.884,0.664,8.0
668,0.323,1.737,0.000,161.564,1.894,0.637,8.0
669,0.319,1.738,0.000,162.360,1.902,0.611,8.0
670,0.315,1.740,0.000,163.124,1.910,0.585,8.0
671,0.311,1.741,0.000,163.859,1.918,0.561,8.0
672,0.307,1.742,0.000,164.563,1.924,0.537,8.0
673,0.303,1.743,0.000,165.236,1.930,0.514,8.0
674,0.299,1.744,0.000,165.878,1.936,0.493,8.0
675,0.295,1.745,0.000,166.489,1.941,0.472,8.0
676,0.292,1.746,0.000,167.069,1.946,0.452,8.0
677,0.288,1.747,0.000,167.617,1.950,0.434,8.0
678,0.285,1.748,0.000,168.133,1.954,0.416,8.0
679,0.281,1.749,0.000,168.618,1.957,0.400,8.0
680,0.278,1.749,0.000,169.070,1.960,0.384,8.0
681,0.274,1.750,0.000,169.491,1.963,0.370,8.0
682,0.271,1.751,0.000,169.879,1.966,0.356,8.0
683,0.268,1.751,0.000,170.236,1.968,0.344,8.0
684,0.265,1.752,0.000,170.560,1.970,0.333,8.0
685,0.262,1.752,0.000,170.852,1.971,0.323,8.0
686,0.259,1.753,0.000,171.111,1.973,0.314,8.0
687,0.256,1.754,0.000,171.339,1.974,0.306,8.0
688,0.253,1.754,0.000,171.535,1.975,0.300,8.0
689,0.250,1.755,0.000,171.698,1.976,0.294,8.0
690,0.247,1.755,0.000,171.829,1.977,0.289,8.0
691,0.244,1.756,0.000,171.928,1.977,0.286,8.0
692,0.241,1.756,0.000,171.996,1.978,0.284,8.0
693,0.238,1.757,0.000,172.031,1.978,0.282,8.0
694,0.235,1.757,0.000,172.035,1.978,0.282,8.0
695,0.232,1.758,0.000,172.008,1.978,0.283,8.0
696,0.230,1.758,0.000,171.950,1.977,0.285,8.0
697,0.227,1.759,0.000,171.861,1.977,0.288,8.0
698,0.224,1.759,0.000,171.742,1.976,0.292,8.0
699,0.222,1.759,0.000,171.593,1.976,0.298,8.0
700,0.219,1.760,0.000,171.415,1.975,0.304,8.0
701,0.217,1.760,0.000,171.208,1.973,0.311,8.0
702,0.214,1.761,0.000,170.971,1.972,0.319,8.0
703,0.212,1.761,0.000,170.706,1.971,0.328,8.0
704,0.209,1.762,0.000,170.413,1.969,0.338,8.0
705,0.207,1.762,0.000,170.092,1.967,0.349,8.0
706,0.204,1.763,0.000,169.743,1.965,0.361,8.0
707,0.202,1.763,0.000,169.368,1.962,0.374,8.0
708,0.200,1.764,0.000,168.965,1.960,0.388,8.0
709,0.197,1.765,0.000,168.536,1.957,0.402,8.0
710,0.195,1.765,0.000,168.080,1.954,0.418,8.0
711,0.193,1.766,0.000,167.600,1.950,0.434,8.0
712,0.190,1.766,0.000,167.093,1.946,0.452,8.0
713,0.188,1.767,0.000,166.562,1.942,0.470,8.0
714,0.185,1.768,0.000,166.006,1.937,0.488,8.0
715,0.183,1.768,0.000,165.426,1.932,0.508,8.0
716,0.181,1.769,0.000,164.823,1.927,0.528,8.0
717,0.178,1.770,0.000,164.196,1.921,0.549,8.0
718,0.176,1.771,0.000,163.546,1.914,0.571,8.0
719,0.174,1.772,0.000,162.874,1.908,0.594,8.0
720,0.171,1.772,0.000,162.180,1.900,0.617,8.0
721,0.169,1.773,0.000,161.464,1.892,0.640,8.0
722,0.166,1.774,0.000,160.727,1.884,0.665,8.0
723,0.164,1.775,0.000,159.969,1.875,0.689,8.0
724,0.161,1.776,0.000,159.191,1.866,0.715,8.0
725,0.159,1.777,0.000,158.394,1.855,0.741,8.0
726,0.156,1.778,0.000,157.577,1.845,0.767,8.0
727,0.154,1.780,0.000,156.741,1.833,0.794,8.0
728,0.151,1.781,0.000,155.887,1.821,0.821,8.0
729,0.149,1.782,0.000,155.015,1.809,0.849,8.0
730,0.146,1.783,0.000,154.126,1.795,0.877,8.0
731,0.144,1.785,0.000,153.220,1.781,0.905,8.0
732,0.141,1.786,0.000,152.297,1.766,0.934,8.0
733,0.139,1.788,0.000,151.358,1.751,0.962,8.0
734,0.136,1.789,0.000,150.404,1.735,0.991,8.0
735,0.134,1.791,0.000,149.435,1.718,1.021,8.0
736,0.131,1.792,0.000,148.452,1.700,1.050,8.0
737,0.129,1.794,0.000,147.455,1.681,1.079,8.0
738,0.126,1.796,0.000,146.444,1.662,1.109,8.0
739,0.123,1.798,0.000,145.420,1.642,1.138,8.0
740,0.121,1.799,0.000,144.384,1.621,1.168,8.0
741,0.118,1.801,0.000,143.336,1.599,1.197,8.0
742,0.116,1.803,0.000,142.277,1.577,1.227,8.0
743,0.113,1.805,0.000,141.207,1.554,1.256,8.0
744,0.111,1.808,0.000,140.127,1.530,1.285,8.0
745,0.108,1.810,0.000,139.036,1.505,1.314,8.0
746,0.106,1.812,0.000,137.937,1.480,1.342,8.0
747,0.103,1.814,0.000,136.828,1.453,1.371,8.0
748,0.101,1.816,0.000,135.712,1.426,1.399,8.0
749,0.099,1.819,0.000,134.587,1.399,1.427,8.0
750,0.096,1.821,0.000,133.456,1.370,1.454,8.0
751,0.094,1.824,0.000,132.317,1.341,1.481,8.0
752,0.092,1.826,0.000,131.173,1.311,1.507,8.0
753,0.089,1.829,0.000,130.022,1.281,1.533,8.0
754,0.087,1.832,0.000,128.867,1.250,1.559,8.0
755,0.085,1.834,0.000,127.707,1.218,1.584,8.0
756,0.083,1.837,0.000,126.542,1.185,1.608,8.0
757,0.081,1.840,0.000,125.374,1.152,1.632,8.0
758,0.079,1.843,0.000,124.203,1.119,1.655,8.0
759,0.077,1.845,0.000,123.029,1.085,1.678,8.0
760,0.075,1.848,0.000,121.853,1.050,1.700,8.0
761,0.073,1.851,0.000,120.675,1.015,1.721,8.0
762,0.071,1.854,0.000,119.495,0.979,1.742,8.0
763,0.070,1.857,0.000,118.315,0.943,1.761,8.0
764,0.068,1.860,0.000,117.135,0.906,1.780,8.0
765,0.066,1.863,0.000,115.955,0.870,1.799,8.0
766,0.065,1.866,0.000,114.775,0.832,1.816,8.0
767,0.063,1.869,0.000,113.596,0.795,1.833,8.0
768,0.062,1.873,0.000,112.419,0.757,1.849,8.0
769,0.061,1.876,0.000,111.244,0.719,1.864,8.0
770,0.060,1.879,0.000,110.071,0.681,1.878,8.0
771,0.058,1.882,0.000,108.901,0.642,1.892,8.0
772,0.057,1.885,0.000,107.734,0.603,1.905,8.0
773,0.056,1.888,0.000,106.571,0.565,1.916,8.0
774,0.055,1.891,0.000,105.411,0.526,1.927,8.0
775,0.054,1.895,0.000,104.256,0.487,1.938,8.0
776,0.054,1.898,0.000,103.106,0.448,1.947,8.0
777,0.053,1.901,0.000,101.961,0.409,1.956,8.0
778,0.052,1.904,0.000,100.821,0.370,1.963,8.0
779,0.051,1.907,0.000,99.688,0.331,1.970,8.0
780,0.051,1.910,0.000,98.560,0.292,1.976,8.0
781,0.050,1.913,0.000,97.439,0.253,1.982,8.0
782,0.050,1.917,0.000,96.325,0.215,1.986,8.0
783,0.050,1.920,0.000,95.219,0.176,1.990,8.0
784,0.049,1.923,0.000,94.120,0.138,1.993,8.0
785,0.049,1.926,0.000,93.029,0.100,1.995,8.0
786,0.049,1.929,0.000,91.947,0.062,1.997,8.0
787,0.049,1.932,0.000,90.873,0.025,1.998,8.0
788,0.049,1.935,0.000,89.809,-0.012,1.998,8.0
789,0.049,1.937,0.000,88.754,-0.049,1.997,8.0
790,0.049,1.940,0.000,87.708,-0.086,1.996,8.0
791,0.049,1.943,0.000,86.673,-0.122,1.994,8.0
792,0.050,1.946,0.000,85.646,-0.157,1.992,8.0
793,0.050,1.949,0.000,84.630,-0.193,1.988,8.0
794,0.050,1.951,0.000,83.624,-0.228,1.985,8.0
795,0.051,1.954,0.000,82.627,-0.262,1.981,8.0
796,0.051,1.957,0.000,81.642,-0.296,1.976,8.0
797,0.051,1.959,0.000,80.667,-0.330,1.970,8.0
798,0.052,1.962,0.000,79.703,-0.363,1.965,8.0
799,0.052,1.965,0.000,78.750,-0.395,1.958,8.0
800,0.053,1.967,0.000,77.809,-0.428,1.952,8.0
801,0.054,1.969,0.000,76.879,-0.459,1.944,8.0
802,0.054,1.972,0.000,75.962,-0.490,1.937,8.0
803,0.055,1.974,0.000,75.056,-0.521,1.929,8.0
804,0.056,1.976,0.000,74.163,-0.551,1.920,8.0
805,0.056,1.979,0.000,73.282,-0.580,1.912,8.0
806,0.057,1.981,0.000,72.413,-0.609,1.903,8.0
807,0.058,1.983,0.000,71.556,-0.638,1.893,8.0
808,0.059,1.985,0.000,70.711,-0.665,1.884,8.0
809,0.060,1.987,0.000,69.878,-0.693,1.874,8.0
810,0.060,1.989,0.000,69.058,-0.720,1.864,8.0
811,0.061,1.991,0.000,68.251,-0.746,1.853,8.0
812,0.062,1.993,0.000,67.456,-0.771,1.843,8.0
813,0.063,1.995,0.000,66.673,-0.796,1.832,8.0
814,0.064,1.997,0.000,65.903,-0.821,1.821,8.0
815,0.065,1.999,0.000,65.146,-0.845,1.810,8.0
816,0.066,2.001,0.000,64.402,-0.869,1.799,8.0
817,0.067,2.002,0.000,63.670,-0.891,1.788,8.0
818,0.068,2.004,0.000,62.951,-0.914,1.777,8.0
819,0.068,2.006,0.000,62.246,-0.936,1.765,8.0
820,0.069,2.007,0.000,61.553,-0.957,1.754,8.0
821,0.070,2.009,0.000,60.874,-0.978,1.742,8.0
822,0.071,2.010,0.000,60.207,-0.998,1.731,8.0
823,0.072,2.012,0.000,59.554,-1.017,1.719,8.0
824,0.073,2.013,0.000,58.914,-1.037,1.708,8.0
825,0.074,2.015,0.000,58.287,-1.055,1.696,8.0
826,0.075,2.016,0.000,57.673,-1.073,1.685,8.0
827,0.076,2.017,0.000,57.072,-1.091,1.674,8.0
828,0.077,2.019,0.000,56.484,-1.108,1.662,8.0
829,0.078,2.020,0.000,55.909,-1.125,1.651,8.0
830,0.079,2.021,0.000,55.347,-1.141,1.640,8.0
831,0.080,2.022,0.000,54.797,-1.157,1.629,8.0
832,0.080,2.023,0.000,54.261,-1.172,1.618,8.0
833,0.081,2.025,0.000,53.738,-1.186,1.607,8.0
834,0.082,2.026,0.000,53.227,-1.201,1.597,8.0
835,0.083,2.027,0.000,52.729,-1.215,1.586,8.0
836,0.084,2.028,0.000,52.244,-1.228,1.576,8.0
837,0.085,2.029,0.000,51.771,-1.241,1.566,8.0
838,0.086,2.030,0.000,51.311,-1.253,1.556,8.0
839,0.086,2.031,0.000,50.863,-1.266,1.546,8.0
840,0.087,2.032,0.000,50.427,-1.277,1.536,8.0
841,0.088,2.033,0.000,50.004,-1.289,1.527,8.0
842,0.089,2.033,0.000,49.593,-1.300,1.517,8.0
843,0.090,2.034,0.000,49.195,-1.310,1.508,8.0
844,0.090,2.035,0.000,48.808,-1.320,1.500,8.0
845,0.091,2.036,0.000,48.434,-1.330,1.491,8.0
846,0.092,2.037,0.000,48.071,-1.339,1.482,8.0
847,0.093,2.038,0.000,47.720,-1.348,1.474,8.0
848,0.093,2.038,0.000,47.382,-1.357,1.466,8.0
849,0.094,2.039,0.000,47.054,-1.365,1.458,8.0
850,0.095,2.040,0.000,46.739,-1.373,1.451,8.0
851,0.096,2.040,0.000,46.435,-1.381,1.444,8.0
852,0.096,2.041,0.000,46.143,-1.389,1.437,8.0
853,0.097,2.042,0.000,45.862,-1.396,1.430,8.0
854,0.098,2.042,0.000,45.592,-1.402,1.423,8.0
855,0.098,2.043,0.000,45.334,-1.409,1.417,8.0
856,0.099,2.044,0.000,45.086,-1.415,1.411,8.0
857,0.099,2.044,0.000,44.850,-1.421,1.405,8.0
858,0.100,2.045,0.000,44.625,-1.426,1.399,8.0
859,0.101,2.045,0.000,44.410,-1.431,1.394,8.0
860,0.101,2.046,0.000,44.207,-1.436,1.389,8.0
861,0.102,2.047,0.000,44.014,-1.441,1.384,8.0
862,0.102,2.047,0.000,43.831,-1.445,1.379,8.0
863,0.103,2.048,0.000,43.660,-1.449,1.375,8.0
864,0.104,2.048,0.000,43.498,-1.453,1.371,8.0
865,0.104,2.049,0.000,43.347,-1.457,1.367,8.0
866,0.105,2.049,0.000,43.206,-1.460,1.363,8.0
867,0.105,2.050,0.000,43.075,-1.463,1.360,8.0
868,0.106,2.050,0.000,42.954,-1.466,1.357,8.0
869,0.106,2.051,0.000,42.843,-1.469,1.354,8.0
870,0.107,2.051,0.000,42.742,-1.471,1.352,8.0
871,0.107,2.051,0.000,42.651,-1.473,1.349,8.0
872,0.108,2.052,0.000,42.569,-1.475,1.347,8.0
873,0.108,2.052,0.000,42.497,-1.477,1.345,8.0
874,0.108,2.053,0.000,42.434,-1.479,1.344,8.0
875,0.109,2.053,0.000,42.381,-1.480,1.342,8.0
876,0.109,2.054,0.000,42.337,-1.481,1.341,8.0
877,0.110,2.054,0.000,42.301,-1.482,1.340,8.0
878,0.110,2.054,0.000,42.276,-1.482,1.340,8.0
879,0.111,2.055,0.000,42.258,-1.483,1.339,8.0
880,0.111,2.055,0.000,42.250,-1.483,1.339,8.0
881,0.111,2.055,0.000,42.251,-1.483,1.339,8.0
882,0.112,2.056,0.000,42.260,-1.483,1.339,8.0
883,0.112,2.056,0.000,42.278,-1.482,1.340,8.0
884,0.113,2.057,0.000,42.304,-1.482,1.340,8.0
885,0.113,2.057,0.000,42.339,-1.481,1.341,8.0
886,0.113,2.057,0.000,42.382,-1.480,1.342,8.0
887,0.114,2.058,0.000,42.433,-1.479,1.344,8.0
888,0.114,2.058,0.000,42.493,-1.477,1.345,8.0
889,0.114,2.058,0.000,42.560,-1.476,1.347,8.0
890,0.115,2.059,0.000,42.635,-1.474,1.349,8.0
891,0.115,2.059,0.000,42.718,-1.472,1.351,8.0
892,0.115,2.059,0.000,42.809,-1.470,1.353,8.0
893,0.116,2.060,0.000,42.907,-1.467,1.356,8.0
894,0.116,2.060,0.000,43.013,-1.465,1.359,8.0
895,0.116,2.060,0.000,43.126,-1.462,1.361,8.0
896,0.117,2.061,0.000,43.247,-1.459,1.365,8.0
897,0.117,2.061,0.000,43.375,-1.456,1.368,8.0
898,0.117,2.061,0.000,43.510,-1.453,1.371,8.0
899,0.118,2.062,0.000,43.652,-1.450,1.375,8.0
900,0.118,2.062,0.000,43.801,-1.446,1.379,8.0
901,0.118,2.062,0.000,43.956,-1.442,1.383,8.0
902,0.119,2.063,0.000,44.119,-1.438,1.387,8.0
903,0.119,2.063,0.000,44.288,-1.434,1.391,8.0
904,0.119,2.063,0.000,44.464,-1.430,1.395,8.0
905,0.119,2.064,0.000,44.646,-1.426,1.400,8.0
906,0.120,2.064,0.000,44.835,-1.421,1.404,8.0
907,0.120,2.064,0.000,45.029,-1.416,1.409,8.0
908,0.120,2.065,0.000,45.231,-1.411,1.414,8.0
909,0.120,2.065,0.000,45.438,-1.406,1.419,8.0
910,0.121,2.065,0.000,45.651,-1.401,1.425,8.0
911,0.121,2.066,0.000,45.870,-1.395,1.430,8.0
912,0.121,2.066,0.000,46.095,-1.390,1.435,8.0
913,0.122,2.066,0.000,46.325,-1.384,1.441,8.0
914,0.122,2.067,0.000,46.562,-1.378,1.447,8.0
915,0.122,2.067,0.000,46.804,-1.372,1.452,8.0
916,0.122,2.067,0.000,47.051,-1.366,1.458,8.0
917,0.123,2.068,0.000,47.304,-1.359,1.464,8.0
918,0.123,2.068,0.000,47.561,-1.353,1.470,8.0
919,0.123,2.069,0.000,47.825,-1.346,1.477,8.0
920,0.123,2.069,0.000,48.093,-1.339,1.483,8.0
921,0.124,2.069,0.000,48.366,-1.332,1.489,8.0
922,0.124,2.070,0.000,48.644,-1.324,1.496,8.0
923,0.124,2.070,0.000,48.927,-1.317,1.502,8.0
924,0.124,2.070,0.000,49.215,-1.310,1.509,8.0
925,0.125,2.071,0.000,49.508,-1.302,1.516,8.0
926,0.125,2.071,0.000,49.805,-1.294,1.522,8.0
927,0.125,2.071,0.000,50.107,-1.286,1.529,8.0
928,0.125,2.072,0.000,50.413,-1.278,1.536,8.0
929,0.126,2.072,0.000,50.723,-1.269,1.543,8.0
930,0.126,2.072,0.000,51.038,-1.261,1.550,8.0
931,0.126,2.073,0.000,51.357,-1.252,1.557,8.0
932,0.126,2.073,0.000,51.680,-1.243,1.564,8.0
933,0.126,2.074,0.000,52.007,-1.234,1.571,8.0
934,0.127,2.074,0.000,52.338,-1.225,1.578,8.0
935,0.127,2.074,0.000,52.673,-1.216,1.585,8.0
936,0.127,2.075,0.000,53.012,-1.207,1.592,8.0
937,0.127,2.075,0.000,53.354,-1.197,1.599,8.0
938,0.128,2.076,0.000,53.700,-1.188,1.607,8.0
939,0.128,2.076,0.000,54.050,-1.178,1.614,8.0
940,0.128,2.076,0.000,54.404,-1.168,1.621,8.0
941,0.128,2.077,0.000,54.760,-1.158,1.628,8.0
942,0.128,2.077,0.000,55.120,-1.147,1.636,8.0
943,0.129,2.078,0.000,55.484,-1.137,1.643,8.0
944,0.129,2.078,0.000,55.851,-1.126,1.650,8.0
945,0.129,2.078,0.000,56.221,-1.116,1.657,8.0
946,0.129,2.079,0.000,56.594,-1.105,1.665,8.0
947,0.130,2.079,0.000,56.970,-1.094,1.672,8.0
948,0.130,2.080,0.000,57.349,-1.083,1.679,8.0
949,0.130,2.080,0.000,57.731,-1.072,1.686,8.0
950,0.130,2.080,0.000,58.116,-1.060,1.693,8.0
951,0.130,2.081,0.000,58.503,-1.049,1.700,8.0
952,0.131,2.081,0.000,58.894,-1.037,1.708,8.0
953,0.131,2.082,0.000,59.287,-1.025,1.715,8.0
954,0.131,2.082,0.000,59.682,-1.014,1.722,8.0
955,0.131,2.083,0.000,60.080,-1.002,1.729,8.0
956,0.131,2.083,0.000,60.481,-0.989,1.736,8.0
957,0.132,2.083,0.000,60.884,-0.977,1.743,8.0
958,0.132,2.084,0.000,61.290,-0.965,1.749,8.0
959,0.132,2.084,0.000,61.697,-0.952,1.756,8.0
960,0.132,2.085,0.000,62.107,-0.940,1.763,8.0
961,0.132,2.085,0.000,62.519,-0.927,1.770,8.0
962,0.133,2.086,0.000,62.934,-0.914,1.776,8.0
963,0.133,2.086,0.000,63.350,-0.901,1.783,8.0
964,0.133,2.087,0.000,63.768,-0.888,1.789,8.0
965,0.133,2.087,0.000,64.189,-0.875,1.796,8.0
966,0.133,2.087,0.000,64.611,-0.862,1.802,8.0
967,0.134,2.088,0.000,65.035,-0.849,1.809,8.0
968,0.134,2.088,0.000,65.461,-0.835,1.815,8.0
969,0.134,2.089,0.000,65.888,-0.821,1.821,8.0
970,0.134,2.089,0.000,66.318,-0.808,1.827,8.0
971,0.134,2.090,0.000,66.749,-0.794,1.833,8.0
972,0.135,2.090,0.000,67.181,-0.780,1.839,8.0
973,0.135,2.091,0.000,67.616,-0.766,1.845,8.0
974,0.135,2.091,0.000,68.051,-0.752,1.851,8.0
975,0.135,2.092,0.000,68.488,-0.738,1.857,8.0
976,0.135,2.092,0.000,68.927,-0.724,1.862,8.0
977,0.135,2.093,0.000,69.366,-0.709,1.868,8.0
978,0.135,2.093,0.000,69.808,-0.695,1.873,8.0
979,0.136,2.093,0.000,70.250,-0.681,1.878,8.0
980,0.136,2.094,0.000,70.694,-0.666,1.884,8.0
981,0.136,2.094,0.000,71.138,-0.651,1.889,8.0
982,0.136,2.095,0.000,71.584,-0.637,1.894,8.0
983,0.136,2.095,0.000,72.031,-0.622,1.899,8.0
984,0.136,2.096,0.000,72.479,-0.607,1.903,8.0
985,0.137,2.096,0.000,72.928,-0.592,1.908,8.0
986,0.137,2.097,0.000,73.378,-0.577,1.913,8.0
987,0.137,2.097,0.000,73.829,-0.562,1.917,8.0
988,0.137,2.098,0.000,74.280,-0.547,1.922,8.0
989,0.137,2.098,0.000,74.733,-0.532,1.926,8.0
990,0.137,2.099,0.000,75.186,-0.516,1.930,8.0
991,0.137,2.099,0.000,75.640,-0.501,1.934,8.0
992,0.137,2.100,0.000,76.095,-0.486,1.938,8.0
993,0.138,2.100,0.000,76.550,-0.470,1.942,8.0
994,0.138,2.101,0.000,77.006,-0.455,1.945,8.0
995,0.138,2.101,0.000,77.462,-0.439,1.949,8.0
996,0.138,2.101,0.000,77.919,-0.424,1.952,8.0
997,0.138,2.102,0.000,78.377,-0.408,1.956,8.0
998,0.138,2.102,0.000,78.835,-0.392,1.959,8.0
999,0.138,2.103,0.000,79.293,-0.377,1.962,8.0
1000,0.138,2.103,0.000,79.752,-0.361,1.965,8.0
1001,0.138,2.104,0.000,80.211,-0.345,1.968,8.0
1002,0.138,2.104,0.000,80.670,-0.330,1.970,8.0
1003,0.138,2.105,0.000,81.130,-0.314,1.973,8.0
1004,0.138,2.105,0.000,81.590,-0.298,1.975,8.0
1005,0.139,2.106,0.000,82.050,-0.282,1.978,8.0
1006,0.139,2.106,0.000,82.510,-0.266,1.980,8.0
1007,0.139,2.107,0.000,82.970,-0.250,1.982,8.0
1008,0.139,2.107,0.000,83.431,-0.234,1.984,8.0
1009,0.139,2.108,0.000,83.891,-0.218,1.986,8.0
1010,0.139,2.108,0.000,84.351,-0.202,1.988,8.0
1011,0.139,2.109,0.000,84.811,-0.186,1.989,8.0
1012,0.139,2.109,0.000,85.271,-0.170,1.991,8.0
1013,0.139,2.109,0.000,85.731,-0.154,1.992,8.0
1014,0.139,2.110,0.000,86.190,-0.138,1.993,8.0
1015,0.139,2.110,0.000,86.649,-0.122,1.994,8.0
1016,0.139,2.111,0.000,87.107,-0.106,1.995,8.0
1017,0.139,2.111,0.000,87.565,-0.091,1.996,8.0
1018,0.139,2.112,0.000,88.022,-0.075,1.996,8.0
1019,0.139,2.112,0.000,88.477,-0.059,1.997,8.0
1020,0.139,2.113,0.000,88.932,-0.043,1.997,8.0
1021,0.139,2.113,0.000,89.384,-0.027,1.998,8.0
1022,0.139,2.114,0.000,89.835,-0.011,1.998,8.0
1023,0.139,2.114,0.000,90.284,0.004,1.998,8.0
1024,0.139,2.114,0.000,90.731,0.020,1.998,8.0
1025,0.139,2.115,0.000,91.175,0.035,1.997,8.0
1026,0.139,2.115,0.000,91.619,0.051,1.997,8.0
1027,0.139,2.116,0.000,92.061,0.066,1.997,8.0
1028,0.139,2.116,0.000,92.501,0.082,1.996,8.0
1029,0.139,2.117,0.000,92.941,0.097,1.995,8.0
1030,0.139,2.117,0.000,93.380,0.112,1.995,8.0
1031,0.139,2.117,0.000,93.819,0.128,1.994,8.0
1032,0.139,2.118,0.000,94.256,0.143,1.993,8.0
1033,0.139,2.118,0.000,94.693,0.158,1.992,8.0
1034,0.139,2.119,0.000,95.130,0.173,1.990,8.0
1035,0.139,2.119,0.000,95.566,0.188,1.989,8.0
1036,0.139,2.120,0.000,96.001,0.203,1.987,8.0
1037,0.138,2.120,0.000,96.436,0.218,1.986,8.0
1038,0.138,2.120,0.000,96.871,0.234,1.984,8.0
1039,0.138,2.121,0.000,97.305,0.249,1.982,8.0
1040,0.138,2.121,0.000,97.738,0.264,1.980,8.0
1041,0.138,2.122,0.000,98.171,0.279,1.978,8.0
1042,0.138,2.122,0.000,98.603,0.293,1.976,8.0
1043,0.138,2.122,0.000,99.035,0.308,1.974,8.0
1044,0.138,2.123,0.000,99.466,0.323,1.971,8.0
1045,0.138,2.123,0.000,99.897,0.338,1.969,8.0
1046,0.138,2.124,0.000,100.327,0.353,1.966,8.0
1047,0.138,2.124,0.000,100.756,0.367,1.964,8.0
1048,0.137,2.124,0.000,101.185,0.382,1.961,8.0
1049,0.137,2.125,0.000,101.613,0.397,1.958,8.0
1050,0.137,2.125,0.000,102.040,0.411,1.955,8.0
1051,0.137,2.126,0.000,102.467,0.426,1.952,8.0
1052,0.137,2.126,0.000,102.893,0.441,1.949,8.0
1053,0.137,2.126,0.000,103.319,0.455,1.945,8.0
1054,0.137,2.127,0.000,103.744,0.469,1.942,8.0
1055,0.136,2.127,0.000,104.168,0.484,1.938,8.0
1056,0.136,2.127,0.000,104.591,0.498,1.935,8.0
1057,0.136,2.128,0.000,105.014,0.512,1.931,8.0
1058,0.136,2.128,0.000,105.436,0.527,1.927,8.0
1059,0.136,2.129,0.000,105.857,0.541,1.923,8.0
1060,0.136,2.129,0.000,106.277,0.555,1.919,8.0
1061,0.135,2.129,0.000,106.696,0.569,1.915,8.0
1062,0.135,2.130,0.000,107.115,0.583,1.911,8.0
1063,0.135,2.130,0.000,107.533,0.597,1.907,8.0
1064,0.135,2.130,0.000,107.950,0.611,1.902,8.0
1065,0.135,2.131,0.000,108.366,0.624,1.898,8.0
1066,0.134,2.131,0.000,108.781,0.638,1.893,8.0
1067,0.134,2.131,0.000,109.195,0.652,1.889,8.0
1068,0.134,2.132,0.000,109.608,0.665,1.884,8.0
1069,0.134,2.132,0.000,110.021,0.679,1.879,8.0
1070,0.134,2.132,0.000,110.432,0.692,1.874,8.0
1071,0.133,2.133,0.000,110.843,0.706,1.869,8.0
1072,0.133,2.133,0.000,111.252,0.719,1.864,8.0
1073,0.133,2.133,0.000,111.661,0.732,1.859,8.0
1074,0.133,2.133,0.000,112.069,0.746,1.853,8.0
1075,0.132,2.134,0.000,112.475,0.759,1.848,8.0
1076,0.132,2.134,0.000,112.881,0.772,1.843,8.0
1077,0.132,2.134,0.000,113.285,0.785,1.837,8.0
1078,0.132,2.135,0.000,113.689,0.798,1.832,8.0
1079,0.131,2.135,0.000,114.091,0.811,1.826,8.0
1080,0.131,2.135,0.000,114.493,0.823,1.820,8.0
1081,0.131,2.136,0.000,114.893,0.836,1.814,8.0
1082,0.131,2.136,0.000,115.292,0.849,1.809,8.0
1083,0.130,2.136,0.000,115.691,0.861,1.803,8.0
1084,0.130,2.136,0.000,116.088,0.874,1.797,8.0
1085,0.130,2.137,0.000,116.484,0.886,1.791,8.0
1086,0.130,2.137,0.000,116.878,0.899,1.784,8.0
1087,0.129,2.137,0.000,117.272,0.911,1.778,8.0
1088,0.129,2.137,0.000,117.665,0.923,1.772,8.0
1089,0.129,2.138,0.000,118.056,0.935,1.766,8.0
1090,0.129,2.138,0.000,118.446,0.947,1.759,8.0
1091,0.128,2.138,0.000,118.835,0.959,1.753,8.0
1092,0.128,2.138,0.000,119.223,0.971,1.746,8.0
1093,0.128,2.139,0.000,119.610,0.983,1.740,8.0
1094,0.127,2.139,0.000,119.995,0.994,1.733,8.0
1095,0.127,2.139,0.000,120.379,1.006,1.726,8.0
1096,0.127,2.139,0.000,120.762,1.017,1.719,8.0
1097,0.127,2.140,0.000,121.144,1.029,1.713,8.0
1098,0.126,2.140,0.000,121.525,1.040,1.706,8.0
1099,0.126,2.140,0.000,121.904,1.051,1.699,8.0
1100,0.126,2.140,0.000,122.282,1.063,1.692,8.0
1101,0.125,2.141,0.000,122.659,1.074,1.685,8.0
1102,0.125,2.141,0.000,123.034,1.085,1.678,8.0
1103,0.125,2.141,0.000,123.408,1.096,1.671,8.0
1104,0.125,2.141,0.000,123.781,1.106,1.663,8.0
1105,0.124,2.141,0.000,124.152,1.117,1.656,8.0
1106,0.124,2.142,0.000,124.522,1.128,1.649,8.0
1107,0.124,2.142,0.000,124.891,1.138,1.642,8.0
1108,0.123,2.142,0.000,125.258,1.149,1.634,8.0
1109,0.123,2.142,0.000,125.624,1.159,1.627,8.0
1110,0.123,2.143,0.000,125.989,1.170,1.620,8.0
1111,0.122,2.143,0.000,126.352,1.180,1.612,8.0
1112,0.122,2.143,0.000,126.714,1.190,1.605,8.0
1113,0.122,2.143,0.000,127.075,1.200,1.597,8.0
1114,0.122,2.143,0.000,127.434,1.210,1.590,8.0
1115,0.121,2.144,0.000,127.791,1.220,1.582,8.0
1116,0.121,2.144,0.000,128.148,1.230,1.574,8.0
1117,0.121,2.144,0.000,128.502,1.240,1.567,8.0
1118,0.120,2.144,0.000,128.856,1.249,1.559,8.0
1119,0.120,2.144,0.000,129.208,1.259,1.551,8.0
1120,0.120,2.144,0.000,129.558,1.268,1.544,8.0
1121,0.119,2.145,0.000,129.907,1.278,1.536,8.0
1122,0.119,2.145,0.000,130.254,1.287,1.528,8.0
1123,0.119,2.145,0.000,130.600,1.296,1.520,8.0
1124,0.119,2.145,0.000,130.944,1.305,1.513,8.0
1125,0.118,2.145,0.000,131.287,1.314,1.505,8.0
1126,0.118,2.145,0.000,131.629,1.323,1.497,8.0
1127,0.118,2.146,0.000,131.968,1.332,1.489,8.0
1128,0.117,2.146,0.000,132.307,1.341,1.481,8.0
1129,0.117,2.146,0.000,132.643,1.350,1.473,8.0
1130,0.117,2.146,0.000,132.979,1.358,1.465,8.0
1131,0.116,2.146,0.000,133.312,1.367,1.457,8.0
1132,0.116,2.146,0.000,133.644,1.375,1.449,8.0
1133,0.116,2.147,0.000,133.974,1.383,1.441,8.0
1134,0.116,2.147,0.000,134.303,1.392,1.433,8.0
1135,0.115,2.147,0.000,134.630,1.400,1.426,8.0
1136,0.115,2.147,0.000,134.956,1.408,1.418,8.0
1137,0.115,2.147,0.000,135.280,1.416,1.410,8.0
1138,0.114,2.147,0.000,135.602,1.424,1.402,8.0
1139,0.114,2.147,0.000,135.923,1.432,1.394,8.0
1140,0.114,2.148,0.000,136.242,1.439,1.386,8.0
1141,0.114,2.148,0.000,136.560,1.447,1.378,8.0
1142,0.113,2.148,0.000,136.875,1.455,1.370,8.0
1143,0.113,2.148,0.000,137.190,1.462,1.362,8.0
1144,0.113,2.148,0.000,137.502,1.469,1.354,8.0
1145,0.112,2.148,0.000,137.813,1.477,1.346,8.0
1146,0.112,2.148,0.000,138.122,1.484,1.338,8.0
1147,0.112,2.149,0.000,138.430,1.491,1.330,8.0
1148,0.112,2.149,0.000,138.736,1.498,1.322,8.0
1149,0.111,2.149,0.000,139.040,1.505,1.314,8.0
1150,0.111,2.149,0.000,139.342,1.512,1.306,8.0
1151,0.111,2.149,0.000,139.643,1.519,1.298,8.0
1152,0.110,2.149,0.000,139.942,1.526,1.290,8.0
1153,0.110,2.149,0.000,140.239,1.532,1.282,8.0
1154,0.110,2.149,0.000,140.535,1.539,1.274,8.0
1155,0.110,2.149,0.000,140.829,1.546,1.266,8.0
1156,0.109,2.150,0.000,141.121,1.552,1.258,8.0
1157,0.109,2.150,0.000,141.412,1.558,1.250,8.0
1158,0.109,2.150,0.000,141.701,1.565,1.242,8.0
1159,0.109,2.150,0.000,141.988,1.571,1.235,8.0
1160,0.108,2.150,0.000,142.273,1.577,1.227,8.0
1161,0.108,2.150,0.000,142.557,1.583,1.219,8.0
1162,0.108,2.150,0.000,142.839,1.589,1.211,8.0
1163,0.108,2.150,0.000,143.119,1.595,1.203,8.0
1164,0.107,2.150,0.000,143.398,1.601,1.196,8.0
1165,0.107,2.150,0.000,143.675,1.606,1.188,8.0
1166,0.107,2.150,0.000,143.950,1.612,1.180,8.0
1167,0.107,2.151,0.000,144.223,1.618,1.172,8.0
1168,0.106,2.151,0.000,144.495,1.623,1.165,8.0
1169,0.106,2.151,0.000,144.764,1.629,1.157,8.0
1170,0.106,2.151,0.000,145.033,1.634,1.149,8.0
1171,0.106,2.151,0.000,145.299,1.639,1.142,8.0
1172,0.105,2.151,0.000,145.564,1.645,1.134,8.0
1173,0.105,2.151,0.000,145.827,1.650,1.127,8.0
1174,0.105,2.151,0.000,146.088,1.655,1.119,8.0
1175,0.105,2.151,0.000,146.347,1.660,1.112,8.0
1176,0.104,2.151,0.000,146.605,1.665,1.104,8.0
1177,0.104,2.151,0.000,146.861,1.670,1.097,8.0
1178,0.104,2.151,0.000,147.116,1.675,1.089,8.0
1179,0.104,2.151,0.000,147.368,1.680,1.082,8.0
1180,0.104,2.152,0.000,147.619,1.684,1.074,8.0
1181,0.103,2.152,0.000,147.868,1.689,1.067,8.0
1182,0.103,2.152,0.000,148.116,1.694,1.060,8.0
1183,0.103,2.152,0.000,148.361,1.698,1.053,8.0
1184,0.103,2.152,0.000,148.605,1.703,1.045,8.0
1185,0.102,2.152,0.000,148.848,1.707,1.038,8.0
1186,0.102,2.152,0.000,149.088,1.711,1.031,8.0
1187,0.102,2.152,0.000,149.327,1.716,1.024,8.0
1188,0.102,2.152,0.000,149.564,1.720,1.017,8.0
1189,0.102,2.152,0.000,149.800,1.724,1.010,8.0
1190,0.101,2.152,0.000,150.033,1.728,1.003,8.0
1191,0.101,2.152,0.000,150.266,1.732,0.996,8.0
1192,0.101,2.152,0.000,150.496,1.736,0.989,8.0
1193,0.101,2.152,0.000,150.725,1.740,0.982,8.0
1194,0.101,2.152,0.000,150.951,1.744,0.975,8.0
1195,0.100,2.152,0.000,151.177,1.748,0.968,8.0
1196,0.100,2.152,0.000,151.400,1.752,0.961,8.0
1197,0.100,2.152,0.000,151.622,1.755,0.954,8.0
1198,0.100,2.153,0.000,151.843,1.759,0.948,8.0
1199,0.100,2.153,0.000,152.061,1.762,0.941,8.0
1200,0.099,2.153,0.000,152.278,1.766,0.934,8.0
1201,0.099,2.153,0.000,152.493,1.770,0.927,8.0
1202,0.099,2.153,0.000,152.707,1.773,0.921,8.0
1203,0.099,2.153,0.000,152.919,1.776,0.914,8.0
1204,0.099,2.153,0.000,153.129,1.780,0.908,8.0
1205,0.098,2.153,0.000,153.338,1.783,0.901,8.0
1206,0.098,2.153,0.000,153.545,1.786,0.895,8.0
1207,0.098,2.153,0.000,153.750,1.789,0.888,8.0
1208,0.098,2.153,0.000,153.954,1.793,0.882,8.0
1209,0.098,2.153,0.000,154.156,1.796,0.876,8.0
1210,0.097,2.153,0.000,154.356,1.799,0.869,8.0
1211,0.097,2.153,0.000,154.555,1.802,0.863,8.0
1212,0.097,2.153,0.000,154.753,1.805,0.857,8.0
1213,0.097,2.153,0.000,154.948,1.808,0.851,8.0
1214,0.097,2.153,0.000,155.142,1.810,0.845,8.0
1215,0.097,2.153,0.000,155.335,1.813,0.839,8.0
1216,0.096,2.153,0.000,155.526,1.816,0.833,8.0
1217,0.096,2.153,0.000,155.715,1.819,0.827,8.0
1218,0.096,2.153,0.000,155.903,1.822,0.821,8.0
1219,0.096,2.153,0.000,156.089,1.824,0.815,8.0
1220,0.096,2.153,0.000,156.274,1.827,0.809,8.0
1221,0.096,2.153,0.000,156.457,1.829,0.803,8.0
1222,0.096,2.153,0.000,156.638,1.832,0.797,8.0
1223,0.095,2.153,0.000,156.818,1.834,0.791,8.0
1224,0.095,2.153,0.000,156.996,1.837,0.786,8.0
1225,0.095,2.153,0.000,157.173,1.839,0.780,8.0
1226,0.095,2.153,0.000,157.349,1.842,0.774,8.0
1227,0.095,2.153,0.000,157.523,1.844,0.769,8.0
1228,0.095,2.153,0.000,157.695,1.846,0.763,8.0
1229,0.094,2.153,0.000,157.866,1.849,0.758,8.0
1230,0.094,2.154,0.000,158.035,1.851,0.752,8.0
1231,0.094,2.154,0.000,158.203,1.853,0.747,8.0
1232,0.094,2.154,0.000,158.369,1.855,0.741,8.0
1233,0.094,2.154,0.000,158.534,1.857,0.736,8.0
1234,0.094,2.154,0.000,158.697,1.859,0.731,8.0
1235,0.094,2.154,0.000,158.859,1.861,0.726,8.0
1236,0.093,2.154,0.000,159.020,1.863,0.720,8.0
1237,0.093,2.154,0.000,159.179,1.865,0.715,8.0
1238,0.093,2.154,0.000,159.336,1.867,0.710,8.0
1239,0.093,2.154,0.000,159.493,1.869,0.705,8.0
1240,0.093,2.154,0.000,159.647,1.871,0.700,8.0
1241,0.093,2.154,0.000,159.801,1.873,0.695,8.0
1242,0.093,2.154,0.000,159.952,1.875,0.690,8.0
1243,0.093,2.154,0.000,160.103,1.877,0.685,8.0
1244,0.092,2.154,0.000,160.252,1.878,0.680,8.0
1245,0.092,2.154,0.000,160.400,1.880,0.675,8.0
1246,0.092,2.154,0.000,160.546,1.882,0.671,8.0
1247,0.092,2.154,0.000,160.691,1.884,0.666,8.0
1248,0.092,2.154,0.000,160.834,1.885,0.661,8.0
1249,0.092,2.154,0.000,160.976,1.887,0.656,8.0
1250,0.092,2.154,0.000,161.117,1.889,0.652,8.0
1251,0.092,2.154,0.000,161.257,1.890,0.647,8.0
1252,0.091,2.154,0.000,161.395,1.892,0.643,8.0
1253,0.091,2.154,0.000,161.531,1.893,0.638,8.0
1254,0.091,2.154,0.000,161.667,1.895,0.634,8.0
1255,0.091,2.154,0.000,161.801,1.896,0.629,8.0
1256,0.091,2.154,0.000,161.934,1.898,0.625,8.0
1257,0.091,2.154,0.000,162.065,1.899,0.620,8.0
1258,0.091,2.154,0.000,162.195,1.900,0.616,8.0
1259,0.091,2.154,0.000,162.324,1.902,0.612,8.0
1260,0.091,2.154,0.000,162.452,1.903,0.608,8.0
1261,0.091,2.154,0.000,162.578,1.905,0.603,8.0
1262,0.090,2.154,0.000,162.703,1.906,0.599,8.0
1263,0.090,2.154,0.000,162.827,1.907,0.595,8.0
1264,0.090,2.154,0.000,162.950,1.908,0.591,8.0
1265,0.090,2.154,0.000,163.071,1.910,0.587,8.0
1266,0.090,2.154,0.000,163.191,1.911,0.583,8.0
1267,0.090,2.154,0.000,163.310,1.912,0.579,8.0
1268,0.090,2.154,0.000,163.428,1.913,0.575,8.0
1269,0.090,2.154,0.000,163.544,1.914,0.571,8.0
1270,0.090,2.154,0.000,163.659,1.916,0.567,8.0
1271,0.090,2.154,0.000,163.773,1.917,0.564,8.0
1272,0.089,2.154,0.000,163.886,1.918,0.560,8.0
1273,0.089,2.154,0.000,163.997,1.919,0.556,8.0
1274,0.089,2.154,0.000,164.108,1.920,0.552,8.0
1275,0.089,2.154,0.000,164.217,1.921,0.549,8.0
1276,0.089,2.154,0.000,164.325,1.922,0.545,8.0
1277,0.089,2.154,0.000,164.432,1.923,0.541,8.0
1278,0.089,2.154,0.000,164.538,1.924,0.538,8.0
1279,0.089,2.154,0.000,164.642,1.925,0.534,8.0
1280,0.089,2.154,0.000,164.746,1.926,0.531,8.0
1281,0.089,2.154,0.000,164.848,1.927,0.527,8.0
1282,0.089,2.154,0.000,164.949,1.928,0.524,8.0
1283,0.089,2.154,0.000,165.050,1.929,0.521,8.0
1284,0.088,2.154,0.000,165.149,1.930,0.517,8.0
1285,0.088,2.154,0.000,165.246,1.931,0.514,8.0
1286,0.088,2.154,0.000,165.343,1.931,0.511,8.0
1287,0.088,2.154,0.000,165.439,1.932,0.508,8.0
1288,0.088,2.154,0.000,165.534,1.933,0.504,8.0
1289,0.088,2.154,0.000,165.627,1.934,0.501,8.0
1290,0.088,2.154,0.000,165.720,1.935,0.498,8.0
1291,0.088,2.154,0.000,165.811,1.936,0.495,8.0
1292,0.088,2.154,0.000,165.902,1.936,0.492,8.0
1293,0.088,2.154,0.000,165.991,1.937,0.489,8.0
1294,0.088,2.154,0.000,166.079,1.938,0.486,8.0
1295,0.088,2.154,0.000,166.167,1.939,0.483,8.0
1296,0.088,2.154,0.000,166.253,1.939,0.480,8.0
1297,0.088,2.154,0.000,166.338,1.940,0.477,8.0
1298,0.087,2.154,0.000,166.423,1.941,0.474,8.0
1299,0.087,2.154,0.000,166.506,1.941,0.472,8.0
1300,0.087,2.154,0.000,166.588,1.942,0.469,8.0
1301,0.087,2.154,0.000,166.669,1.943,0.466,8.0
1302,0.087,2.154,0.000,166.750,1.943,0.463,8.0
1303,0.087,2.154,0.000,166.829,1.944,0.461,8.0
1304,0.087,2.154,0.000,166.908,1.945,0.458,8.0
1305,0.087,2.154,0.000,166.985,1.945,0.455,8.0
1306,0.087,2.154,0.000,167.061,1.946,0.453,8.0
1307,0.087,2.154,0.000,167.137,1.946,0.450,8.0
1308,0.087,2.154,0.000,167.212,1.947,0.448,8.0
1309,0.087,2.154,0.000,167.285,1.948,0.445,8.0
1310,0.087,2.154,0.000,167.358,1.948,0.443,8.0
1311,0.087,2.154,0.000,167.430,1.949,0.440,8.0
1312,0.087,2.154,0.000,167.501,1.949,0.438,8.0
1313,0.087,2.154,0.000,167.571,1.950,0.435,8.0
1314,0.087,2.154,0.000,167.640,1.950,0.433,8.0
1315,0.086,2.154,0.000,167.708,1.951,0.431,8.0
1316,0.086,2.154,0.000,167.776,1.951,0.428,8.0
1317,0.086,2.154,0.000,167.842,1.952,0.426,8.0
1318,0.086,2.154,0.000,167.908,1.952,0.424,8.0
1319,0.086,2.154,0.000,167.972,1.953,0.422,8.0
1320,0.086,2.154,0.000,168.036,1.953,0.420,8.0
1321,0.086,2.154,0.000,168.099,1.954,0.417,8.0
1322,0.086,2.154,0.000,168.162,1.954,0.415,8.0
1323,0.086,2.154,0.000,168.223,1.955,0.413,8.0
1324,0.086,2.154,0.000,168.283,1.955,0.411,8.0
1325,0.086,2.154,0.000,168.343,1.955,0.409,8.0
1326,0.086,2.154,0.000,168.402,1.956,0.407,8.0
1327,0.086,2.154,0.000,168.460,1.956,0.405,8.0
1328,0.086,2.154,0.000,168.517,1.957,0.403,8.0
1329,0.086,2.154,0.000,168.574,1.957,0.401,8.0
1330,0.086,2.154,0.000,168.630,1.957,0.399,8.0
1331,0.086,2.154,0.000,168.684,1.958,0.397,8.0
1332,0.086,2.154,0.000,168.739,1.958,0.396,8.0
1333,0.086,2.154,0.000,168.792,1.959,0.394,8.0
1334,0.086,2.154,0.000,168.845,1.959,0.392,8.0
1335,0.086,2.154,0.000,168.896,1.959,0.390,8.0
1336,0.086,2.154,0.000,168.947,1.960,0.388,8.0
1337,0.085,2.154,0.000,168.998,1.960,0.387,8.0
1338,0.085,2.154,0.000,169.047,1.960,0.385,8.0
1339,0.085,2.154,0.000,169.096,1.961,0.383,8.0
1340,0.085,2.154,0.000,169.144,1.961,0.382,8.0
1341,0.085,2.154,0.000,169.192,1.961,0.380,8.0
1342,0.085,2.154,0.000,169.238,1.962,0.378,8.0
1343,0.085,2.154,0.000,169.284,1.962,0.377,8.0
1344,0.085,2.154,0.000,169.329,1.962,0.375,8.0
1345,0.085,2.154,0.000,169.374,1.963,0.374,8.0
1346,0.085,2.154,0.000,169.418,1.963,0.372,8.0
1347,0.085,2.154,0.000,169.461,1.963,0.371,8.0
1348,0.085,2.154,0.000,169.503,1.963,0.369,8.0
1349,0.085,2.154,0.000,169.545,1.964,0.368,8.0
1350,0.085,2.154,0.000,169.586,1.964,0.367,8.0
1351,0.085,2.154,0.000,169.627,1.964,0.365,8.0
1352,0.085,2.154,0.000,169.666,1.964,0.364,8.0
1353,0.085,2.154,0.000,169.705,1.965,0.362,8.0
1354,0.085,2.154,0.000,169.744,1.965,0.361,8.0
1355,0.085,2.154,0.000,169.782,1.965,0.360,8.0
1356,0.085,2.154,0.000,169.819,1.965,0.359,8.0
1357,0.085,2.154,0.000,169.855,1.966,0.357,8.0
1358,0.085,2.154,0.000,169.891,1.966,0.356,8.0
1359,0.085,2.154,0.000,169.926,1.966,0.355,8.0
1360,0.085,2.154,0.000,169.961,1.966,0.354,8.0
1361,0.085,2.154,0.000,169.995,1.966,0.353,8.0
1362,0.085,2.154,0.000,170.029,1.967,0.351,8.0
1363,0.085,2.154,0.000,170.061,1.967,0.350,8.0
1364,0.085,2.154,0.000,170.094,1.967,0.349,8.0
1365,0.085,2.154,0.000,170.125,1.967,0.348,8.0
1366,0.085,2.154,0.000,170.156,1.967,0.347,8.0
1367,0.085,2.154,0.000,170.187,1.968,0.346,8.0
1368,0.085,2.154,0.000,170.216,1.968,0.345,8.0
1369,0.085,2.154,0.000,170.246,1.968,0.344,8.0
1370,0.085,2.154,0.000,170.274,1.968,0.343,8.0
1371,0.084,2.154,0.000,170.303,1.968,0.342,8.0
1372,0.084,2.154,0.000,170.330,1.968,0.341,8.0
1373,0.084,2.154,0.000,170.357,1.969,0.340,8.0
1374,0.084,2.154,0.000,170.384,1.969,0.339,8.0
1375,0.084,2.154,0.000,170.410,1.969,0.338,8.0
1376,0.084,2.154,0.000,170.435,1.969,0.337,8.0
1377,0.084,2.154,0.000,170.460,1.969,0.337,8.0
1378,0.084,2.154,0.000,170.484,1.969,0.336,8.0
1379,0.084,2.154,0.000,170.508,1.970,0.335,8.0
1380,0.084,2.154,0.000,170.531,1.970,0.334,8.0
1381,0.084,2.154,0.000,170.554,1.970,0.333,8.0
1382,0.084,2.154,0.000,170.576,1.970,0.333,8.0
1383,0.084,2.154,0.000,170.598,1.970,0.332,8.0
1384,0.084,2.154,0.000,170.619,1.970,0.331,8.0
1385,0.084,2.154,0.000,170.640,1.970,0.330,8.0
1386,0.084,2.154,0.000,170.660,1.970,0.330,8.0
1387,0.084,2.154,0.000,170.680,1.971,0.329,8.0
1388,0.084,2.154,0.000,170.700,1.971,0.328,8.0
1389,0.084,2.154,0.000,170.718,1.971,0.328,8.0
1390,0.084,2.154,0.000,170.737,1.971,0.327,8.0
1391,0.084,2.154,0.000,170.755,1.971,0.326,8.0
1392,0.084,2.154,0.000,170.772,1.971,0.326,8.0
1393,0.084,2.153,0.000,170.789,1.971,0.325,8.0
1394,0.084,2.153,0.000,170.805,1.971,0.325,8.0
1395,0.084,2.153,0.000,170.821,1.971,0.324,8.0
1396,0.084,2.153,0.000,170.837,1.971,0.324,8.0
1397,0.084,2.153,0.000,170.852,1.971,0.323,8.0
1398,0.084,2.153,0.000,170.867,1.972,0.323,8.0
1399,0.084,2.153,0.000,170.881,1.972,0.322,8.0
1400,0.084,2.153,0.000,170.895,1.972,0.322,8.0
1401,0.084,2.153,0.000,170.908,1.972,0.321,8.0
1402,0.084,2.153,0.000,170.921,1.972,0.321,8.0
1403,0.084,2.153,0.000,170.934,1.972,0.320,8.0
1404,0.084,2.153,0.000,170.946,1.972,0.320,8.0
1405,0.084,2.153,0.000,170.958,1.972,0.319,8.0
1406,0.084,2.153,0.000,170.969,1.972,0.319,8.0
1407,0.084,2.153,0.000,170.980,1.972,0.319,8.0
1408,0.084,2.153,0.000,170.990,1.972,0.318,8.0
1409,0.084,2.153,0.000,171.001,1.972,0.318,8.0
1410,0.084,2.153,0.000,171.010,1.972,0.318,8.0
1411,0.084,2.153,0.000,171.020,1.972,0.317,8.0
1412,0.084,2.153,0.000,171.029,1.972,0.317,8.0
1413,0.084,2.153,0.000,171.038,1.973,0.317,8.0
1414,0.084,2.153,0.000,171.046,1.973,0.316,8.0
1415,0.084,2.153,0.000,171.054,1.973,0.316,8.0
1416,0.084,2.153,0.000,171.062,1.973,0.316,8.0
1417,0.084,2.153,0.000,171.070,1.973,0.316,8.0
1418,0.084,2.153,0.000,171.077,1.973,0.315,8.0
1419,0.084,2.153,0.000,171.084,1.973,0.315,8.0
1420,0.084,2.153,0.000,171.091,1.973,0.315,8.0
1421,0.084,2.153,0.000,171.098,1.973,0.315,8.0
1422,0.084,2.153,0.000,171.104,1.973,0.314,8.0
1423,0.084,2.153,0.000,171.110,1.973,0.314,8.0
1424,0.084,2.153,0.000,171.116,1.973,0.314,8.0
1425,0.084,2.153,0.000,171.122,1.973,0.314,8.0
1426,0.084,2.153,0.000,171.128,1.973,0.314,8.0
1427,0.084,2.153,0.000,171.133,1.973,0.313,8.0
1428,0.084,2.153,0.000,171.139,1.973,0.313,8.0
1429,0.084,2.153,0.000,171.144,1.973,0.313,8.0
1430,0.084,2.153,0.000,171.149,1.973,0.313,8.0
1431,0.084,2.153,0.000,171.154,1.973,0.313,8.0
1432,0.084,2.153,0.000,171.159,1.973,0.313,8.0
1433,0.084,2.153,0.000,171.163,1.973,0.312,8.0
1434,0.084,2.153,0.000,171.168,1.973,0.312,8.0
1435,0.084,2.153,0.000,171.172,1.973,0.312,8.0
1436,0.084,2.153,0.000,171.177,1.973,0.312,8.0
1437,0.084,2.153,0.000,171.181,1.973,0.312,8.0
1438,0.084,2.153,0.000,171.185,1.973,0.312,8.0
1439,0.084,2.153,0.000,171.189,1.973,0.311,8.0
1440,0.084,2.153,0.000,171.193,1.973,0.311,8.0
1441,0.084,2.153,0.000,171.197,1.973,0.311,8.0
1442,0.084,2.153,0.000,171.201,1.973,0.311,8.0
1443,0.084,2.153,0.000,171.205,1.973,0.311,8.0
1444,0.084,2.153,0.000,171.208,1.973,0.311,8.0
1445,0.084,2.153,0.000,171.212,1.973,0.311,8.0
1446,0.084,2.153,0.000,171.215,1.974,0.311,8.0
1447,0.084,2.153,0.000,171.219,1.974,0.310,8.0
1448,0.084,2.153,0.000,171.222,1.974,0.310,8.0
1449,0.084,2.153,0.000,171.226,1.974,0.310,8.0
1450,0.084,2.153,0.000,171.229,1.974,0.310,8.0
1451,0.084,2.153,0.000,171.232,1.974,0.310,8.0
1452,0.084,2.153,0.000,171.235,1.974,0.310,8.0
1453,0.084,2.153,0.000,171.239,1.974,0.310,8.0
1454,0.084,2.153,0.000,171.242,1.974,0.310,8.0
1455,0.084,2.153,0.000,171.245,1.974,0.310,8.0
1456,0.084,2.153,0.000,171.248,1.974,0.309,8.0
1457,0.084,2.153,0.000,171.251,1.974,0.309,8.0
1458,0.084,2.153,0.000,171.254,1.974,0.309,8.0
1459,0.084,2.153,0.000,171.257,1.974,0.309,8.0
1460,0.084,2.153,0.000,171.260,1.974,0.309,8.0
1461,0.084,2.153,0.000,171.263,1.974,0.309,8.0
1462,0.084,2.153,0.000,171.266,1.974,0.309,8.0
1463,0.084,2.153,0.000,171.269,1.974,0.309,8.0
1464,0.084,2.153,0.000,171.271,1.974,0.309,8.0
1465,0.084,2.153,0.000,171.274,1.974,0.309,8.0
1466,0.084,2.153,0.000,171.277,1.974,0.308,8.0
1467,0.084,2.153,0.000,171.280,1.974,0.308,8.0
1468,0.084,2.153,0.000,171.282,1.974,0.308,8.0
1469,0.084,2.153,0.000,171.285,1.974,0.308,8.0
1470,0.084,2.153,0.000,171.288,1.974,0.308,8.0
1471,0.084,2.153,0.000,171.291,1.974,0.308,8.0
1472,0.084,2.153,0.000,171.293,1.974,0.308,8.0
1473,0.084,2.153,0.000,171.296,1.974,0.308,8.0
1474,0.084,2.153,0.000,171.299,1.974,0.308,8.0
1475,0.084,2.153,0.000,171.301,1.974,0.308,8.0
1476,0.084,2.153,0.000,171.304,1.974,0.308,8.0
1477,0.084,2.153,0.000,171.306,1.974,0.307,8.0
1478,0.084,2.153,0.000,171.309,1.974,0.307,8.0
1479,0.084,2.153,0.000,171.311,1.974,0.307,8.0
1480,0.084,2.153,0.000,171.314,1.974,0.307,8.0
1481,0.084,2.153,0.000,171.317,1.974,0.307,8.0
1482,0.084,2.153,0.000,171.319,1.974,0.307,8.0
1483,0.084,2.153,0.000,171.322,1.974,0.307,8.0
1484,0.084,2.153,0.000,171.324,1.974,0.307,8.0
1485,0.084,2.153,0.000,171.327,1.974,0.307,8.0
1486,0.084,2.153,0.000,171.329,1.974,0.307,8.0
1487,0.084,2.153,0.000,171.332,1.974,0.307,8.0
1488,0.084,2.153,0.000,171.334,1.974,0.306,8.0
1489,0.084,2.153,0.000,171.337,1.974,0.306,8.0
1490,0.084,2.153,0.000,171.339,1.974,0.306,8.0
1491,0.084,2.153,0.000,171.342,1.974,0.306,8.0
1492,0.084,2.153,0.000,171.344,1.974,0.306,8.0
1493,0.084,2.153,0.000,171.346,1.974,0.306,8.0
1494,0.084,2.153,0.000,171.349,1.974,0.306,8.0
1495,0.084,2.153,0.000,171.351,1.974,0.306,8.0
1496,0.084,2.153,0.000,171.354,1.974,0.306,8.0
1497,0.084,2.153,0.000,171.356,1.974,0.306,8.0
1498,0.084,2.153,0.000,171.359,1.974,0.306,8.0
1499,0.084,2.153,0.000,171.361,1.974,0.306,8.0
1500,0.084,2.153,0.000,171.364,1.974,0.305,8.0
1501,0.084,2.153,0.000,171.366,1.974,0.305,8.0
1502,0.084,2.153,0.000,171.368,1.974,0.305,8.0
1503,0.084,2.153,0.000,171.371,1.974,0.305,8.0
1504,0.084,2.153,0.000,171.373,1.974,0.305,8.0
1505,0.084,2.153,0.000,171.376,1.974,0.305,8.0
1506,0.084,2.153,0.000,171.378,1.974,0.305,8.0
1507,0.084,2.153,0.000,171.380,1.974,0.305,8.0
1508,0.084,2.153,0.000,171.383,1.974,0.305,8.0
1509,0.084,2.153,0.000,171.385,1.974,0.305,8.0
1510,0.084,2.153,0.000,171.387,1.974,0.305,8.0
1511,0.084,2.153,0.000,171.390,1.974,0.305,8.0
1512,0.084,2.153,0.000,171.392,1.974,0.304,8.0
1513,0.084,2.153,0.000,171.395,1.974,0.304,8.0
1514,0.084,2.153,0.000,171.397,1.974,0.304,8.0
1515,0.084,2.153,0.000,171.399,1.974,0.304,8.0
1516,0.084,2.153,0.000,171.402,1.975,0.304,8.0
1517,0.084,2.153,0.000,171.404,1.975,0.304,8.0
1518,0.084,2.153,0.000,171.406,1.975,0.304,8.0
1519,0.084,2.153,0.000,171.409,1.975,0.304,8.0
1520,0.084,2.153,0.000,171.411,1.975,0.304,8.0
1521,0.084,2.153,0.000,171.413,1.975,0.304,8.0
1522,0.084,2.153,0.000,171.416,1.975,0.304,8.0
1523,0.084,2.153,0.000,171.418,1.975,0.304,8.0
1524,0.084,2.153,0.000,171.420,1.975,0.304,8.0
1525,0.084,2.153,0.000,171.423,1.975,0.303,8.0
1526,0.084,2.153,0.000,171.425,1.975,0.303,8.0
1527,0.084,2.153,0.000,171.427,1.975,0.303,8.0
1528,0.084,2.153,0.000,171.430,1.975,0.303,8.0
1529,0.084,2.153,0.000,171.432,1.975,0.303,8.0
1530,0.084,2.153,0.000,171.434,1.975,0.303,8.0
1531,0.084,2.153,0.000,171.437,1.975,0.303,8.0
1532,0.084,2.153,0.000,171.439,1.975,0.303,8.0
1533,0.084,2.153,0.000,171.441,1.975,0.303,8.0
1534,0.084,2.153,0.000,171.444,1.975,0.303,8.0
1535,0.084,2.153,0.000,171.446,1.975,0.303,8.0
1536,0.084,2.153,0.000,171.448,1.975,0.303,8.0
1537,0.084,2.153,0.000,171.450,1.975,0.302,8.0
1538,0.084,2.153,0.000,171.453,1.975,0.302,8.0
1539,0.084,2.153,0.000,171.455,1.975,0.302,8.0
1540,0.084,2.153,0.000,171.457,1.975,0.302,8.0
1541,0.084,2.153,0.000,171.460,1.975,0.302,8.0
1542,0.084,2.153,0.000,171.462,1.975,0.302,8.0
1543,0.084,2.153,0.000,171.464,1.975,0.302,8.0
1544,0.084,2.153,0.000,171.467,1.975,0.302,8.0
1545,0.084,2.153,0.000,171.469,1.975,0.302,8.0
1546,0.084,2.153,0.000,171.471,1.975,0.302,8.0
1547,0.084,2.153,0.000,171.473,1.975,0.302,8.0
1548,0.084,2.153,0.000,171.476,1.975,0.302,8.0
1549,0.084,2.153,0.000,171.478,1.975,0.302,8.0
1550,0.084,2.153,0.000,171.480,1.975,0.301,8.0
1551,0.084,2.153,0.000,171.482,1.975,0.301,8.0
1552,0.084,2.153,0.000,171.485,1.975,0.301,8.0
1553,0.084,2.153,0.000,171.487,1.975,0.301,8.0
1554,0.084,2.153,0.000,171.489,1.975,0.301,8.0
1555,0.084,2.153,0.000,171.492,1.975,0.301,8.0
1556,0.084,2.153,0.000,171.494,1.975,0.301,8.0
1557,0.084,2.153,0.000,171.496,1.975,0.301,8.0
1558,0.084,2.153,0.000,171.498,1.975,0.301,8.0
1559,0.084,2.153,0.000,171.501,1.975,0.301,8.0
1560,0.084,2.153,0.000,171.503,1.975,0.301,8.0
1561,0.084,2.153,0.000,171.505,1.975,0.301,8.0
1562,0.084,2.153,0.000,171.507,1.975,0.301,8.0
1563,0.084,2.153,0.000,171.510,1.975,0.300,8.0
1564,0.084,2.153,0.000,171.512,1.975,0.300,8.0
1565,0.084,2.153,0.000,171.514,1.975,0.300,8.0
1566,0.084,2.153,0.000,171.516,1.975,0.300,8.0
1567,0.084,2.153,0.000,171.519,1.975,0.300,8.0
1568,0.084,2.153,0.000,171.521,1.975,0.300,8.0
1569,0.084,2.153,0.000,171.523,1.975,0.300,8.0
1570,0.084,2.153,0.000,171.525,1.975,0.300,8.0
1571,0.084,2.153,0.000,171.528,1.975,0.300,8.0
1572,0.084,2.153,0.000,171.530,1.975,0.300,8.0
1573,0.084,2.153,0.000,171.532,1.975,0.300,8.0
1574,0.084,2.153,0.000,171.534,1.975,0.300,8.0
1575,0.084,2.153,0.000,171.537,1.975,0.299,8.0
1576,0.084,2.153,0.000,171.539,1.975,0.299,8.0
1577,0.084,2.153,0.000,171.541,1.975,0.299,8.0
1578,0.084,2.153,0.000,171.543,1.975,0.299,8.0
1579,0.084,2.153,0.000,171.545,1.975,0.299,8.0
1580,0.084,2.153,0.000,171.548,1.975,0.299,8.0
1581,0.084,2.153,0.000,171.550,1.975,0.299,8.0
1582,0.084,2.153,0.000,171.552,1.975,0.299,8.0
1583,0.084,2.153,0.000,171.554,1.975,0.299,8.0
1584,0.084,2.153,0.000,171.557,1.975,0.299,8.0
1585,0.084,2.153,0.000,171.559,1.975,0.299,8.0
1586,0.084,2.153,0.000,171.561,1.975,0.299,8.0
1587,0.084,2.153,0.000,171.563,1.975,0.299,8.0
1588,0.084,2.153,0.000,171.565,1.975,0.299,8.0
1589,0.084,2.153,0.000,171.568,1.975,0.298,8.0
1590,0.084,2.153,0.000,171.570,1.975,0.298,8.0
1591,0.084,2.153,0.000,171.572,1.975,0.298,8.0
1592,0.084,2.153,0.000,171.574,1.975,0.298,8.0
1593,0.084,2.153,0.000,171.576,1.975,0.298,8.0
1594,0.084,2.153,0.000,171.579,1.975,0.298,8.0
1595,0.084,2.153,0.000,171.581,1.975,0.298,8.0
1596,0.084,2.153,0.000,171.583,1.975,0.298,8.0
1597,0.084,2.153,0.000,171.585,1.975,0.298,8.0
1598,0.084,2.153,0.000,171.587,1.975,0.298,8.0
1599,0.084,2.153,0.000,171.590,1.975,0.298,8.0
1600,0.084,2.153,0.000,171.592,1.976,0.298,8.0
1601,0.084,2.153,0.000,171.594,1.976,0.298,8.0
1602,0.084,2.153,0.000,171.596,1.976,0.297,8.0
1603,0.084,2.153,0.000,171.598,1.976,0.297,8.0
1604,0.084,2.153,0.000,171.601,1.976,0.297,8.0
1605,0.084,2.153,0.000,171.603,1.976,0.297,8.0
1606,0.084,2.153,0.000,171.605,1.976,0.297,8.0
1607,0.084,2.153,0.000,171.607,1.976,0.297,8.0
1608,0.084,2.153,0.000,171.609,1.976,0.297,8.0
1609,0.084,2.153,0.000,171.611,1.976,0.297,8.0
1610,0.084,2.153,0.000,171.614,1.976,0.297,8.0
1611,0.084,2.153,0.000,171.616,1.976,0.297,8.0
1612,0.084,2.153,0.000,171.618,1.976,0.297,8.0
1613,0.084,2.153,0.000,171.620,1.976,0.297,8.0
1614,0.084,2.153,0.000,171.622,1.976,0.297,8.0
1615,0.084,2.153,0.000,171.625,1.976,0.296,8.0
1616,0.084,2.153,0.000,171.627,1.976,0.296,8.0
1617,0.084,2.153,0.000,171.629,1.976,0.296,8.0
1618,0.084,2.153,0.000,171.631,1.976,0.296,8.0
1619,0.084,2.153,0.000,171.633,1.976,0.296,8.0
1620,0.084,2.153,0.000,171.635,1.976,0.296,8.0
1621,0.084,2.153,0.000,171.637,1.976,0.296,8.0
1622,0.084,2.153,0.000,171.640,1.976,0.296,8.0
1623,0.084,2.153,0.000,171.642,1.976,0.296,8.0
1624,0.084,2.153,0.000,171.644,1.976,0.296,8.0
1625,0.084,2.153,0.000,171.646,1.976,0.296,8.0
1626,0.084,2.153,0.000,171.648,1.976,0.296,8.0
1627,0.084,2.153,0.000,171.650,1.976,0.296,8.0
1628,0.084,2.153,0.000,171.653,1.976,0.295,8.0
1629,0.083,2.153,0.000,171.655,1.976,0.295,8.0
1630,0.083,2.153,0.000,171.657,1.976,0.295,8.0
1631,0.083,2.153,0.000,171.659,1.976,0.295,8.0
1632,0.083,2.153,0.000,171.661,1.976,0.295,8.0
1633,0.083,2.153,0.000,171.663,1.976,0.295,8.0
1634,0.083,2.153,0.000,171.665,1.976,0.295,8.0
1635,0.083,2.153,0.000,171.668,1.976,0.295,8.0
1636,0.083,2.153,0.000,171.670,1.976,0.295,8.0
1637,0.083,2.153,0.000,171.672,1.976,0.295,8.0
1638,0.083,2.153,0.000,171.674,1.976,0.295,8.0
1639,0.083,2.153,0.000,171.676,1.976,0.295,8.0
1640,0.083,2.153,0.000,171.678,1.976,0.295,8.0
1641,0.083,2.153,0.000,171.680,1.976,0.295,8.0
1642,0.083,2.153,0.000,171.682,1.976,0.294,8.0
1643,0.083,2.153,0.000,171.685,1.976,0.294,8.0
1644,0.083,2.153,0.000,171.687,1.976,0.294,8.0
1645,0.083,2.153,0.000,171.689,1.976,0.294,8.0
1646,0.083,2.153,0.000,171.691,1.976,0.294,8.0
1647,0.083,2.153,0.000,171.693,1.976,0.294,8.0
1648,0.083,2.153,0.000,171.695,1.976,0.294,8.0
1649,0.083,2.153,0.000,171.697,1.976,0.294,8.0
1650,0.083,2.153,0.000,171.699,1.976,0.294,8.0
1651,0.083,2.153,0.000,171.702,1.976,0.294,8.0
1652,0.083,2.153,0.000,171.704,1.976,0.294,8.0
1653,0.083,2.153,0.000,171.706,1.976,0.294,8.0
1654,0.083,2.153,0.000,171.708,1.976,0.294,8.0
1655,0.083,2.153,0.000,171.710,1.976,0.294,8.0
1656,0.083,2.153,0.000,171.712,1.976,0.293,8.0
1657,0.083,2.153,0.000,171.714,1.976,0.293,8.0
1658,0.083,2.153,0.000,171.716,1.976,0.293,8.0
1659,0.083,2.153,0.000,171.718,1.976,0.293,8.0
1660,0.083,2.153,0.000,171.721,1.976,0.293,8.0
1661,0.083,2.153,0.000,171.723,1.976,0.293,8.0
1662,0.083,2.153,0.000,171.725,1.976,0.293,8.0
1663,0.083,2.153,0.000,171.727,1.976,0.293,8.0
1664,0.083,2.153,0.000,171.729,1.976,0.293,8.0
1665,0.083,2.153,0.000,171.731,1.976,0.293,8.0
1666,0.083,2.153,0.000,171.733,1.976,0.293,8.0
1667,0.083,2.153,0.000,171.735,1.976,0.293,8.0
1668,0.083,2.153,0.000,171.737,1.976,0.293,8.0
1669,0.083,2.153,0.000,171.739,1.976,0.293,8.0
1670,0.083,2.153,0.000,171.742,1.976,0.292,8.0
1671,0.083,2.153,0.000,171.744,1.976,0.292,8.0
1672,0.083,2.153,0.000,171.746,1.976,0.292,8.0
1673,0.083,2.153,0.000,171.748,1.976,0.292,8.0
1674,0.083,2.153,0.000,171.750,1.976,0.292,8.0
1675,0.083,2.153,0.000,171.752,1.976,0.292,8.0
1676,0.083,2.153,0.000,171.754,1.976,0.292,8.0
1677,0.083,2.153,0.000,171.756,1.976,0.292,8.0
1678,0.083,2.153,0.000,171.758,1.976,0.292,8.0
1679,0.083,2.153,0.000,171.760,1.976,0.292,8.0
1680,0.083,2.153,0.000,171.762,1.976,0.292,8.0
1681,0.083,2.153,0.000,171.764,1.976,0.292,8.0
1682,0.083,2.153,0.000,171.767,1.976,0.292,8.0
1683,0.083,2.153,0.000,171.769,1.976,0.291,8.0
1684,0.083,2.153,0.000,171.771,1.976,0.291,8.0
1685,0.083,2.153,0.000,171.773,1.976,0.291,8.0
1686,0.083,2.153,0.000,171.775,1.976,0.291,8.0
1687,0.083,2.153,0.000,171.777,1.976,0.291,8.0
1688,0.083,2.153,0.000,171.779,1.976,0.291,8.0
1689,0.083,2.153,0.000,171.781,1.976,0.291,8.0
1690,0.083,2.153,0.000,171.783,1.976,0.291,8.0
1691,0.083,2.153,0.000,171.785,1.976,0.291,8.0
1692,0.083,2.153,0.000,171.787,1.977,0.291,8.0
1693,0.083,2.153,0.000,171.789,1.977,0.291,8.0
1694,0.083,2.153,0.000,171.791,1.977,0.291,8.0
1695,0.083,2.153,0.000,171.793,1.977,0.291,8.0
1696,0.083,2.153,0.000,171.795,1.977,0.291,8.0
1697,0.083,2.153,0.000,171.798,1.977,0.290,8.0
1698,0.083,2.153,0.000,171.800,1.977,0.290,8.0
1699,0.083,2.153,0.000,171.802,1.977,0.290,8.0
1700,0.083,2.153,0.000,171.804,1.977,0.290,8.0
1701,0.083,2.153,0.000,171.806,1.977,0.290,8.0
1702,0.083,2.153,0.000,171.808,1.977,0.290,8.0
1703,0.083,2.153,0.000,171.810,1.977,0.290,8.0
1704,0.083,2.153,0.000,171.812,1.977,0.290,8.0
1705,0.083,2.153,0.000,171.814,1.977,0.290,8.0
1706,0.083,2.153,0.000,171.816,1.977,0.290,8.0
1707,0.083,2.153,0.000,171.818,1.977,0.290,8.0
1708,0.083,2.153,0.000,171.820,1.977,0.290,8.0
1709,0.083,2.153,0.000,171.822,1.977,0.290,8.0
1710,0.083,2.153,0.000,171.824,1.977,0.290,8.0
1711,0.083,2.153,0.000,171.826,1.977,0.290,8.0
1712,0.083,2.153,0.000,171.828,1.977,0.289,8.0
1713,0.083,2.153,0.000,171.830,1.977,0.289,8.0
1714,0.083,2.153,0.000,171.832,1.977,0.289,8.0
1715,0.083,2.153,0.000,171.834,1.977,0.289,8.0
1716,0.083,2.153,0.000,171.836,1.977,0.289,8.0
1717,0.083,2.153,0.000,171.838,1.977,0.289,8.0
1718,0.083,2.153,0.000,171.840,1.977,0.289,8.0
1719,0.083,2.153,0.000,171.842,1.977,0.289,8.0
1720,0.083,2.153,0.000,171.845,1.977,0.289,8.0
1721,0.083,2.153,0.000,171.847,1.977,0.289,8.0
1722,0.083,2.153,0.000,171.849,1.977,0.289,8.0
1723,0.083,2.153,0.000,171.851,1.977,0.289,8.0
1724,0.083,2.153,0.000,171.853,1.977,0.289,8.0
1725,0.083,2.153,0.000,171.855,1.977,0.289,8.0
1726,0.083,2.153,0.000,171.857,1.977,0.288,8.0
1727,0.083,2.153,0.000,171.859,1.977,0.288,8.0
1728,0.083,2.153,0.000,171.861,1.977,0.288,8.0
1729,0.083,2.153,0.000,171.863,1.977,0.288,8.0
1730,0.083,2.153,0.000,171.865,1.977,0.288,8.0
1731,0.083,2.153,0.000,171.867,1.977,0.288,8.0
1732,0.083,2.153,0.000,171.869,1.977,0.288,8.0
1733,0.083,2.153,0.000,171.871,1.977,0.288,8.0
1734,0.083,2.153,0.000,171.873,1.977,0.288,8.0
1735,0.083,2.153,0.000,171.875,1.977,0.288,8.0
1736,0.083,2.153,0.000,171.877,1.977,0.288,8.0
1737,0.083,2.153,0.000,171.879,1.977,0.288,8.0
1738,0.083,2.153,0.000,171.881,1.977,0.288,8.0
1739,0.083,2.153,0.000,171.883,1.977,0.288,8.0
1740,0.083,2.153,0.000,171.885,1.977,0.287,8.0
1741,0.083,2.153,0.000,171.887,1.977,0.287,8.0
1742,0.083,2.153,0.000,171.889,1.977,0.287,8.0
1743,0.083,2.153,0.000,171.891,1.977,0.287,8.0
1744,0.083,2.153,0.000,171.893,1.977,0.287,8.0
1745,0.083,2.153,0.000,171.895,1.977,0.287,8.0
1746,0.083,2.153,0.000,171.897,1.977,0.287,8.0
1747,0.083,2.153,0.000,171.899,1.977,0.287,8.0
1748,0.083,2.153,0.000,171.901,1.977,0.287,8.0
1749,0.083,2.153,0.000,171.903,1.977,0.287,8.0
1750,0.083,2.153,0.000,171.905,1.977,0.287,8.0
1751,0.083,2.153,0.000,171.907,1.977,0.287,8.0
1752,0.083,2.153,0.000,171.909,1.977,0.287,8.0
1753,0.083,2.153,0.000,171.911,1.977,0.287,8.0
1754,0.083,2.153,0.000,171.913,1.977,0.287,8.0
1755,0.083,2.153,0.000,171.915,1.977,0.286,8.0
1756,0.083,2.153,0.000,171.917,1.977,0.286,8.0
1757,0.083,2.153,0.000,171.919,1.977,0.286,8.0
1758,0.083,2.153,0.000,171.921,1.977,0.286,8.0
1759,0.083,2.153,0.000,171.923,1.977,0.286,8.0
1760,0.083,2.153,0.000,171.925,1.977,0.286,8.0
1761,0.083,2.153,0.000,171.927,1.977,0.286,8.0
1762,0.083,2.153,0.000,171.929,1.977,0.286,8.0
1763,0.083,2.153,0.000,171.931,1.977,0.286,8.0
1764,0.083,2.153,0.000,171.933,1.977,0.286,8.0
1765,0.083,2.153,0.000,171.935,1.977,0.286,8.0
1766,0.083,2.153,0.000,171.937,1.977,0.286,8.0
1767,0.083,2.153,0.000,171.939,1.977,0.286,8.0
1768,0.083,2.153,0.000,171.941,1.977,0.286,8.0
1769,0.083,2.153,0.000,171.943,1.977,0.285,8.0
1770,0.083,2.153,0.000,171.945,1.977,0.285,8.0
1771,0.083,2.153,0.000,171.947,1.977,0.285,8.0
1772,0.083,2.153,0.000,171.949,1.977,0.285,8.0
1773,0.083,2.153,0.000,171.951,1.977,0.285,8.0
1774,0.083,2.153,0.000,171.953,1.977,0.285,8.0
1775,0.083,2.153,0.000,171.955,1.977,0.285,8.0
1776,0.083,2.153,0.000,171.957,1.977,0.285,8.0
1777,0.083,2.153,0.000,171.959,1.977,0.285,8.0
1778,0.083,2.153,0.000,171.961,1.977,0.285,8.0
1779,0.083,2.153,0.000,171.963,1.977,0.285,8.0
1780,0.083,2.153,0.000,171.965,1.977,0.285,8.0
1781,0.083,2.153,0.000,171.966,1.977,0.285,8.0
1782,0.083,2.153,0.000,171.968,1.977,0.285,8.0
1783,0.083,2.153,0.000,171.970,1.977,0.285,8.0
1784,0.083,2.153,0.000,171.972,1.977,0.284,8.0
1785,0.083,2.153,0.000,171.974,1.977,0.284,8.0
1786,0.083,2.153,0.000,171.976,1.977,0.284,8.0
1787,0.083,2.153,0.000,171.978,1.977,0.284,8.0
1788,0.083,2.153,0.000,171.980,1.977,0.284,8.0
1789,0.083,2.153,0.000,171.982,1.977,0.284,8.0
1790,0.083,2.153,0.000,171.984,1.977,0.284,8.0
1791,0.083,2.153,0.000,171.986,1.978,0.284,8.0
1792,0.083,2.153,0.000,171.988,1.978,0.284,8.0
1793,0.083,2.153,0.000,171.990,1.978,0.284,8.0
1794,0.083,2.153,0.000,171.992,1.978,0.284,8.0
1795,0.083,2.153,0.000,171.994,1.978,0.284,8.0
1796,0.083,2.153,0.000,171.996,1.978,0.284,8.0
1797,0.083,2.153,0.000,171.998,1.978,0.284,8.0
1798,0.083,2.153,0.000,172.000,1.978,0.284,8.0
1799,0.083,2.153,0.000,172.002,1.978,0.283,8.0
1800,0.083,2.153,0.000,172.004,1.978,0.283,8.0
1801,0.083,2.153,0.000,172.006,1.978,0.283,8.0
1802,0.083,2.153,0.000,172.008,1.978,0.283,8.0
1803,0.083,2.153,0.000,172.010,1.978,0.283,8.0
1804,0.083,2.153,0.000,172.012,1.978,0.283,8.0
1805,0.083,2.153,0.000,172.013,1.978,0.283,8.0
1806,0.083,2.153,0.000,172.015,1.978,0.283,8.0
1807,0.083,2.153,0.000,172.017,1.978,0.283,8.0
1808,0.083,2.153,0.000,172.019,1.978,0.283,8.0
1809,0.083,2.153,0.000,172.021,1.978,0.283,8.0
1810,0.083,2.153,0.000,172.023,1.978,0.283,8.0
1811,0.083,2.153,0.000,172.025,1.978,0.283,8.0
1812,0.083,2.153,0.000,172.027,1.978,0.283,8.0
1813,0.083,2.153,0.000,172.029,1.978,0.283,8.0
1814,0.083,2.153,0.000,172.031,1.978,0.282,8.0
1815,0.083,2.153,0.000,172.033,1.978,0.282,8.0
1816,0.083,2.153,0.000,172.035,1.978,0.282,8.0
1817,0.083,2.153,0.000,172.037,1.978,0.282,8.0
1818,0.083,2.153,0.000,172.039,1.978,0.282,8.0
1819,0.083,2.153,0.000,172.041,1.978,0.282,8.0
1820,0.083,2.153,0.000,172.043,1.978,0.282,8.0
1821,0.083,2.153,0.000,172.045,1.978,0.282,8.0
1822,0.083,2.153,0.000,172.046,1.978,0.282,8.0
1823,0.083,2.153,0.000,172.048,1.978,0.282,8.0
1824,0.083,2.153,0.000,172.050,1.978,0.282,8.0
1825,0.083,2.153,0.000,172.052,1.978,0.282,8.0
1826,0.083,2.153,0.000,172.054,1.978,0.282,8.0
1827,0.083,2.153,0.000,172.056,1.978,0.282,8.0
1828,0.083,2.153,0.000,172.058,1.978,0.282,8.0
1829,0.083,2.153,0.000,172.060,1.978,0.281,8.0
1830,0.083,2.153,0.000,172.062,1.978,0.281,8.0
1831,0.083,2.153,0.000,172.064,1.978,0.281,8.0
1832,0.083,2.153,0.000,172.066,1.978,0.281,8.0
1833,0.083,2.153,0.000,172.068,1.978,0.281,8.0
1834,0.083,2.153,0.000,172.070,1.978,0.281,8.0
1835,0.083,2.153,0.000,172.072,1.978,0.281,8.0
1836,0.083,2.153,0.000,172.074,1.978,0.281,8.0
1837,0.083,2.153,0.000,172.075,1.978,0.281,8.0
1838,0.083,2.153,0.000,172.077,1.978,0.281,8.0
1839,0.083,2.153,0.000,172.079,1.978,0.281,8.0
1840,0.083,2.153,0.000,172.081,1.978,0.281,8.0
1841,0.083,2.153,0.000,172.083,1.978,0.281,8.0
1842,0.083,2.153,0.000,172.085,1.978,0.281,8.0
1843,0.083,2.153,0.000,172.087,1.978,0.281,8.0
1844,0.083,2.153,0.000,172.089,1.978,0.280,8.0
1845,0.083,2.153,0.000,172.091,1.978,0.280,8.0
1846,0.083,2.153,0.000,172.093,1.978,0.280,8.0
1847,0.083,2.153,0.000,172.095,1.978,0.280,8.0
1848,0.083,2.153,0.000,172.097,1.978,0.280,8.0
1849,0.083,2.153,0.000,172.098,1.978,0.280,8.0
1850,0.083,2.153,0.000,172.100,1.978,0.280,8.0
1851,0.083,2.153,0.000,172.102,1.978,0.280,8.0
1852,0.083,2.153,0.000,172.104,1.978,0.280,8.0
1853,0.083,2.153,0.000,172.106,1.978,0.280,8.0
1854,0.083,2.153,0.000,172.108,1.978,0.280,8.0
1855,0.083,2.153,0.000,172.110,1.978,0.280,8.0
1856,0.083,2.153,0.000,172.112,1.978,0.280,8.0
1857,0.083,2.153,0.000,172.114,1.978,0.280,8.0
1858,0.083,2.153,0.000,172.116,1.978,0.280,8.0
1859,0.083,2.153,0.000,172.118,1.978,0.279,8.0
1860,0.083,2.153,0.000,172.119,1.978,0.279,8.0
1861,0.083,2.153,0.000,172.121,1.978,0.279,8.0
1862,0.083,2.153,0.000,172.123,1.978,0.279,8.0
1863,0.083,2.153,0.000,172.125,1.978,0.279,8.0
1864,0.083,2.153,0.000,172.127,1.978,0.279,8.0
1865,0.083,2.153,0.000,172.129,1.978,0.279,8.0
1866,0.083,2.153,0.000,172.131,1.978,0.279,8.0
1867,0.083,2.153,0.000,172.133,1.978,0.279,8.0
1868,0.083,2.153,0.000,172.135,1.978,0.279,8.0
1869,0.083,2.153,0.000,172.137,1.978,0.279,8.0
1870,0.083,2.153,0.000,172.138,1.978,0.279,8.0
1871,0.083,2.153,0.000,172.140,1.978,0.279,8.0
1872,0.083,2.153,0.000,172.142,1.978,0.279,8.0
1873,0.083,2.153,0.000,172.144,1.978,0.279,8.0
1874,0.083,2.153,0.000,172.146,1.978,0.278,8.0
1875,0.083,2.153,0.000,172.148,1.978,0.278,8.0
1876,0.083,2.153,0.000,172.150,1.978,0.278,8.0
1877,0.083,2.153,0.000,172.152,1.978,0.278,8.0
1878,0.083,2.153,0.000,172.154,1.978,0.278,8.0
1879,0.083,2.153,0.000,172.156,1.978,0.278,8.0
1880,0.083,2.153,0.000,172.157,1.978,0.278,8.0
1881,0.083,2.153,0.000,172.159,1.978,0.278,8.0
1882,0.083,2.153,0.000,172.161,1.978,0.278,8.0
1883,0.083,2.153,0.000,172.163,1.978,0.278,8.0
1884,0.083,2.153,0.000,172.165,1.978,0.278,8.0
1885,0.083,2.153,0.000,172.167,1.978,0.278,8.0
1886,0.083,2.153,0.000,172.169,1.978,0.278,8.0
1887,0.083,2.153,0.000,172.171,1.978,0.278,8.0
1888,0.083,2.153,0.000,172.173,1.978,0.278,8.0
1889,0.083,2.153,0.000,172.174,1.978,0.277,8.0
1890,0.083,2.153,0.000,172.176,1.978,0.277,8.0
1891,0.083,2.153,0.000,172.178,1.978,0.277,8.0
1892,0.083,2.153,0.000,172.180,1.978,0.277,8.0
1893,0.083,2.153,0.000,172.182,1.978,0.277,8.0
1894,0.083,2.153,0.000,172.184,1.978,0.277,8.0
1895,0.083,2.153,0.000,172.186,1.978,0.277,8.0
1896,0.083,2.153,0.000,172.188,1.978,0.277,8.0
1897,0.083,2.153,0.000,172.189,1.978,0.277,8.0
1898,0.083,2.153,0.000,172.191,1.979,0.277,8.0
1899,0.083,2.153,0.000,172.193,1.979,0.277,8.0
1900,0.083,2.153,0.000,172.195,1.979,0.277,8.0
1901,0.083,2.153,0.000,172.197,1.979,0.277,8.0
1902,0.083,2.153,0.000,172.199,1.979,0.277,8.0
1903,0.083,2.153,0.000,172.201,1.979,0.277,8.0
1904,0.083,2.153,0.000,172.203,1.979,0.277,8.0
1905,0.083,2.153,0.000,172.205,1.979,0.276,8.0
1906,0.083,2.153,0.000,172.206,1.979,0.276,8.0
1907,0.083,2.153,0.000,172.208,1.979,0.276,8.0
1908,0.083,2.153,0.000,172.210,1.979,0.276,8.0
1909,0.083,2.153,0.000,172.212,1.979,0.276,8.0
1910,0.083,2.153,0.000,172.214,1.979,0.276,8.0
1911,0.083,2.153,0.000,172.216,1.979,0.276,8.0
1912,0.083,2.153,0.000,172.218,1.979,0.276,8.0
1913,0.083,2.153,0.000,172.220,1.979,0.276,8.0
1914,0.083,2.153,0.000,172.221,1.979,0.276,8.0
1915,0.083,2.153,0.000,172.223,1.979,0.276,8.0
1916,0.083,2.153,0.000,172.225,1.979,0.276,8.0
1917,0.083,2.153,0.000,172.227,1.979,0.276,8.0
1918,0.083,2.153,0.000,172.229,1.979,0.276,8.0
1919,0.083,2.153,0.000,172.231,1.979,0.276,8.0
1920,0.083,2.153,0.000,172.233,1.979,0.275,8.0
1921,0.083,2.153,0.000,172.234,1.979,0.275,8.0
1922,0.083,2.153,0.000,172.236,1.979,0.275,8.0
1923,0.083,2.153,0.000,172.238,1.979,0.275,8.0
1924,0.083,2.153,0.000,172.240,1.979,0.275,8.0
1925,0.083,2.153,0.000,172.242,1.979,0.275,8.0
1926,0.083,2.153,0.000,172.244,1.979,0.275,8.0
1927,0.083,2.153,0.000,172.246,1.979,0.275,8.0
1928,0.083,2.153,0.000,172.248,1.979,0.275,8.0
1929,0.083,2.153,0.000,172.249,1.979,0.275,8.0
1930,0.083,2.153,0.000,172.251,1.979,0.275,8.0
1931,0.083,2.153,0.000,172.253,1.979,0.275,8.0
1932,0.083,2.153,0.000,172.255,1.979,0.275,8.0
1933,0.083,2.153,0.000,172.257,1.979,0.275,8.0
1934,0.083,2.153,0.000,172.259,1.979,0.275,8.0
1935,0.083,2.153,0.000,172.261,1.979,0.275,8.0
1936,0.083,2.153,0.000,172.262,1.979,0.274,8.0
1937,0.083,2.153,0.000,172.264,1.979,0.274,8.0
1938,0.083,2.153,0.000,172.266,1.979,0.274,8.0
1939,0.083,2.153,0.000,172.268,1.979,0.274,8.0
1940,0.083,2.153,0.000,172.270,1.979,0.274,8.0
1941,0.083,2.153,0.000,172.272,1.979,0.274,8.0
1942,0.083,2.153,0.000,172.274,1.979,0.274,8.0
1943,0.083,2.153,0.000,172.275,1.979,0.274,8.0
1944,0.083,2.153,0.000,172.277,1.979,0.274,8.0
1945,0.083,2.153,0.000,172.279,1.979,0.274,8.0
1946,0.083,2.153,0.000,172.281,1.979,0.274,8.0
1947,0.083,2.153,0.000,172.283,1.979,0.274,8.0
1948,0.083,2.153,0.000,172.285,1.979,0.274,8.0
1949,0.083,2.153,0.000,172.286,1.979,0.274,8.0
1950,0.083,2.153,0.000,172.288,1.979,0.274,8.0
1951,0.083,2.153,0.000,172.290,1.979,0.273,8.0
1952,0.083,2.153,0.000,172.292,1.979,0.273,8.0
1953,0.083,2.153,0.000,172.294,1.979,0.273,8.0
1954,0.083,2.153,0.000,172.296,1.979,0.273,8.0
1955,0.083,2.153,0.000,172.298,1.979,0.273,8.0
1956,0.083,2.153,0.000,172.299,1.979,0.273,8.0
1957,0.083,2.153,0.000,172.301,1.979,0.273,8.0
1958,0.083,2.153,0.000,172.303,1.979,0.273,8.0
1959,0.083,2.153,0.000,172.305,1.979,0.273,8.0
1960,0.083,2.153,0.000,172.307,1.979,0.273,8.0
1961,0.083,2.153,0.000,172.309,1.979,0.273,8.0
1962,0.083,2.153,0.000,172.311,1.979,0.273,8.0
1963,0.083,2.153,0.000,172.312,1.979,0.273,8.0
1964,0.083,2.153,0.000,172.314,1.979,0.273,8.0
1965,0.083,2.153,0.000,172.316,1.979,0.273,8.0
1966,0.083,2.153,0.000,172.318,1.979,0.273,8.0
1967,0.083,2.153,0.000,172.320,1.979,0.272,8.0
1968,0.083,2.153,0.000,172.322,1.979,0.272,8.0
1969,0.083,2.153,0.000,172.323,1.979,0.272,8.0
1970,0.083,2.153,0.000,172.325,1.979,0.272,8.0
1971,0.083,2.153,0.000,172.327,1.979,0.272,8.0
1972,0.083,2.153,0.000,172.329,1.979,0.272,8.0
1973,0.083,2.153,0.000,172.331,1.979,0.272,8.0
1974,0.083,2.153,0.000,172.333,1.979,0.272,8.0
1975,0.083,2.153,0.000,172.334,1.979,0.272,8.0
1976,0.083,2.153,0.000,172.336,1.979,0.272,8.0
1977,0.083,2.153,0.000,172.338,1.979,0.272,8.0
1978,0.083,2.153,0.000,172.340,1.979,0.272,8.0
1979,0.083,2.153,0.000,172.342,1.979,0.272,8.0
1980,0.083,2.153,0.000,172.344,1.979,0.272,8.0
1981,0.083,2.153,0.000,172.345,1.979,0.272,8.0
1982,0.083,2.153,0.000,172.347,1.979,0.272,8.0
1983,0.083,2.153,0.000,172.349,1.979,0.271,8.0
1984,0.083,2.153,0.000,172.351,1.979,0.271,8.0
1985,0.083,2.153,0.000,172.353,1.979,0.271,8.0
1986,0.083,2.153,0.000,172.355,1.979,0.271,8.0
1987,0.083,2.153,0.000,172.356,1.979,0.271,8.0
1988,0.083,2.153,0.000,172.358,1.979,0.271,8.0
1989,0.083,2.153,0.000,172.360,1.979,0.271,8.0
1990,0.083,2.153,0.000,172.362,1.979,0.271,8.0
1991,0.083,2.153,0.000,172.364,1.979,0.271,8.0
1992,0.083,2.153,0.000,172.366,1.979,0.271,8.0
1993,0.083,2.153,0.000,172.367,1.979,0.271,8.0
1994,0.083,2.153,0.000,172.369,1.979,0.271,8.0
1995,0.083,2.153,0.000,172.371,1.979,0.271,8.0
1996,0.083,2.153,0.000,172.373,1.979,0.271,8.0
1997,0.083,2.153,0.000,172.375,1.979,0.271,8.0
1998,0.083,2.153,0.000,172.377,1.979,0.271,8.0
1999,0.083,2.153,0.000,172.378,1.979,0.270,8.0
2000,0.083,2.153,0.000,172.380,1.979,0.270,8.0
2001,0.083,2.153,0.000,172.382,1.979,0.270,8.0
2002,0.083,2.153,0.000,172.384,1.979,0.270,8.0
2003,0.083,2.153,0.000,172.386,1.979,0.270,8.0
2004,0.083,2.153,0.000,172.388,1.979,0.270,8.0
2005,0.083,2.153,0.000,172.389,1.979,0.270,8.0
2006,0.083,2.153,0.000,172.391,1.979,0.270,8.0
2007,0.083,2.153,0.000,172.393,1.979,0.270,8.0
2008,0.083,2.153,0.000,172.395,1.979,0.270,8.0
2009,0.083,2.153,0.000,172.397,1.979,0.270,8.0
2010,0.083,2.153,0.000,172.398,1.979,0.270,8.0
2011,0.083,2.153,0.000,172.400,1.980,0.270,8.0
2012,0.083,2.153,0.000,172.402,1.980,0.270,8.0
2013,0.083,2.153,0.000,172.404,1.980,0.270,8.0
2014,0.083,2.153,0.000,172.406,1.980,0.270,8.0
2015,0.083,2.153,0.000,172.408,1.980,0.269,8.0
2016,0.083,2.153,0.000,172.409,1.980,0.269,8.0
2017,0.083,2.153,0.000,172.411,1.980,0.269,8.0
2018,0.083,2.153,0.000,172.413,1.980,0.269,8.0
2019,0.083,2.153,0.000,172.415,1.980,0.269,8.0
2020,0.083,2.153,0.000,172.417,1.980,0.269,8.0
2021,0.083,2.153,0.000,172.418,1.980,0.269,8.0
2022,0.083,2.153,0.000,172.420,1.980,0.269,8.0
2023,0.083,2.153,0.000,172.422,1.980,0.269,8.0
2024,0.083,2.153,0.000,172.424,1.980,0.269,8.0
2025,0.083,2.153,0.000,172.426,1.980,0.269,8.0
2026,0.083,2.153,0.000,172.428,1.980,0.269,8.0
2027,0.083,2.153,0.000,172.429,1.980,0.269,8.0
2028,0.083,2.153,0.000,172.431,1.980,0.269,8.0
2029,0.083,2.153,0.000,172.433,1.980,0.269,8.0
2030,0.083,2.153,0.000,172.435,1.980,0.269,8.0
2031,0.083,2.153,0.000,172.437,1.980,0.268,8.0
2032,0.083,2.153,0.000,172.438,1.980,0.268,8.0
2033,0.083,2.153,0.000,172.440,1.980,0.268,8.0
2034,0.083,2.153,0.000,172.442,1.980,0.268,8.0
2035,0.083,2.153,0.000,172.444,1.980,0.268,8.0
2036,0.083,2.153,0.000,172.446,1.980,0.268,8.0
2037,0.083,2.153,0.000,172.447,1.980,0.268,8.0
2038,0.083,2.153,0.000,172.449,1.980,0.268,8.0
2039,0.083,2.153,0.000,172.451,1.980,0.268,8.0
2040,0.083,2.153,0.000,172.453,1.980,0.268,8.0
2041,0.083,2.153,0.000,172.455,1.980,0.268,8.0
2042,0.083,2.153,0.000,172.457,1.980,0.268,8.0
2043,0.083,2.153,0.000,172.458,1.980,0.268,8.0
2044,0.083,2.153,0.000,172.460,1.980,0.268,8.0
2045,0.083,2.153,0.000,172.462,1.980,0.268,8.0
2046,0.083,2.153,0.000,172.464,1.980,0.267,8.0
2047,0.083,2.153,0.000,172.466,1.980,0.267,8.0
2048,0.083,2.153,0.000,172.467,1.980,0.267,8.0
2049,0.083,2.153,0.000,172.469,1.980,0.267,8.0
2050,0.083,2.153,0.000,172.471,1.980,0.267,8.0
2051,0.083,2.153,0.000,172.473,1.980,0.267,8.0
2052,0.083,2.153,0.000,172.475,1.980,0.267,8.0
2053,0.083,2.153,0.000,172.476,1.980,0.267,8.0
2054,0.083,2.153,0.000,172.478,1.980,0.267,8.0
2055,0.083,2.153,0.000,172.480,1.980,0.267,8.0
2056,0.083,2.153,0.000,172.482,1.980,0.267,8.0
2057,0.083,2.153,0.000,172.484,1.980,0.267,8.0
2058,0.083,2.153,0.000,172.485,1.980,0.267,8.0
2059,0.083,2.153,0.000,172.487,1.980,0.267,8.0
2060,0.083,2.153,0.000,172.489,1.980,0.267,8.0
2061,0.083,2.153,0.000,172.491,1.980,0.267,8.0
2062,0.083,2.153,0.000,172.493,1.980,0.267,8.0
2063,0.083,2.153,0.000,172.494,1.980,0.266,8.0
2064,0.083,2.153,0.000,172.496,1.980,0.266,8.0
2065,0.083,2.153,0.000,172.498,1.980,0.266,8.0
2066,0.083,2.153,0.000,172.500,1.980,0.266,8.0
2067,0.083,2.153,0.000,172.502,1.980,0.266,8.0
2068,0.083,2.153,0.000,172.503,1.980,0.266,8.0
2069,0.083,2.153,0.000,172.505,1.980,0.266,8.0
2070,0.083,2.153,0.000,172.507,1.980,0.266,8.0
2071,0.083,2.153,0.000,172.509,1.980,0.266,8.0
2072,0.083,2.153,0.000,172.511,1.980,0.266,8.0
2073,0.083,2.153,0.000,172.512,1.980,0.266,8.0
2074,0.083,2.153,0.000,172.514,1.980,0.266,8.0
2075,0.083,2.153,0.000,172.516,1.980,0.266,8.0
2076,0.083,2.153,0.000,172.518,1.980,0.266,8.0
2077,0.083,2.153,0.000,172.520,1.980,0.266,8.0
2078,0.083,2.153,0.000,172.521,1.980,0.266,8.0
2079,0.083,2.153,0.000,172.523,1.980,0.265,8.0
2080,0.083,2.153,0.000,172.525,1.980,0.265,8.0
2081,0.083,2.153,0.000,172.527,1.980,0.265,8.0
2082,0.083,2.153,0.000,172.529,1.980,0.265,8.0
2083,0.083,2.153,0.000,172.530,1.980,0.265,8.0
2084,0.083,2.153,0.000,172.532,1.980,0.265,8.0
2085,0.083,2.153,0.000,172.534,1.980,0.265,8.0
2086,0.083,2.153,0.000,172.536,1.980,0.265,8.0
2087,0.083,2.153,0.000,172.538,1.980,0.265,8.0
2088,0.083,2.153,0.000,172.539,1.980,0.265,8.0
2089,0.083,2.153,0.000,172.541,1.980,0.265,8.0
2090,0.083,2.153,0.000,172.543,1.980,0.265,8.0
2091,0.083,2.153,0.000,172.545,1.980,0.265,8.0
2092,0.083,2.153,0.000,172.546,1.980,0.265,8.0
2093,0.083,2.153,0.000,172.548,1.980,0.265,8.0
2094,0.083,2.153,0.000,172.550,1.980,0.265,8.0
2095,0.083,2.153,0.000,172.552,1.980,0.264,8.0
2096,0.083,2.153,0.000,172.554,1.980,0.264,8.0
2097,0.083,2.153,0.000,172.555,1.980,0.264,8.0
2098,0.083,2.153,0.000,172.557,1.980,0.264,8.0
2099,0.083,2.153,0.000,172.559,1.980,0.264,8.0
2100,0.083,2.153,0.000,172.561,1.980,0.264,8.0
2101,0.083,2.153,0.000,172.563,1.980,0.264,8.0
2102,0.083,2.153,0.000,172.564,1.980,0.264,8.0
2103,0.083,2.153,0.000,172.566,1.980,0.264,8.0
2104,0.083,2.153,0.000,172.568,1.980,0.264,8.0
2105,0.083,2.153,0.000,172.570,1.980,0.264,8.0
2106,0.083,2.153,0.000,172.572,1.980,0.264,8.0
2107,0.083,2.153,0.000,172.573,1.980,0.264,8.0
2108,0.083,2.153,0.000,172.575,1.980,0.264,8.0
2109,0.083,2.153,0.000,172.577,1.980,0.264,8.0
2110,0.083,2.153,0.000,172.579,1.980,0.264,8.0
2111,0.083,2.153,0.000,172.580,1.980,0.263,8.0
2112,0.083,2.153,0.000,172.582,1.980,0.263,8.0
2113,0.083,2.153,0.000,172.584,1.980,0.263,8.0
2114,0.083,2.153,0.000,172.586,1.980,0.263,8.0
2115,0.083,2.153,0.000,172.588,1.980,0.263,8.0
2116,0.083,2.153,0.000,172.589,1.980,0.263,8.0
2117,0.083,2.153,0.000,172.591,1.980,0.263,8.0
2118,0.083,2.153,0.000,172.593,1.980,0.263,8.0
2119,0.083,2.153,0.000,172.595,1.980,0.263,8.0
2120,0.083,2.153,0.000,172.596,1.980,0.263,8.0
2121,0.083,2.153,0.000,172.598,1.980,0.263,8.0
2122,0.083,2.153,0.000,172.600,1.980,0.263,8.0
2123,0.083,2.153,0.000,172.602,1.980,0.263,8.0
2124,0.083,2.153,0.000,172.604,1.980,0.263,8.0
2125,0.083,2.153,0.000,172.605,1.980,0.263,8.0
2126,0.083,2.153,0.000,172.607,1.980,0.263,8.0
2127,0.083,2.153,0.000,172.609,1.980,0.262,8.0
2128,0.083,2.153,0.000,172.611,1.980,0.262,8.0
2129,0.083,2.153,0.000,172.613,1.980,0.262,8.0
2130,0.083,2.153,0.000,172.614,1.980,0.262,8.0
2131,0.083,2.153,0.000,172.616,1.981,0.262,8.0
2132,0.083,2.153,0.000,172.618,1.981,0.262,8.0
2133,0.083,2.153,0.000,172.620,1.981,0.262,8.0
2134,0.083,2.153,0.000,172.621,1.981,0.262,8.0
2135,0.083,2.153,0.000,172.623,1.981,0.262,8.0
2136,0.083,2.153,0.000,172.625,1.981,0.262,8.0
2137,0.083,2.153,0.000,172.627,1.981,0.262,8.0
2138,0.083,2.153,0.000,172.629,1.981,0.262,8.0
2139,0.083,2.153,0.000,172.630,1.981,0.262,8.0
2140,0.083,2.153,0.000,172.632,1.981,0.262,8.0
2141,0.083,2.153,0.000,172.634,1.981,0.262,8.0
2142,0.083,2.153,0.000,172.636,1.981,0.262,8.0
2143,0.083,2.153,0.000,172.637,1.981,0.262,8.0
2144,0.083,2.153,0.000,172.639,1.981,0.261,8.0
2145,0.083,2.153,0.000,172.641,1.981,0.261,8.0
2146,0.083,2.153,0.000,172.643,1.981,0.261,8.0
2147,0.083,2.153,0.000,172.644,1.981,0.261,8.0
2148,0.083,2.153,0.000,172.646,1.981,0.261,8.0
2149,0.083,2.153,0.000,172.648,1.981,0.261,8.0
2150,0.083,2.153,0.000,172.650,1.981,0.261,8.0
2151,0.083,2.153,0.000,172.652,1.981,0.261,8.0
2152,0.083,2.153,0.000,172.653,1.981,0.261,8.0
2153,0.083,2.153,0.000,172.655,1.981,0.261,8.0
2154,0.083,2.153,0.000,172.657,1.981,0.261,8.0
2155,0.083,2.153,0.000,172.659,1.981,0.261,8.0
2156,0.083,2.153,0.000,172.660,1.981,0.261,8.0
2157,0.083,2.153,0.000,172.662,1.981,0.261,8.0
2158,0.083,2.153,0.000,172.664,1.981,0.261,8.0
2159,0.083,2.153,0.000,172.666,1.981,0.261,8.0
2160,0.083,2.153,0.000,172.668,1.981,0.260,8.0
2161,0.083,2.153,0.000,172.669,1.981,0.260,8.0
2162,0.083,2.153,0.000,172.671,1.981,0.260,8.0
2163,0.083,2.153,0.000,172.673,1.981,0.260,8.0
2164,0.083,2.153,0.000,172.675,1.981,0.260,8.0
2165,0.083,2.153,0.000,172.676,1.981,0.260,8.0
2166,0.083,2.153,0.000,172.678,1.981,0.260,8.0
2167,0.083,2.153,0.000,172.680,1.981,0.260,8.0
2168,0.083,2.153,0.000,172.682,1.981,0.260,8.0
2169,0.083,2.153,0.000,172.683,1.981,0.260,8.0
2170,0.083,2.153,0.000,172.685,1.981,0.260,8.0
2171,0.083,2.153,0.000,172.687,1.981,0.260,8.0
2172,0.083,2.153,0.000,172.689,1.981,0.260,8.0
2173,0.083,2.152,0.000,172.691,1.981,0.260,8.0
2174,0.083,2.152,0.000,172.692,1.981,0.260,8.0
2175,0.083,2.152,0.000,172.694,1.981,0.260,8.0
2176,0.083,2.152,0.000,172.696,1.981,0.259,8.0
2177,0.083,2.152,0.000,172.698,1.981,0.259,8.0
2178,0.083,2.152,0.000,172.699,1.981,0.259,8.0
2179,0.083,2.152,0.000,172.701,1.981,0.259,8.0
2180,0.083,2.152,0.000,172.703,1.981,0.259,8.0
2181,0.083,2.152,0.000,172.705,1.981,0.259,8.0
2182,0.083,2.152,0.000,172.706,1.981,0.259,8.0
2183,0.083,2.152,0.000,172.708,1.981,0.259,8.0
2184,0.083,2.152,0.000,172.710,1.981,0.259,8.0
2185,0.083,2.152,0.000,172.712,1.981,0.259,8.0
2186,0.083,2.152,0.000,172.713,1.981,0.259,8.0
2187,0.083,2.152,0.000,172.715,1.981,0.259,8.0
2188,0.083,2.152,0.000,172.717,1.981,0.259,8.0
2189,0.083,2.152,0.000,172.719,1.981,0.259,8.0
2190,0.083,2.152,0.000,172.721,1.981,0.259,8.0
2191,0.083,2.152,0.000,172.722,1.981,0.259,8.0
2192,0.083,2.152,0.000,172.724,1.981,0.259,8.0
2193,0.083,2.152,0.000,172.726,1.981,0.258,8.0
2194,0.083,2.152,0.000,172.728,1.981,0.258,8.0
2195,0.083,2.152,0.000,172.729,1.981,0.258,8.0
2196,0.083,2.152,0.000,172.731,1.981,0.258,8.0
2197,0.083,2.152,0.000,172.733,1.981,0.258,8.0
2198,0.083,2.152,0.000,172.735,1.981,0.258,8.0
2199,0.083,2.152,0.000,172.736,1.981,0.258,8.0
2200,0.083,2.152,0.000,172.738,1.981,0.258,8.0
2201,0.083,2.152,0.000,172.740,1.981,0.258,8.0
2202,0.083,2.152,0.000,172.742,1.981,0.258,8.0
2203,0.083,2.152,0.000,172.743,1.981,0.258,8.0
2204,0.083,2.152,0.000,172.745,1.981,0.258,8.0
2205,0.083,2.152,0.000,172.747,1.981,0.258,8.0
2206,0.083,2.152,0.000,172.749,1.981,0.258,8.0
2207,0.083,2.152,0.000,172.750,1.981,0.258,8.0
2208,0.083,2.152,0.000,172.752,1.981,0.258,8.0
2209,0.083,2.152,0.000,172.754,1.981,0.257,8.0
2210,0.083,2.152,0.000,172.756,1.981,0.257,8.0
2211,0.083,2.152,0.000,172.758,1.981,0.257,8.0
2212,0.083,2.152,0.000,172.759,1.981,0.257,8.0
2213,0.083,2.152,0.000,172.761,1.981,0.257,8.0
2214,0.083,2.152,0.000,172.763,1.981,0.257,8.0
2215,0.083,2.152,0.000,172.765,1.981,0.257,8.0
2216,0.083,2.152,0.000,172.766,1.981,0.257,8.0
2217,0.083,2.152,0.000,172.768,1.981,0.257,8.0
2218,0.083,2.152,0.000,172.770,1.981,0.257,8.0
2219,0.083,2.152,0.000,172.772,1.981,0.257,8.0
2220,0.083,2.152,0.000,172.773,1.981,0.257,8.0
2221,0.083,2.152,0.000,172.775,1.981,0.257,8.0
2222,0.083,2.152,0.000,172.777,1.981,0.257,8.0
2223,0.083,2.152,0.000,172.779,1.981,0.257,8.0
2224,0.083,2.152,0.000,172.780,1.981,0.257,8.0
2225,0.083,2.152,0.000,172.782,1.981,0.256,8.0
2226,0.083,2.152,0.000,172.784,1.981,0.256,8.0
2227,0.083,2.152,0.000,172.786,1.981,0.256,8.0
2228,0.083,2.152,0.000,172.787,1.981,0.256,8.0
2229,0.083,2.152,0.000,172.789,1.981,0.256,8.0
2230,0.083,2.152,0.000,172.791,1.981,0.256,8.0
2231,0.083,2.152,0.000,172.793,1.981,0.256,8.0
2232,0.083,2.152,0.000,172.794,1.981,0.256,8.0
2233,0.083,2.152,0.000,172.796,1.981,0.256,8.0
2234,0.083,2.152,0.000,172.798,1.981,0.256,8.0
2235,0.083,2.152,0.000,172.800,1.981,0.256,8.0
2236,0.083,2.152,0.000,172.801,1.981,0.256,8.0
2237,0.083,2.152,0.000,172.803,1.981,0.256,8.0
2238,0.083,2.152,0.000,172.805,1.981,0.256,8.0
2239,0.083,2.152,0.000,172.807,1.981,0.256,8.0
2240,0.083,2.152,0.000,172.808,1.981,0.256,8.0
2241,0.083,2.152,0.000,172.810,1.981,0.256,8.0
2242,0.083,2.152,0.000,172.812,1.981,0.255,8.0
2243,0.083,2.152,0.000,172.814,1.981,0.255,8.0
2244,0.083,2.152,0.000,172.815,1.981,0.255,8.0
2245,0.083,2.152,0.000,172.817,1.981,0.255,8.0
2246,0.083,2.152,0.000,172.819,1.981,0.255,8.0
2247,0.083,2.152,0.000,172.821,1.981,0.255,8.0
2248,0.083,2.152,0.000,172.823,1.981,0.255,8.0
2249,0.083,2.152,0.000,172.824,1.981,0.255,8.0
2250,0.083,2.152,0.000,172.826,1.981,0.255,8.0
2251,0.083,2.152,0.000,172.828,1.981,0.255,8.0
2252,0.083,2.152,0.000,172.830,1.981,0.255,8.0
2253,0.083,2.152,0.000,172.831,1.981,0.255,8.0
2254,0.083,2.152,0.000,172.833,1.981,0.255,8.0
2255,0.083,2.152,0.000,172.835,1.981,0.255,8.0
2256,0.083,2.152,0.000,172.837,1.981,0.255,8.0
2257,0.083,2.152,0.000,172.838,1.982,0.255,8.0
2258,0.083,2.152,0.000,172.840,1.982,0.254,8.0
2259,0.083,2.152,0.000,172.842,1.982,0.254,8.0
2260,0.083,2.152,0.000,172.844,1.982,0.254,8.0
2261,0.083,2.152,0.000,172.845,1.982,0.254,8.0
2262,0.083,2.152,0.000,172.847,1.982,0.254,8.0
2263,0.083,2.152,0.000,172.849,1.982,0.254,8.0
2264,0.083,2.152,0.000,172.851,1.982,0.254,8.0
2265,0.083,2.152,0.000,172.852,1.982,0.254,8.0
2266,0.083,2.152,0.000,172.854,1.982,0.254,8.0
2267,0.083,2.152,0.000,172.856,1.982,0.254,8.0
2268,0.083,2.152,0.000,172.858,1.982,0.254,8.0
2269,0.083,2.152,0.000,172.859,1.982,0.254,8.0
2270,0.083,2.152,0.000,172.861,1.982,0.254,8.0
2271,0.083,2.152,0.000,172.863,1.982,0.254,8.0
2272,0.083,2.152,0.000,172.865,1.982,0.254,8.0
2273,0.083,2.152,0.000,172.866,1.982,0.254,8.0
2274,0.083,2.152,0.000,172.868,1.982,0.254,8.0
2275,0.083,2.152,0.000,172.870,1.982,0.253,8.0
2276,0.083,2.152,0.000,172.872,1.982,0.253,8.0
2277,0.083,2.152,0.000,172.873,1.982,0.253,8.0
2278,0.083,2.152,0.000,172.875,1.982,0.253,8.0
2279,0.083,2.152,0.000,172.877,1.982,0.253,8.0
2280,0.083,2.152,0.000,172.878,1.982,0.253,8.0
2281,0.083,2.152,0.000,172.880,1.982,0.253,8.0
2282,0.083,2.152,0.000,172.882,1.982,0.253,8.0
2283,0.083,2.152,0.000,172.884,1.982,0.253,8.0
2284,0.083,2.152,0.000,172.885,1.982,0.253,8.0
2285,0.083,2.152,0.000,172.887,1.982,0.253,8.0
2286,0.083,2.152,0.000,172.889,1.982,0.253,8.0
2287,0.083,2.152,0.000,172.891,1.982,0.253,8.0
2288,0.083,2.152,0.000,172.892,1.982,0.253,8.0
2289,0.083,2.152,0.000,172.894,1.982,0.253,8.0
2290,0.083,2.152,0.000,172.896,1.982,0.253,8.0
2291,0.083,2.152,0.000,172.898,1.982,0.253,8.0
2292,0.083,2.152,0.000,172.899,1.982,0.252,8.0
2293,0.083,2.152,0.000,172.901,1.982,0.252,8.0
2294,0.083,2.152,0.000,172.903,1.982,0.252,8.0
2295,0.083,2.152,0.000,172.905,1.982,0.252,8.0
2296,0.083,2.152,0.000,172.906,1.982,0.252,8.0
2297,0.083,2.152,0.000,172.908,1.982,0.252,8.0
2298,0.083,2.152,0.000,172.910,1.982,0.252,8.0
2299,0.083,2.152,0.000,172.912,1.982,0.252,8.0
2300,0.083,2.152,0.000,172.913,1.982,0.252,8.0
2301,0.083,2.152,0.000,172.915,1.982,0.252,8.0
2302,0.083,2.152,0.000,172.917,1.982,0.252,8.0
2303,0.083,2.152,0.000,172.919,1.982,0.252,8.0
2304,0.083,2.152,0.000,172.920,1.982,0.252,8.0
2305,0.083,2.152,0.000,172.922,1.982,0.252,8.0
2306,0.083,2.152,0.000,172.924,1.982,0.252,8.0
2307,0.083,2.152,0.000,172.926,1.982,0.252,8.0
2308,0.083,2.152,0.000,172.927,1.982,0.251,8.0
2309,0.083,2.152,0.000,172.929,1.982,0.251,8.0
2310,0.083,2.152,0.000,172.931,1.982,0.251,8.0
2311,0.083,2.152,0.000,172.933,1.982,0.251,8.0
2312,0.083,2.152,0.000,172.934,1.982,0.251,8.0
2313,0.083,2.152,0.000,172.936,1.982,0.251,8.0
2314,0.083,2.152,0.000,172.938,1.982,0.251,8.0
2315,0.083,2.152,0.000,172.940,1.982,0.251,8.0
2316,0.083,2.152,0.000,172.941,1.982,0.251,8.0
2317,0.083,2.152,0.000,172.943,1.982,0.251,8.0
2318,0.083,2.152,0.000,172.945,1.982,0.251,8.0
2319,0.083,2.152,0.000,172.947,1.982,0.251,8.0
2320,0.083,2.152,0.000,172.948,1.982,0.251,8.0
2321,0.083,2.152,0.000,172.950,1.982,0.251,8.0
2322,0.083,2.152,0.000,172.952,1.982,0.251,8.0
2323,0.083,2.152,0.000,172.954,1.982,0.251,8.0
2324,0.083,2.152,0.000,172.955,1.982,0.251,8.0
2325,0.083,2.152,0.000,172.957,1.982,0.250,8.0
2326,0.083,2.152,0.000,172.959,1.982,0.250,8.0
2327,0.083,2.152,0.000,172.960,1.982,0.250,8.0
2328,0.083,2.152,0.000,172.962,1.982,0.250,8.0
2329,0.083,2.152,0.000,172.964,1.982,0.250,8.0
2330,0.083,2.152,0.000,172.966,1.982,0.250,8.0
2331,0.083,2.152,0.000,172.967,1.982,0.250,8.0
2332,0.083,2.152,0.000,172.969,1.982,0.250,8.0
2333,0.083,2.152,0.000,172.971,1.982,0.250,8.0
2334,0.083,2.152,0.000,172.973,1.982,0.250,8.0
2335,0.083,2.152,0.000,172.974,1.982,0.250,8.0
2336,0.083,2.152,0.000,172.976,1.982,0.250,8.0
2337,0.083,2.152,0.000,172.978,1.982,0.250,8.0
2338,0.083,2.152,0.000,172.980,1.982,0.250,8.0
2339,0.083,2.152,0.000,172.981,1.982,0.250,8.0
2340,0.083,2.152,0.000,172.983,1.982,0.250,8.0
2341,0.083,2.152,0.000,172.985,1.982,0.249,8.0
2342,0.083,2.152,0.000,172.987,1.982,0.249,8.0
2343,0.083,2.152,0.000,172.988,1.982,0.249,8.0
2344,0.083,2.152,0.000,172.990,1.982,0.249,8.0
2345,0.083,2.152,0.000,172.992,1.982,0.249,8.0
2346,0.083,2.152,0.000,172.994,1.982,0.249,8.0
2347,0.083,2.152,0.000,172.995,1.982,0.249,8.0
2348,0.083,2.152,0.000,172.997,1.982,0.249,8.0
2349,0.083,2.152,0.000,172.999,1.982,0.249,8.0
2350,0.083,2.152,0.000,173.001,1.982,0.249,8.0
2351,0.083,2.152,0.000,173.002,1.982,0.249,8.0
2352,0.083,2.152,0.000,173.004,1.982,0.249,8.0
2353,0.083,2.152,0.000,173.006,1.982,0.249,8.0
2354,0.083,2.152,0.000,173.008,1.982,0.249,8.0
2355,0.083,2.152,0.000,173.009,1.982,0.249,8.0
2356,0.083,2.152,0.000,173.011,1.982,0.249,8.0
2357,0.083,2.152,0.000,173.013,1.982,0.249,8.0
2358,0.083,2.152,0.000,173.014,1.982,0.248,8.0
2359,0.083,2.152,0.000,173.016,1.982,0.248,8.0
2360,0.083,2.152,0.000,173.018,1.982,0.248,8.0
2361,0.083,2.152,0.000,173.020,1.982,0.248,8.0
2362,0.083,2.152,0.000,173.021,1.982,0.248,8.0
2363,0.083,2.152,0.000,173.023,1.982,0.248,8.0
2364,0.083,2.152,0.000,173.025,1.982,0.248,8.0
2365,0.083,2.152,0.000,173.027,1.982,0.248,8.0
2366,0.083,2.152,0.000,173.028,1.982,0.248,8.0
2367,0.083,2.152,0.000,173.030,1.982,0.248,8.0
2368,0.083,2.152,0.000,173.032,1.982,0.248,8.0
2369,0.083,2.152,0.000,173.034,1.982,0.248,8.0
2370,0.083,2.152,0.000,173.035,1.982,0.248,8.0
2371,0.083,2.152,0.000,173.037,1.982,0.248,8.0
2372,0.083,2.152,0.000,173.039,1.982,0.248,8.0
2373,0.083,2.152,0.000,173.041,1.982,0.248,8.0
2374,0.083,2.152,0.000,173.042,1.982,0.247,8.0
2375,0.083,2.152,0.000,173.044,1.982,0.247,8.0
2376,0.083,2.152,0.000,173.046,1.982,0.247,8.0
2377,0.083,2.152,0.000,173.048,1.982,0.247,8.0
2378,0.083,2.152,0.000,173.049,1.982,0.247,8.0
2379,0.083,2.152,0.000,173.051,1.982,0.247,8.0
2380,0.083,2.152,0.000,173.053,1.982,0.247,8.0
2381,0.083,2.152,0.000,173.055,1.982,0.247,8.0
2382,0.083,2.152,0.000,173.056,1.982,0.247,8.0
2383,0.083,2.152,0.000,173.058,1.982,0.247,8.0
2384,0.083,2.152,0.000,173.060,1.982,0.247,8.0
2385,0.083,2.152,0.000,173.062,1.982,0.247,8.0
2386,0.082,2.152,0.000,173.063,1.982,0.247,8.0
2387,0.082,2.152,0.000,173.065,1.982,0.247,8.0
2388,0.082,2.152,0.000,173.067,1.983,0.247,8.0
2389,0.082,2.152,0.000,173.069,1.983,0.247,8.0
2390,0.082,2.152,0.000,173.070,1.983,0.247,8.0
2391,0.082,2.152,0.000,173.072,1.983,0.246,8.0
2392,0.082,2.152,0.000,173.074,1.983,0.246,8.0
2393,0.082,2.152,0.000,173.076,1.983,0.246,8.0
2394,0.082,2.152,0.000,173.077,1.983,0.246,8.0
2395,0.082,2.152,0.000,173.079,1.983,0.246,8.0
2396,0.082,2.152,0.000,173.081,1.983,0.246,8.0
2397,0.082,2.152,0.000,173.083,1.983,0.246,8.0
2398,0.082,2.152,0.000,173.084,1.983,0.246,8.0
2399,0.082,2.152,0.000,173.086,1.983,0.246,8.0
2400,0.082,2.152,0.000,173.088,1.983,0.246,8.0
2401,0.082,2.152,0.000,173.090,1.983,0.246,8.0
2402,0.082,2.152,0.000,173.091,1.983,0.246,8.0
2403,0.082,2.152,0.000,173.093,1.983,0.246,8.0
2404,0.082,2.152,0.000,173.095,1.983,0.246,8.0
2405,0.082,2.152,0.000,173.097,1.983,0.246,8.0
2406,0.082,2.152,0.000,173.098,1.983,0.246,8.0
2407,0.082,2.152,0.000,173.100,1.983,0.245,8.0
2408,0.082,2.152,0.000,173.102,1.983,0.245,8.0
2409,0.082,2.152,0.000,173.104,1.983,0.245,8.0
2410,0.082,2.152,0.000,173.105,1.983,0.245,8.0
2411,0.082,2.152,0.000,173.107,1.983,0.245,8.0
2412,0.082,2.152,0.000,173.109,1.983,0.245,8.0
2413,0.082,2.152,0.000,173.111,1.983,0.245,8.0
2414,0.082,2.152,0.000,173.112,1.983,0.245,8.0
2415,0.082,2.152,0.000,173.114,1.983,0.245,8.0
2416,0.082,2.152,0.000,173.116,1.983,0.245,8.0
2417,0.082,2.152,0.000,173.118,1.983,0.245,8.0
2418,0.082,2.152,0.000,173.119,1.983,0.245,8.0
2419,0.082,2.152,0.000,173.121,1.983,0.245,8.0
2420,0.082,2.152,0.000,173.123,1.983,0.245,8.0
2421,0.082,2.152,0.000,173.125,1.983,0.245,8.0
2422,0.082,2.152,0.000,173.126,1.983,0.245,8.0
2423,0.082,2.152,0.000,173.128,1.983,0.245,8.0
2424,0.082,2.152,0.000,173.130,1.983,0.244,8.0
2425,0.082,2.152,0.000,173.132,1.983,0.244,8.0
2426,0.082,2.152,0.000,173.133,1.983,0.244,8.0
2427,0.082,2.152,0.000,173.135,1.983,0.244,8.0
2428,0.082,2.152,0.000,173.137,1.983,0.244,8.0
2429,0.082,2.152,0.000,173.139,1.983,0.244,8.0
2430,0.082,2.152,0.000,173.140,1.983,0.244,8.0
2431,0.082,2.152,0.000,173.142,1.983,0.244,8.0
2432,0.082,2.152,0.000,173.144,1.983,0.244,8.0
2433,0.082,2.152,0.000,173.146,1.983,0.244,8.0
2434,0.082,2.152,0.000,173.147,1.983,0.244,8.0
2435,0.082,2.152,0.000,173.149,1.983,0.244,8.0
2436,0.082,2.152,0.000,173.151,1.983,0.244,8.0
2437,0.082,2.152,0.000,173.153,1.983,0.244,8.0
2438,0.082,2.152,0.000,173.155,1.983,0.244,8.0
2439,0.082,2.152,0.000,173.156,1.983,0.244,8.0
2440,0.082,2.152,0.000,173.158,1.983,0.243,8.0
2441,0.082,2.152,0.000,173.160,1.983,0.243,8.0
2442,0.082,2.152,0.000,173.162,1.983,0.243,8.0
2443,0.082,2.152,0.000,173.163,1.983,0.243,8.0
2444,0.082,2.152,0.000,173.165,1.983,0.243,8.0
2445,0.082,2.152,0.000,173.167,1.983,0.243,8.0
2446,0.082,2.152,0.000,173.169,1.983,0.243,8.0
2447,0.082,2.152,0.000,173.170,1.983,0.243,8.0
2448,0.082,2.152,0.000,173.172,1.983,0.243,8.0
2449,0.082,2.152,0.000,173.174,1.983,0.243,8.0
2450,0.082,2.152,0.000,173.176,1.983,0.243,8.0
2451,0.082,2.152,0.000,173.177,1.983,0.243,8.0
2452,0.082,2.152,0.000,173.179,1.983,0.243,8.0
2453,0.082,2.152,0.000,173.181,1.983,0.243,8.0
2454,0.082,2.152,0.000,173.183,1.983,0.243,8.0
2455,0.082,2.152,0.000,173.184,1.983,0.243,8.0
2456,0.082,2.152,0.000,173.186,1.983,0.243,8.0
2457,0.082,2.152,0.000,173.188,1.983,0.242,8.0
2458,0.082,2.152,0.000,173.190,1.983,0.242,8.0
2459,0.082,2.152,0.000,173.191,1.983,0.242,8.0
2460,0.082,2.152,0.000,173.193,1.983,0.242,8.0
2461,0.082,2.152,0.000,173.195,1.983,0.242,8.0
2462,0.082,2.152,0.000,173.197,1.983,0.242,8.0
2463,0.082,2.152,0.000,173.198,1.983,0.242,8.0
2464,0.082,2.152,0.000,173.200,1.983,0.242,8.0
2465,0.082,2.152,0.000,173.202,1.983,0.242,8.0
2466,0.082,2.152,0.000,173.204,1.983,0.242,8.0
2467,0.082,2.152,0.000,173.206,1.983,0.242,8.0
2468,0.082,2.152,0.000,173.207,1.983,0.242,8.0
2469,0.082,2.152,0.000,173.209,1.983,0.242,8.0
2470,0.082,2.152,0.000,173.211,1.983,0.242,8.0
2471,0.082,2.152,0.000,173.213,1.983,0.242,8.0
2472,0.082,2.152,0.000,173.214,1.983,0.242,8.0
2473,0.082,2.152,0.000,173.216,1.983,0.241,8.0
2474,0.082,2.152,0.000,173.218,1.983,0.241,8.0
2475,0.082,2.152,0.000,173.220,1.983,0.241,8.0
2476,0.082,2.152,0.000,173.221,1.983,0.241,8.0
2477,0.082,2.152,0.000,173.223,1.983,0.241,8.0
2478,0.082,2.152,0.000,173.225,1.983,0.241,8.0
2479,0.082,2.152,0.000,173.227,1.983,0.241,8.0
2480,0.082,2.152,0.000,173.228,1.983,0.241,8.0
2481,0.082,2.152,0.000,173.230,1.983,0.241,8.0
2482,0.082,2.152,0.000,173.232,1.983,0.241,8.0
2483,0.082,2.152,0.000,173.234,1.983,0.241,8.0
2484,0.082,2.152,0.000,173.236,1.983,0.241,8.0
2485,0.082,2.152,0.000,173.237,1.983,0.241,8.0
2486,0.082,2.152,0.000,173.239,1.983,0.241,8.0
2487,0.082,2.152,0.000,173.241,1.983,0.241,8.0
2488,0.082,2.152,0.000,173.243,1.983,0.241,8.0
2489,0.082,2.152,0.000,173.244,1.983,0.241,8.0
2490,0.082,2.152,0.000,173.246,1.983,0.240,8.0
2491,0.082,2.152,0.000,173.248,1.983,0.240,8.0
2492,0.082,2.152,0.000,173.250,1.983,0.240,8.0
2493,0.082,2.152,0.000,173.251,1.983,0.240,8.0
2494,0.082,2.152,0.000,173.253,1.983,0.240,8.0
2495,0.082,2.152,0.000,173.255,1.983,0.240,8.0
2496,0.082,2.152,0.000,173.257,1.983,0.240,8.0
2497,0.082,2.152,0.000,173.259,1.983,0.240,8.0
2498,0.082,2.152,0.000,173.260,1.983,0.240,8.0
2499,0.082,2.152,0.000,173.262,1.983,0.240,8.0
2500,0.082,2.152,0.000,173.264,1.983,0.240,8.0
