1,1.408,0.601,0.000,-162.734,-0.002,-0.007,-1
2,1.408,0.601,0.000,-162.734,-0.003,-0.009,-1
3,1.408,0.601,0.000,-162.734,-0.002,-0.006,-1
4,1.408,0.601,0.000,-162.734,-0.002,-0.005,-1
5,1.408,0.601,0.000,-162.734,-0.003,-0.006,-1
6,1.408,0.601,0.000,-162.734,-0.004,-0.006,-1
7,1.409,0.601,0.000,-162.724,-0.009,-0.004,7.0
8,1.409,0.601,0.000,-162.687,-0.013,-0.002,7.0
9,1.410,0.601,0.000,-162.620,-0.015,-0.001,7.0
10,1.410,0.601,0.000,-162.523,-0.017,-0.001,7.0
11,1.410,0.601,0.000,-162.397,-0.018,-0.001,7.0
12,1.411,0.601,0.000,-162.241,-0.020,-0.000,7.0
13,1.411,0.601,0.000,-162.056,-0.021,0.000,7.0
14,1.411,0.602,0.000,-161.843,-0.023,0.001,7.0
15,1.411,0.602,0.000,-161.602,-0.025,0.002,7.0
16,1.412,0.602,0.000,-161.332,-0.027,0.002,7.0
17,1.412,0.602,0.000,-161.035,-0.029,0.003,7.0
18,1.412,0.602,0.000,-160.710,-0.031,0.004,7.0
19,1.413,0.602,0.000,-160.370,-0.037,0.006,7.0
20,1.413,0.603,0.000,-160.030,-0.040,0.009,7.0
21,1.412,0.604,0.000,-159.718,-0.038,0.007,7.0
22,1.411,0.605,0.000,-159.448,-0.039,0.008,7.0
23,1.409,0.604,0.000,-159.188,-0.032,0.007,7.0
24,1.406,0.603,0.000,-158.912,-0.018,0.000,7.0
25,1.400,0.600,0.000,-158.626,0.006,-0.009,7.0
26,1.394,0.597,0.000,-158.338,0.036,-0.021,7.0
27,1.386,0.594,0.000,-158.048,0.068,-0.034,7.0
28,1.379,0.591,0.000,-157.756,0.101,-0.048,7.0
29,1.372,0.588,0.000,-157.463,0.142,-0.045,7.0
30,1.363,0.584,0.000,-157.181,0.186,-0.067,7.0
31,1.351,0.578,0.000,-156.923,0.236,-0.116,7.0
32,1.339,0.573,0.000,-156.684,0.300,-0.132,7.0
33,1.325,0.567,0.000,-156.467,0.367,-0.164,7.0
34,1.312,0.561,0.000,-156.274,0.437,-0.200,7.0
35,1.298,0.555,0.000,-156.099,0.518,-0.217,7.0
36,1.287,0.551,0.000,-155.927,0.575,-0.248,7.0
37,1.279,0.548,0.000,-155.745,0.612,-0.293,7.0
38,1.272,0.545,0.000,-155.558,0.669,-0.302,7.0
39,1.265,0.542,0.000,-155.363,0.715,-0.333,-1
40,1.258,0.538,0.000,-155.158,0.764,-0.365,-1
41,1.254,0.537,0.000,-154.957,0.807,-0.386,-1
42,1.252,0.537,0.000,-154.778,0.843,-0.402,-1
43,1.250,0.536,0.000,-154.621,0.879,-0.423,-1
44,1.248,0.535,0.000,-154.483,0.925,-0.434,-1
45,1.246,0.534,0.000,-154.359,0.968,-0.473,-1
46,1.244,0.533,0.000,-154.243,1.012,-0.501,-1
47,1.244,0.533,0.000,-154.129,1.060,-0.521,-1
48,1.244,0.533,0.000,-154.016,1.110,-0.546,-1
49,1.242,0.531,0.000,-153.888,1.177,-0.583,-1
50,1.237,0.528,0.000,-153.736,1.269,-0.610,-1
51,1.232,0.526,0.000,-153.566,1.346,-0.672,-1
52,1.227,0.524,0.000,-153.380,1.443,-0.717,-1
53,1.223,0.522,0.000,-153.185,1.541,-0.766,-1
54,1.219,0.520,0.000,-152.993,1.630,-0.849,-1
55,1.214,0.518,0.000,-152.804,1.743,-0.903,-1
56,1.212,0.516,0.000,-152.623,1.796,-0.911,-1
57,1.211,0.515,0.000,-152.447,1.722,-0.927,-1
58,1.208,0.513,0.000,-152.272,1.700,-0.880,-1
59,1.204,0.510,0.000,-152.100,1.670,-0.879,-1
60,1.199,0.508,0.000,-151.932,1.652,-0.876,-1
61,1.195,0.506,0.000,-151.768,1.644,-0.875,-1
62,1.191,0.503,0.000,-151.608,1.643,-0.880,-1
63,1.186,0.501,0.000,-151.452,1.649,-0.890,-1
64,1.182,0.499,0.000,-151.301,1.663,-0.904,-1
65,1.177,0.496,0.000,-151.153,1.686,-0.921,-1
66,1.173,0.494,0.000,-151.010,1.715,-0.943,-1
67,1.169,0.491,0.000,-150.872,1.752,-0.969,-1
68,1.164,0.491,0.000,-150.716,1.742,-0.971,-1
69,1.158,0.491,0.000,-150.543,1.715,-0.969,-1
70,1.152,0.489,0.000,-150.357,1.704,-0.961,-1
71,1.147,0.487,0.000,-150.176,1.696,-0.962,-1
72,1.143,0.484,0.000,-150.000,1.693,-0.970,-1
73,1.138,0.482,0.000,-149.829,1.699,-0.981,-1
74,1.132,0.479,0.000,-149.665,1.718,-0.998,-1
75,1.127,0.477,0.000,-149.506,1.727,-1.021,-1
76,1.121,0.475,0.000,-149.354,1.714,-1.007,-1
77,1.114,0.473,0.000,-149.207,1.702,-1.006,-1
78,1.108,0.470,0.000,-149.065,1.685,-1.022,-1
79,1.101,0.468,0.000,-148.927,1.685,-1.028,-1
80,1.095,0.466,0.000,-148.793,1.696,-1.033,-1
81,1.088,0.463,0.000,-148.665,1.711,-1.042,-1
82,1.082,0.462,0.000,-148.543,1.682,-1.023,-1
83,1.075,0.459,0.000,-148.426,1.625,-0.998,-1
84,1.069,0.457,0.000,-148.311,1.584,-0.969,-1
85,1.061,0.455,0.000,-148.199,1.548,-0.950,-1
86,1.056,0.452,0.000,-148.090,1.513,-0.934,-1
87,1.051,0.450,0.000,-147.988,1.479,-0.927,-1
88,1.047,0.447,0.000,-147.889,1.459,-0.911,-1
89,1.043,0.444,0.000,-147.795,1.437,-0.914,-1
90,1.039,0.442,0.000,-147.707,1.432,-0.905,-1
91,1.034,0.439,0.000,-147.625,1.427,-0.911,-1
92,1.030,0.436,0.000,-147.549,1.430,-0.919,-1
93,1.026,0.434,0.000,-147.477,1.452,-0.911,-1
94,1.022,0.431,0.000,-147.411,1.457,-0.945,-1
95,1.018,0.428,0.000,-147.349,1.482,-0.962,-1
96,1.013,0.426,0.000,-147.294,1.517,-0.979,-1
97,1.009,0.423,0.000,-147.244,1.556,-1.006,-1
98,1.005,0.420,0.000,-147.201,1.601,-1.040,-1
99,1.001,0.417,0.000,-147.165,1.654,-1.076,-1
100,0.997,0.415,0.000,-147.132,1.692,-1.093,-1
101,0.995,0.413,0.000,-147.096,1.660,-1.057,-1
102,0.989,0.408,0.000,-147.075,1.639,-1.062,-1
103,0.983,0.405,0.000,-147.084,1.637,-1.053,-1
104,0.977,0.400,0.000,-147.132,1.645,-1.051,-1
105,0.971,0.396,0.000,-147.222,1.656,-1.058,-1
106,0.964,0.392,0.000,-147.353,1.676,-1.068,-1
107,0.957,0.387,0.000,-147.518,1.689,-1.080,15.0
108,0.950,0.382,0.000,-147.702,1.681,-1.056,15.0
109,0.942,0.377,0.000,-147.909,1.670,-1.033,15.0
110,0.933,0.371,0.000,-148.146,1.666,-1.027,15.0
111,0.924,0.365,0.000,-148.414,1.674,-1.024,15.0
112,0.914,0.359,0.000,-148.713,1.694,-1.021,15.0
113,0.905,0.354,0.000,-149.040,1.699,-1.013,15.0
114,0.895,0.348,0.000,-149.390,1.695,-1.018,15.0
115,0.886,0.343,0.000,-149.761,1.704,-0.994,15.0
116,0.877,0.337,0.000,-150.157,1.717,-0.989,15.0
117,0.867,0.331,0.000,-150.582,1.735,-0.988,15.0
118,0.857,0.325,0.000,-151.033,1.749,-0.973,15.0
119,0.847,0.320,0.000,-151.508,1.747,-0.943,15.0
120,0.837,0.314,0.000,-152.000,1.740,-0.940,15.0
121,0.827,0.309,0.000,-152.505,1.737,-0.904,15.0
122,0.817,0.303,0.000,-153.029,1.741,-0.891,15.0
123,0.807,0.298,0.000,-153.576,1.753,-0.880,15.0
124,0.796,0.293,0.000,-154.146,1.776,-0.868,15.0
125,0.786,0.288,0.000,-154.739,1.791,-0.847,15.0
126,0.775,0.283,0.000,-155.354,1.788,-0.827,15.0
127,0.764,0.278,0.000,-155.988,1.795,-0.808,15.0
128,0.754,0.273,0.000,-156.642,1.813,-0.790,15.0
129,0.743,0.268,0.000,-157.315,1.824,-0.767,15.0
130,0.732,0.264,0.000,-158.007,1.830,-0.744,15.0
131,0.721,0.259,0.000,-158.716,1.842,-0.723,15.0
132,0.710,0.255,0.000,-159.443,1.848,-0.701,15.0
133,0.699,0.250,0.000,-160.185,1.859,-0.676,15.0
134,0.687,0.246,0.000,-160.943,1.867,-0.651,15.0
135,0.675,0.242,0.000,-161.717,1.876,-0.625,15.0
136,0.664,0.238,0.000,-162.504,1.884,-0.600,15.0
137,0.652,0.234,0.000,-163.305,1.893,-0.573,15.0
138,0.640,0.231,0.000,-164.118,1.900,-0.547,15.0
139,0.628,0.227,0.000,-164.943,1.908,-0.519,15.0
140,0.616,0.224,0.000,-165.779,1.916,-0.491,15.0
141,0.603,0.221,0.000,-166.626,1.923,-0.463,15.0
142,0.591,0.218,0.000,-167.482,1.929,-0.434,15.0
143,0.579,0.215,0.000,-168.346,1.936,-0.406,15.0
144,0.566,0.213,0.000,-169.217,1.952,-0.378,15.0
145,0.554,0.211,0.000,-170.096,1.958,-0.348,15.0
146,0.542,0.208,0.000,-170.979,1.944,-0.319,15.0
147,0.529,0.206,0.000,-171.865,1.937,-0.280,15.0
148,0.516,0.205,0.000,-172.755,1.939,-0.251,15.0
149,0.503,0.203,0.000,-173.648,1.950,-0.225,15.0
150,0.489,0.202,0.000,-174.543,1.970,-0.195,15.0
151,0.476,0.201,0.000,-175.442,1.975,-0.166,15.0
152,0.463,0.200,0.000,-176.342,1.978,-0.130,15.0
153,0.450,0.199,0.000,-177.243,1.985,-0.100,15.0
154,0.437,0.198,0.000,-178.144,1.987,-0.071,15.0
155,0.424,0.198,0.000,-179.045,1.983,-0.040,15.0
156,0.411,0.198,0.000,-179.941,1.990,-0.008,15.0
157,0.397,0.198,0.000,179.165,1.987,0.023,15.0
158,0.385,0.198,0.000,178.274,1.969,0.051,15.0
159,0.371,0.199,0.000,177.386,1.955,0.086,15.0
160,0.358,0.200,0.000,176.503,1.951,0.114,15.0
161,0.344,0.201,0.000,175.624,1.957,0.142,15.0
162,0.331,0.202,0.000,174.750,1.971,0.174,15.0
163,0.318,0.203,0.000,173.880,1.983,0.206,15.0
164,0.305,0.205,0.000,173.014,1.979,0.239,15.0
165,0.293,0.206,0.000,172.152,1.937,0.271,15.0
166,0.280,0.208,0.000,171.294,1.898,0.291,15.0
167,0.267,0.210,0.000,170.444,1.870,0.322,15.0
168,0.254,0.213,0.000,169.601,1.852,0.349,15.0
169,0.241,0.215,0.000,168.765,1.844,0.372,15.0
170,0.227,0.218,0.000,167.937,1.845,0.400,15.0
171,0.214,0.221,0.000,167.117,1.854,0.431,15.0
172,0.201,0.224,0.000,166.306,1.871,0.463,15.0
173,0.188,0.228,0.000,165.504,1.898,0.497,15.0
174,0.175,0.231,0.000,164.712,1.920,0.521,15.0
175,0.162,0.235,0.000,163.932,1.920,0.559,15.0
176,0.150,0.238,0.000,163.163,1.910,0.587,15.0
177,0.138,0.242,0.000,162.406,1.895,0.608,15.0
178,0.126,0.246,0.000,161.661,1.867,0.611,15.0
179,0.114,0.250,0.000,160.929,1.838,0.632,15.0
180,0.102,0.255,0.000,160.209,1.821,0.649,15.0
181,0.090,0.259,0.000,159.500,1.813,0.670,15.0
182,0.078,0.264,0.000,158.805,1.812,0.696,15.0
183,0.066,0.269,0.000,158.122,1.820,0.724,15.0
184,0.054,0.273,0.000,157.452,1.837,0.756,15.0
185,0.043,0.278,0.000,156.793,1.832,0.780,15.0
186,0.032,0.283,0.000,156.144,1.807,0.795,15.0
187,0.020,0.289,0.000,155.509,1.790,0.809,15.0
188,0.009,0.294,0.000,154.889,1.782,0.827,15.0
189,-0.003,0.300,0.000,154.283,1.782,0.851,15.0
190,-0.015,0.305,0.000,153.692,1.790,0.878,15.0
191,-0.025,0.310,0.000,153.112,1.774,0.900,15.0
192,-0.035,0.316,0.000,152.546,1.729,0.913,15.0
193,-0.046,0.322,0.000,151.991,1.710,0.889,15.0
194,-0.057,0.328,0.000,151.449,1.675,0.925,15.0
195,-0.067,0.334,0.000,150.920,1.675,0.913,15.0
196,-0.078,0.340,0.000,150.404,1.665,0.941,15.0
197,-0.089,0.346,0.000,149.900,1.663,0.969,15.0
198,-0.099,0.352,0.000,149.407,1.678,0.986,15.0
199,-0.109,0.357,0.000,148.924,1.685,1.031,15.0
200,-0.119,0.363,0.000,148.450,1.704,1.042,15.0
201,-0.127,0.369,0.000,147.983,1.663,1.055,15.0
202,-0.136,0.375,0.000,147.530,1.633,1.045,15.0
203,-0.146,0.381,0.000,147.091,1.609,1.045,15.0
204,-0.155,0.387,0.000,146.669,1.591,1.054,15.0
205,-0.165,0.393,0.000,146.263,1.582,1.065,15.0
206,-0.174,0.399,0.000,145.874,1.581,1.079,15.0
207,-0.183,0.406,0.000,145.503,1.588,1.098,15.0
208,-0.192,0.412,0.000,145.149,1.600,1.122,15.0
209,-0.200,0.418,0.000,144.814,1.620,1.150,15.0
210,-0.209,0.423,0.000,144.499,1.636,1.162,15.0
211,-0.217,0.429,0.000,144.202,1.605,1.164,15.0
212,-0.225,0.435,0.000,143.925,1.585,1.165,15.0
213,-0.232,0.441,0.000,143.668,1.574,1.165,15.0
214,-0.239,0.440,0.000,143.429,1.552,1.160,15.0
215,-0.245,0.442,0.000,143.210,1.547,1.164,15.0
216,-0.250,0.443,0.000,143.005,1.545,1.171,15.0
217,-0.256,0.443,0.000,142.815,1.561,1.171,15.0
218,-0.262,0.446,0.000,142.641,1.564,1.220,15.0
219,-0.267,0.446,0.000,142.470,1.597,1.217,15.0
220,-0.271,0.446,0.000,142.309,1.579,1.209,15.0
221,-0.276,0.450,0.000,142.158,1.554,1.203,15.0
222,-0.281,0.451,0.000,142.018,1.536,1.193,15.0
223,-0.286,0.453,0.000,141.894,1.531,1.192,15.0
224,-0.292,0.456,0.000,141.784,1.539,1.202,15.0
225,-0.295,0.458,0.000,141.719,1.537,1.213,15.0
226,-0.296,0.458,0.000,141.721,1.538,1.217,15.0
227,-0.298,0.459,0.000,141.798,1.549,1.230,15.0
228,-0.301,0.461,0.000,141.953,1.565,1.233,15.0
229,-0.301,0.462,0.000,142.185,1.554,1.211,15.0
230,-0.302,0.462,0.000,142.504,1.545,1.192,15.0
231,-0.302,0.462,0.000,142.908,1.545,1.176,15.0
232,-0.303,0.463,0.000,143.396,1.555,1.163,15.0
233,-0.303,0.463,0.000,143.959,1.571,1.153,15.0
234,-0.305,0.464,0.000,144.554,1.608,1.151,15.0
235,-0.309,0.467,0.000,145.150,1.639,1.143,15.0
236,-0.312,0.469,0.000,145.752,1.630,1.117,15.0
237,-0.317,0.473,0.000,146.352,1.629,1.093,15.0
238,-0.323,0.477,0.000,146.959,1.646,1.078,15.0
239,-0.329,0.481,0.000,147.571,1.670,1.067,15.0
240,-0.334,0.485,0.000,148.191,1.699,1.059,15.0
241,-0.339,0.489,0.000,148.818,1.668,1.005,15.0
242,-0.343,0.493,0.000,149.464,1.631,0.955,15.0
243,-0.347,0.496,0.000,150.127,1.593,0.922,15.0
244,-0.352,0.500,0.000,150.798,1.575,0.887,15.0
245,-0.359,0.505,0.000,151.470,1.577,0.850,15.0
246,-0.367,0.509,0.000,152.144,1.580,0.838,15.0
247,-0.375,0.514,0.000,152.822,1.593,0.827,15.0
248,-0.384,0.518,0.000,153.503,1.624,0.797,15.0
249,-0.392,0.522,0.000,154.184,1.655,0.788,15.0
250,-0.398,0.524,0.000,154.898,1.679,0.782,15.0
251,-0.402,0.526,0.000,155.681,1.702,0.764,15.0
252,-0.405,0.527,0.000,156.535,1.732,0.744,15.0
253,-0.407,0.528,0.000,157.461,1.765,0.725,15.0
254,-0.407,0.529,0.000,158.454,1.800,0.704,15.0
255,-0.407,0.530,0.000,159.505,1.840,0.682,15.0
256,-0.407,0.531,0.000,160.613,1.890,0.659,15.0
257,-0.406,0.530,0.000,161.760,1.895,0.618,15.0
258,-0.409,0.533,0.000,162.916,1.912,0.583,15.0
259,-0.415,0.535,0.000,164.064,1.924,0.545,15.0
260,-0.422,0.538,0.000,165.201,1.878,0.488,15.0
261,-0.429,0.540,0.000,166.330,1.841,0.443,15.0
262,-0.437,0.542,0.000,167.448,1.812,0.397,15.0
263,-0.445,0.543,0.000,168.553,1.791,0.356,15.0
264,-0.453,0.545,0.000,169.645,1.777,0.318,15.0
265,-0.461,0.546,0.000,170.725,1.772,0.283,15.0
266,-0.469,0.547,0.000,171.794,1.775,0.250,15.0
267,-0.477,0.548,0.000,172.852,1.788,0.218,15.0
268,-0.486,0.549,0.000,173.899,1.809,0.187,15.0
269,-0.494,0.550,0.000,174.935,1.839,0.157,15.0
270,-0.503,0.551,0.000,175.960,1.877,0.126,15.0
271,-0.512,0.552,0.000,176.972,1.923,0.095,15.0
272,-0.521,0.552,0.000,177.971,1.977,0.064,15.0
273,-0.528,0.552,0.000,178.956,1.975,0.032,15.0
274,-0.535,0.552,0.000,179.930,1.940,0.002,15.0
275,-0.543,0.552,0.000,-179.101,1.920,-0.040,15.0
276,-0.553,0.552,0.000,-178.126,1.917,-0.072,15.0
277,-0.563,0.551,0.000,-177.143,1.927,-0.101,15.0
278,-0.574,0.550,0.000,-176.146,1.947,-0.136,15.0
279,-0.585,0.549,0.000,-175.130,1.973,-0.175,15.0
280,-0.594,0.548,0.000,-174.103,1.961,-0.215,15.0
281,-0.605,0.547,0.000,-173.069,1.952,-0.235,15.0
282,-0.616,0.545,0.000,-172.029,1.953,-0.278,15.0
283,-0.627,0.543,0.000,-170.994,1.953,-0.315,15.0
284,-0.636,0.542,0.000,-169.981,1.936,-0.350,15.0
285,-0.644,0.541,0.000,-168.989,1.926,-0.382,15.0
286,-0.652,0.539,0.000,-168.022,1.922,-0.414,15.0
287,-0.659,0.538,0.000,-167.083,1.924,-0.448,15.0
288,-0.665,0.536,0.000,-166.174,1.925,-0.467,15.0
289,-0.671,0.534,0.000,-165.292,1.913,-0.500,15.0
290,-0.678,0.533,0.000,-164.440,1.910,-0.526,15.0
291,-0.684,0.531,0.000,-163.615,1.912,-0.554,15.0
292,-0.690,0.529,0.000,-162.816,1.900,-0.580,15.0
293,-0.697,0.526,0.000,-162.040,1.876,-0.620,15.0
294,-0.703,0.524,0.000,-161.288,1.850,-0.632,15.0
295,-0.710,0.522,0.000,-160.562,1.832,-0.651,15.0
296,-0.716,0.520,0.000,-159.861,1.824,-0.667,15.0
297,-0.723,0.516,0.000,-159.180,1.822,-0.703,15.0
298,-0.729,0.515,0.000,-158.516,1.830,-0.719,15.0
299,-0.735,0.513,0.000,-157.876,1.838,-0.746,15.0
300,-0.743,0.508,0.000,-157.247,1.828,-0.778,15.0
301,-0.752,0.502,0.000,-156.615,1.785,-0.768,15.0
302,-0.765,0.496,0.000,-155.982,1.750,-0.790,15.0
303,-0.778,0.490,0.000,-155.348,1.745,-0.781,15.0
304,-0.792,0.483,0.000,-154.713,1.735,-0.816,15.0
305,-0.805,0.477,0.000,-154.076,1.734,-0.850,15.0
306,-0.820,0.469,0.000,-153.437,1.749,-0.884,15.0
307,-0.834,0.462,0.000,-152.799,1.763,-0.915,15.0
308,-0.843,0.459,0.000,-152.181,1.723,-0.905,15.0
309,-0.849,0.456,0.000,-151.595,1.673,-0.902,15.0
310,-0.854,0.453,0.000,-151.044,1.632,-0.895,15.0
311,-0.859,0.451,0.000,-150.527,1.595,-0.892,15.0
312,-0.863,0.448,0.000,-150.045,1.561,-0.893,15.0
313,-0.867,0.446,0.000,-149.597,1.535,-0.894,15.0
314,-0.871,0.444,0.000,-149.181,1.517,-0.897,15.0
315,-0.875,0.442,0.000,-148.797,1.507,-0.905,15.0
316,-0.879,0.439,0.000,-148.446,1.505,-0.917,15.0
317,-0.883,0.436,0.000,-148.125,1.513,-0.933,15.0
318,-0.887,0.434,0.000,-147.836,1.529,-0.954,15.0
319,-0.892,0.431,0.000,-147.578,1.553,-0.979,15.0
320,-0.896,0.428,0.000,-147.351,1.584,-1.007,15.0
321,-0.901,0.425,0.000,-147.155,1.621,-1.039,15.0
322,-0.905,0.422,0.000,-146.990,1.666,-1.075,15.0
323,-0.908,0.421,0.000,-146.854,1.676,-1.104,15.0
324,-0.910,0.419,0.000,-146.736,1.652,-1.074,15.0
325,-0.914,0.415,0.000,-146.642,1.631,-1.080,15.0
326,-0.922,0.409,0.000,-146.551,1.660,-1.076,15.0
327,-0.933,0.400,0.000,-146.462,1.669,-1.121,15.0
328,-0.944,0.392,0.000,-146.375,1.660,-1.078,15.0
329,-0.956,0.383,0.000,-146.293,1.619,-1.112,15.0
330,-0.970,0.373,0.000,-146.207,1.638,-1.085,15.0
331,-0.984,0.364,0.000,-146.122,1.630,-1.116,15.0
332,-0.998,0.354,0.000,-146.036,1.640,-1.108,15.0
333,-1.012,0.345,0.000,-145.951,1.632,-1.105,15.0
334,-1.021,0.340,0.000,-145.884,1.602,-1.095,15.0
335,-1.026,0.337,0.000,-145.847,1.567,-1.073,15.0
336,-1.030,0.335,0.000,-145.840,1.538,-1.050,15.0
337,-1.034,0.332,0.000,-145.864,1.512,-1.032,15.0
338,-1.037,0.330,0.000,-145.916,1.492,-1.017,15.0
339,-1.040,0.328,0.000,-145.994,1.477,-1.004,15.0
340,-1.043,0.327,0.000,-146.100,1.470,-0.995,15.0
341,-1.045,0.325,0.000,-146.233,1.471,-0.991,15.0
342,-1.048,0.323,0.000,-146.393,1.481,-0.991,15.0
343,-1.052,0.320,0.000,-146.581,1.499,-0.996,15.0
344,-1.055,0.318,0.000,-146.798,1.526,-1.006,15.0
345,-1.059,0.316,0.000,-147.040,1.568,-1.004,15.0
346,-1.063,0.313,0.000,-147.303,1.609,-1.030,15.0
347,-1.067,0.311,0.000,-147.592,1.661,-1.049,15.0
348,-1.070,0.308,0.000,-147.906,1.705,-1.073,15.0
349,-1.071,0.308,0.000,-148.235,1.687,-1.025,15.0
350,-1.074,0.305,0.000,-148.580,1.666,-1.012,15.0
351,-1.077,0.303,0.000,-148.949,1.659,-0.995,15.0
352,-1.081,0.301,0.000,-149.344,1.663,-0.977,15.0
353,-1.085,0.299,0.000,-149.764,1.674,-0.967,15.0
354,-1.088,0.296,0.000,-150.209,1.692,-0.962,15.0
355,-1.092,0.294,0.000,-150.679,1.720,-0.959,15.0
356,-1.096,0.292,0.000,-151.173,1.756,-0.960,15.0
357,-1.099,0.291,0.000,-151.682,1.760,-0.939,15.0
358,-1.107,0.284,0.000,-152.195,1.774,-0.938,15.0
359,-1.118,0.277,0.000,-152.705,1.774,-0.909,15.0
360,-1.131,0.270,0.000,-153.217,1.781,-0.891,15.0
361,-1.145,0.263,0.000,-153.728,1.797,-0.882,15.0
362,-1.160,0.255,0.000,-154.234,1.802,-0.860,15.0
363,-1.175,0.248,0.000,-154.738,1.808,-0.847,15.0
364,-1.191,0.240,0.000,-155.241,1.816,-0.834,15.0
365,-1.201,0.238,0.000,-155.754,1.798,-0.805,15.0
366,-1.207,0.235,0.000,-156.292,1.772,-0.769,15.0
367,-1.212,0.233,0.000,-156.854,1.749,-0.740,15.0
368,-1.217,0.232,0.000,-157.438,1.730,-0.713,15.0
369,-1.220,0.230,0.000,-158.043,1.717,-0.686,15.0
370,-1.224,0.229,0.000,-158.667,1.711,-0.661,15.0
371,-1.227,0.227,0.000,-159.307,1.711,-0.639,15.0
372,-1.231,0.226,0.000,-159.964,1.720,-0.620,15.0
373,-1.234,0.225,0.000,-160.636,1.739,-0.604,15.0
374,-1.239,0.223,0.000,-161.325,1.767,-0.590,15.0
375,-1.243,0.222,0.000,-162.028,1.805,-0.579,15.0
376,-1.248,0.220,0.000,-162.748,1.852,-0.569,15.0
377,-1.252,0.219,0.000,-163.482,1.909,-0.559,15.0
378,-1.256,0.218,0.000,-164.226,1.926,-0.549,15.0
379,-1.259,0.216,0.000,-164.973,1.903,-0.506,15.0
380,-1.263,0.215,0.000,-165.730,1.894,-0.471,15.0
381,-1.267,0.214,0.000,-166.500,1.892,-0.447,15.0
382,-1.272,0.213,0.000,-167.283,1.900,-0.424,15.0
383,-1.276,0.212,0.000,-168.079,1.918,-0.399,15.0
384,-1.281,0.211,0.000,-168.887,1.945,-0.375,15.0
385,-1.286,0.210,0.000,-169.706,1.974,-0.358,15.0
386,-1.289,0.209,0.000,-170.528,1.966,-0.316,15.0
387,-1.294,0.208,0.000,-171.357,1.965,-0.292,15.0
388,-1.299,0.207,0.000,-172.198,1.975,-0.266,15.0
389,-1.304,0.207,0.000,-173.048,1.986,-0.241,15.0
390,-1.309,0.206,0.000,-173.904,1.985,-0.203,15.0
391,-1.314,0.206,0.000,-174.770,1.991,-0.176,15.0
392,-1.319,0.205,0.000,-175.642,1.992,-0.145,15.0
393,-1.324,0.205,0.000,-176.522,1.995,-0.116,15.0
394,-1.329,0.204,0.000,-177.406,1.996,-0.085,15.0
395,-1.334,0.204,0.000,-178.293,1.997,-0.054,15.0
396,-1.339,0.204,0.000,-179.182,1.998,-0.023,15.0
397,-1.344,0.204,0.000,179.930,1.998,0.008,15.0
398,-1.349,0.204,0.000,179.044,1.998,0.039,15.0
399,-1.354,0.204,0.000,178.160,1.996,0.070,15.0
400,-1.360,0.204,0.000,177.275,1.995,0.100,15.0
401,-1.365,0.205,0.000,176.389,1.993,0.131,15.0
402,-1.370,0.205,0.000,175.501,1.991,0.162,15.0
403,-1.376,0.206,0.000,174.613,1.988,0.193,15.0
404,-1.381,0.206,0.000,173.724,1.985,0.224,15.0
405,-1.387,0.207,0.000,172.834,1.981,0.255,15.0
406,-1.392,0.208,0.000,171.944,1.977,0.285,15.0
407,-1.398,0.209,0.000,171.055,1.973,0.316,15.0
408,-1.403,0.210,0.000,170.167,1.968,0.347,15.0
409,-1.409,0.211,0.000,169.280,1.962,0.377,15.0
410,-1.414,0.212,0.000,168.396,1.956,0.407,15.0
411,-1.419,0.213,0.000,167.515,1.949,0.437,15.0
412,-1.425,0.214,0.000,166.638,1.943,0.467,15.0
413,-1.430,0.216,0.000,165.764,1.935,0.497,15.0
414,-1.435,0.217,0.000,164.896,1.927,0.526,15.0
415,-1.441,0.219,0.000,164.032,1.919,0.555,15.0
416,-1.446,0.221,0.000,163.174,1.911,0.584,15.0
417,-1.451,0.222,0.000,162.322,1.902,0.612,15.0
418,-1.457,0.224,0.000,161.476,1.893,0.640,15.0
419,-1.462,0.226,0.000,160.638,1.883,0.668,15.0
420,-1.467,0.228,0.000,159.808,1.873,0.695,15.0
421,-1.472,0.230,0.000,158.987,1.863,0.721,15.0
422,-1.477,0.232,0.000,158.175,1.853,0.748,15.0
423,-1.482,0.234,0.000,157.373,1.842,0.774,15.0
424,-1.487,0.236,0.000,156.583,1.831,0.799,15.0
425,-1.492,0.238,0.000,155.804,1.820,0.824,15.0
426,-1.497,0.241,0.000,155.037,1.809,0.848,15.0
427,-1.501,0.243,0.000,154.283,1.798,0.872,15.0
428,-1.506,0.245,0.000,153.543,1.786,0.895,15.0
429,-1.510,0.248,0.000,152.817,1.775,0.917,15.0
430,-1.515,0.250,0.000,152.106,1.763,0.939,15.0
431,-1.519,0.252,0.000,151.410,1.752,0.961,15.0
432,-1.524,0.255,0.000,150.730,1.740,0.982,15.0
433,-1.528,0.257,0.000,150.065,1.729,1.002,15.0
434,-1.532,0.260,0.000,149.418,1.717,1.021,15.0
435,-1.536,0.262,0.000,148.787,1.706,1.040,15.0
436,-1.540,0.265,0.000,148.174,1.695,1.058,15.0
437,-1.544,0.267,0.000,147.579,1.684,1.076,15.0
438,-1.548,0.270,0.000,147.002,1.673,1.093,15.0
439,-1.551,0.272,0.000,146.443,1.662,1.109,15.0
440,-1.555,0.275,0.000,145.903,1.651,1.124,15.0
441,-1.559,0.277,0.000,145.382,1.641,1.139,15.0
442,-1.562,0.280,0.000,144.880,1.631,1.154,15.0
443,-1.566,0.282,0.000,144.398,1.621,1.167,15.0
444,-1.569,0.285,0.000,143.936,1.612,1.180,15.0
445,-1.572,0.287,0.000,143.494,1.603,1.193,15.0
446,-1.576,0.290,0.000,143.072,1.594,1.205,15.0
447,-1.579,0.292,0.000,142.670,1.585,1.216,15.0
448,-1.582,0.294,0.000,142.289,1.577,1.226,15.0
449,-1.585,0.297,0.000,141.929,1.570,1.236,15.0
450,-1.588,0.299,0.000,141.589,1.562,1.245,15.0
451,-1.591,0.301,0.000,141.270,1.555,1.254,15.0
452,-1.594,0.304,0.000,140.973,1.549,1.262,15.0
453,-1.596,0.306,0.000,140.696,1.543,1.270,15.0
454,-1.599,0.308,0.000,140.441,1.537,1.276,15.0
455,-1.602,0.311,0.000,140.207,1.532,1.283,15.0
456,-1.604,0.313,0.000,139.994,1.527,1.288,15.0
457,-1.607,0.315,0.000,139.802,1.523,1.294,15.0
458,-1.609,0.317,0.000,139.632,1.519,1.298,15.0
459,-1.612,0.319,0.000,139.483,1.515,1.302,15.0
460,-1.614,0.321,0.000,139.355,1.512,1.305,15.0
461,-1.617,0.323,0.000,139.249,1.510,1.308,15.0
462,-1.619,0.325,0.000,139.163,1.508,1.310,15.0
463,-1.621,0.328,0.000,139.099,1.507,1.312,15.0
464,-1.624,0.330,0.000,139.056,1.506,1.313,15.0
465,-1.626,0.332,0.000,139.032,1.505,1.314,15.0
466,-1.628,0.334,0.000,139.030,1.505,1.314,15.0
467,-1.631,0.336,0.000,139.048,1.505,1.313,15.0
468,-1.633,0.338,0.000,139.086,1.506,1.312,15.0
469,-1.635,0.339,0.000,139.144,1.508,1.311,15.0
470,-1.637,0.341,0.000,139.223,1.509,1.309,15.0
471,-1.639,0.343,0.000,139.321,1.512,1.306,15.0
472,-1.642,0.345,0.000,139.439,1.514,1.303,15.0
473,-1.644,0.347,0.000,139.578,1.517,1.299,15.0
474,-1.646,0.349,0.000,139.735,1.521,1.295,15.0
475,-1.648,0.350,0.000,139.913,1.525,1.291,15.0
476,-1.650,0.352,0.000,140.110,1.530,1.285,15.0
477,-1.652,0.354,0.000,140.326,1.534,1.280,15.0
478,-1.654,0.355,0.000,140.561,1.540,1.273,15.0
479,-1.656,0.357,0.000,140.816,1.545,1.266,15.0
480,-1.658,0.359,0.000,141.089,1.551,1.259,15.0
481,-1.660,0.360,0.000,141.381,1.558,1.251,15.0
482,-1.662,0.362,0.000,141.691,1.564,1.243,15.0
483,-1.664,0.363,0.000,142.020,1.572,1.234,15.0
484,-1.665,0.365,0.000,142.367,1.579,1.224,15.0
485,-1.667,0.366,0.000,142.733,1.587,1.214,15.0
486,-1.669,0.368,0.000,143.116,1.595,1.203,15.0
487,-1.671,0.369,0.000,143.517,1.603,1.192,15.0
488,-1.673,0.371,0.000,143.935,1.612,1.180,15.0
489,-1.675,0.372,0.000,144.371,1.621,1.168,15.0
490,-1.677,0.373,0.000,144.824,1.630,1.155,15.0
491,-1.679,0.375,0.000,145.295,1.639,1.142,15.0
492,-1.681,0.376,0.000,145.781,1.649,1.128,15.0
493,-1.682,0.377,0.000,146.285,1.659,1.113,15.0
494,-1.684,0.379,0.000,146.805,1.669,1.098,15.0
495,-1.686,0.380,0.000,147.342,1.679,1.083,15.0
496,-1.688,0.381,0.000,147.894,1.690,1.066,15.0
497,-1.690,0.382,0.000,148.463,1.700,1.050,15.0
498,-1.692,0.384,0.000,149.048,1.711,1.032,15.0
499,-1.694,0.385,0.000,149.648,1.721,1.014,15.0
500,-1.696,0.386,0.000,150.265,1.732,0.996,15.0
501,-1.698,0.387,0.000,150.896,1.743,0.976,15.0
502,-1.700,0.388,0.000,151.544,1.754,0.957,15.0
503,-1.702,0.389,0.000,152.206,1.765,0.936,15.0
504,-1.704,0.390,0.000,152.883,1.776,0.915,15.0
505,-1.706,0.392,0.000,153.575,1.787,0.894,15.0
506,-1.708,0.393,0.000,154.282,1.798,0.872,15.0
507,-1.710,0.394,0.000,155.003,1.808,0.849,15.0
508,-1.712,0.395,0.000,155.738,1.819,0.826,15.0
509,-1.714,0.396,0.000,156.487,1.830,0.802,15.0
510,-1.717,0.396,0.000,157.249,1.840,0.778,15.0
511,-1.719,0.397,0.000,158.025,1.851,0.753,15.0
512,-1.721,0.398,0.000,158.814,1.861,0.727,15.0
513,-1.723,0.399,0.000,159.616,1.871,0.701,15.0
514,-1.725,0.400,0.000,160.430,1.881,0.674,15.0
515,-1.728,0.401,0.000,161.256,1.890,0.647,15.0
516,-1.730,0.402,0.000,162.095,1.899,0.619,15.0
517,-1.732,0.402,0.000,162.945,1.908,0.591,15.0
518,-1.735,0.403,0.000,163.807,1.917,0.562,15.0
519,-1.737,0.404,0.000,164.679,1.925,0.533,15.0
520,-1.740,0.405,0.000,165.563,1.933,0.503,15.0
521,-1.742,0.405,0.000,166.458,1.941,0.473,15.0
522,-1.745,0.406,0.000,167.363,1.948,0.442,15.0
523,-1.747,0.406,0.000,168.278,1.955,0.411,15.0
524,-1.750,0.407,0.000,169.203,1.961,0.380,15.0
525,-1.752,0.407,0.000,170.137,1.967,0.348,15.0
526,-1.755,0.408,0.000,171.081,1.973,0.315,15.0
527,-1.757,0.408,0.000,172.034,1.978,0.282,15.0
528,-1.760,0.409,0.000,172.996,1.982,0.249,15.0
529,-1.763,0.409,0.000,173.966,1.986,0.215,15.0
530,-1.766,0.409,0.000,174.944,1.990,0.182,15.0
531,-1.768,0.409,0.000,175.930,1.992,0.147,15.0
532,-1.771,0.409,0.000,176.922,1.995,0.113,15.0
533,-1.774,0.410,0.000,177.920,1.996,0.078,15.0
534,-1.777,0.410,0.000,178.922,1.997,0.043,15.0
535,-1.780,0.410,0.000,179.926,1.998,0.008,15.0
536,-1.782,0.410,0.000,-179.070,1.998,-0.027,15.0
537,-1.785,0.409,0.000,-178.065,1.997,-0.062,15.0
538,-1.788,0.409,0.000,-177.058,1.995,-0.097,15.0
539,-1.791,0.409,0.000,-176.045,1.993,-0.132,15.0
540,-1.794,0.409,0.000,-175.028,1.991,-0.168,15.0
541,-1.797,0.409,0.000,-174.005,1.987,-0.203,15.0
542,-1.800,0.408,0.000,-172.977,1.984,-0.239,15.0
543,-1.803,0.408,0.000,-171.944,1.979,-0.274,15.0
544,-1.806,0.407,0.000,-170.906,1.974,-0.310,15.0
545,-1.809,0.407,0.000,-169.864,1.968,-0.346,15.0
546,-1.812,0.406,0.000,-168.818,1.961,-0.382,15.0
547,-1.815,0.406,0.000,-167.768,1.954,-0.418,15.0
548,-1.818,0.405,0.000,-166.715,1.946,-0.454,15.0
549,-1.821,0.404,0.000,-165.659,1.937,-0.489,15.0
550,-1.824,0.403,0.000,-164.600,1.928,-0.525,15.0
551,-1.827,0.402,0.000,-163.540,1.918,-0.561,15.0
552,-1.830,0.401,0.000,-162.477,1.907,-0.596,15.0
553,-1.833,0.400,0.000,-161.413,1.895,-0.631,15.0
554,-1.836,0.399,0.000,-160.349,1.883,-0.666,15.0
555,-1.838,0.398,0.000,-159.283,1.871,-0.701,15.0
556,-1.841,0.397,0.000,-158.217,1.857,-0.736,15.0
557,-1.844,0.396,0.000,-157.151,1.843,-0.770,15.0
558,-1.847,0.394,0.000,-156.086,1.829,-0.805,15.0
559,-1.850,0.393,0.000,-155.021,1.813,-0.838,15.0
560,-1.852,0.392,0.000,-153.958,1.798,-0.872,15.0
561,-1.855,0.390,0.000,-152.895,1.781,-0.905,15.0
562,-1.858,0.389,0.000,-151.835,1.764,-0.938,15.0
563,-1.860,0.387,0.000,-150.777,1.746,-0.970,15.0
564,-1.863,0.386,0.000,-149.721,1.728,-1.002,15.0
565,-1.865,0.384,0.000,-148.669,1.710,-1.034,15.0
566,-1.868,0.382,0.000,-147.619,1.690,-1.065,15.0
567,-1.870,0.381,0.000,-146.573,1.671,-1.096,15.0
568,-1.873,0.379,0.000,-145.530,1.650,-1.126,15.0
569,-1.875,0.377,0.000,-144.492,1.630,-1.156,15.0
570,-1.877,0.376,0.000,-143.458,1.609,-1.185,15.0
571,-1.879,0.374,0.000,-142.429,1.587,-1.214,15.0
572,-1.882,0.372,0.000,-141.405,1.565,-1.242,15.0
573,-1.884,0.370,0.000,-140.385,1.543,-1.269,15.0
574,-1.886,0.368,0.000,-139.372,1.520,-1.296,15.0
575,-1.888,0.366,0.000,-138.364,1.497,-1.323,15.0
576,-1.890,0.365,0.000,-137.362,1.474,-1.349,15.0
577,-1.892,0.363,0.000,-136.367,1.450,-1.374,15.0
578,-1.894,0.361,0.000,-135.377,1.426,-1.399,15.0
579,-1.896,0.359,0.000,-134.395,1.402,-1.423,15.0
580,-1.898,0.357,0.000,-133.419,1.377,-1.447,15.0
581,-1.899,0.355,0.000,-132.451,1.353,-1.470,15.0
582,-1.901,0.353,0.000,-131.490,1.328,-1.493,15.0
583,-1.903,0.351,0.000,-130.536,1.303,-1.515,15.0
584,-1.904,0.349,0.000,-129.591,1.278,-1.536,15.0
585,-1.906,0.347,0.000,-128.653,1.252,-1.557,15.0
586,-1.907,0.345,0.000,-127.723,1.227,-1.577,15.0
587,-1.909,0.343,0.000,-126.801,1.202,-1.596,15.0
588,-1.910,0.341,0.000,-125.888,1.176,-1.615,15.0
589,-1.912,0.339,0.000,-124.984,1.150,-1.633,15.0
590,-1.913,0.337,0.000,-124.088,1.125,-1.651,15.0
591,-1.914,0.336,0.000,-123.201,1.099,-1.668,15.0
592,-1.916,0.334,0.000,-122.323,1.073,-1.685,15.0
593,-1.917,0.332,0.000,-121.454,1.048,-1.701,15.0
594,-1.918,0.330,0.000,-120.594,1.022,-1.717,15.0
595,-1.919,0.328,0.000,-119.744,0.996,-1.732,15.0
596,-1.920,0.326,0.000,-118.903,0.971,-1.746,15.0
597,-1.921,0.324,0.000,-118.071,0.945,-1.760,15.0
598,-1.922,0.323,0.000,-117.249,0.920,-1.773,15.0
599,-1.923,0.321,0.000,-116.437,0.895,-1.786,15.0
600,-1.924,0.319,0.000,-115.635,0.870,-1.799,15.0
601,-1.925,0.317,0.000,-114.843,0.845,-1.810,15.0
602,-1.925,0.316,0.000,-114.060,0.820,-1.822,15.0
603,-1.926,0.314,0.000,-113.288,0.795,-1.833,15.0
604,-1.927,0.312,0.000,-112.525,0.771,-1.843,15.0
605,-1.928,0.311,0.000,-111.773,0.746,-1.853,15.0
606,-1.928,0.309,0.000,-111.030,0.722,-1.863,15.0
607,-1.929,0.307,0.000,-110.298,0.699,-1.872,15.0
608,-1.930,0.306,0.000,-109.576,0.675,-1.880,15.0
609,-1.930,0.304,0.000,-108.865,0.651,-1.889,15.0
610,-1.931,0.303,0.000,-108.163,0.628,-1.896,15.0
611,-1.931,0.301,0.000,-107.472,0.605,-1.904,15.0
612,-1.932,0.300,0.000,-106.791,0.583,-1.911,15.0
613,-1.932,0.298,0.000,-106.121,0.560,-1.918,15.0
614,-1.933,0.297,0.000,-105.460,0.538,-1.924,15.0
615,-1.933,0.295,0.000,-104.811,0.516,-1.930,15.0
616,-1.933,0.294,0.000,-104.171,0.495,-1.936,15.0
617,-1.934,0.293,0.000,-103.542,0.473,-1.941,15.0
618,-1.934,0.291,0.000,-102.923,0.452,-1.946,15.0
619,-1.935,0.290,0.000,-102.314,0.432,-1.951,15.0
620,-1.935,0.289,0.000,-101.715,0.411,-1.955,15.0
621,-1.935,0.287,0.000,-101.127,0.391,-1.959,15.0
622,-1.935,0.286,0.000,-100.549,0.371,-1.963,15.0
623,-1.936,0.285,0.000,-99.981,0.352,-1.967,15.0
624,-1.936,0.284,0.000,-99.423,0.333,-1.970,15.0
625,-1.936,0.283,0.000,-98.875,0.314,-1.973,15.0
626,-1.936,0.282,0.000,-98.338,0.295,-1.976,15.0
627,-1.936,0.280,0.000,-97.810,0.277,-1.978,15.0
628,-1.937,0.279,0.000,-97.292,0.259,-1.981,15.0
629,-1.937,0.278,0.000,-96.784,0.242,-1.983,15.0
630,-1.937,0.277,0.000,-96.286,0.224,-1.985,15.0
631,-1.937,0.276,0.000,-95.798,0.207,-1.987,15.0
632,-1.937,0.275,0.000,-95.319,0.191,-1.989,15.0
633,-1.937,0.274,0.000,-94.850,0.175,-1.990,15.0
634,-1.937,0.273,0.000,-94.390,0.159,-1.991,15.0
635,-1.937,0.273,0.000,-93.940,0.143,-1.993,15.0
636,-1.938,0.272,0.000,-93.499,0.128,-1.994,15.0
637,-1.938,0.271,0.000,-93.066,0.112,-1.995,15.0
638,-1.938,0.270,0.000,-92.643,0.098,-1.995,15.0
639,-1.938,0.269,0.000,-92.228,0.083,-1.996,15.0
640,-1.938,0.268,0.000,-91.821,0.069,-1.997,15.0
641,-1.938,0.268,0.000,-91.422,0.055,-1.997,15.0
642,-1.938,0.267,0.000,-91.030,0.042,-1.997,15.0
643,-1.938,0.266,0.000,-90.645,0.028,-1.998,15.0
644,-1.938,0.265,0.000,-90.267,0.015,-1.998,15.0
645,-1.938,0.265,0.000,-89.895,0.002,-1.998,15.0
646,-1.938,0.264,0.000,-89.529,-0.011,-1.998,15.0
647,-1.938,0.263,0.000,-89.169,-0.023,-1.998,15.0
648,-1.938,0.263,0.000,-88.815,-0.036,-1.997,15.0
649,-1.938,0.262,0.000,-88.468,-0.048,-1.997,15.0
650,-1.938,0.261,0.000,-88.129,-0.060,-1.997,15.0
651,-1.938,0.261,0.000,-87.797,-0.071,-1.997,15.0
652,-1.938,0.260,0.000,-87.472,-0.083,-1.996,15.0
653,-1.938,0.260,0.000,-87.155,-0.094,-1.996,15.0
654,-1.938,0.259,0.000,-86.846,-0.104,-1.995,15.0
655,-1.937,0.259,0.000,-86.545,-0.115,-1.994,15.0
656,-1.937,0.258,0.000,-86.252,-0.125,-1.994,15.0
657,-1.937,0.257,0.000,-85.968,-0.135,-1.993,15.0
658,-1.937,0.257,0.000,-85.691,-0.145,-1.993,15.0
659,-1.937,0.257,0.000,-85.422,-0.154,-1.992,15.0
660,-1.937,0.256,0.000,-85.162,-0.163,-1.991,15.0
661,-1.937,0.256,0.000,-84.910,-0.172,-1.990,15.0
662,-1.937,0.255,0.000,-84.665,-0.180,-1.990,15.0
663,-1.937,0.255,0.000,-84.429,-0.188,-1.989,15.0
664,-1.937,0.254,0.000,-84.201,-0.196,-1.988,15.0
665,-1.937,0.254,0.000,-83.981,-0.204,-1.987,15.0
666,-1.937,0.254,0.000,-83.768,-0.211,-1.987,15.0
667,-1.936,0.253,0.000,-83.564,-0.218,-1.986,15.0
668,-1.936,0.253,0.000,-83.367,-0.225,-1.985,15.0
669,-1.936,0.253,0.000,-83.178,-0.232,-1.984,15.0
670,-1.936,0.252,0.000,-82.996,-0.238,-1.984,15.0
671,-1.936,0.252,0.000,-82.823,-0.244,-1.983,15.0
672,-1.936,0.252,0.000,-82.656,-0.250,-1.982,15.0
673,-1.936,0.251,0.000,-82.498,-0.255,-1.981,15.0
674,-1.936,0.251,0.000,-82.346,-0.261,-1.981,15.0
675,-1.936,0.251,0.000,-82.202,-0.266,-1.980,15.0
676,-1.936,0.250,0.000,-82.065,-0.270,-1.979,15.0
677,-1.936,0.250,0.000,-81.936,-0.275,-1.979,15.0
678,-1.935,0.250,0.000,-81.813,-0.279,-1.978,15.0
679,-1.935,0.250,0.000,-81.697,-0.283,-1.978,15.0
680,-1.935,0.249,0.000,-81.589,-0.287,-1.977,15.0
681,-1.935,0.249,0.000,-81.487,-0.290,-1.977,15.0
682,-1.935,0.249,0.000,-81.392,-0.294,-1.976,15.0
683,-1.935,0.249,0.000,-81.304,-0.297,-1.976,15.0
684,-1.935,0.248,0.000,-81.222,-0.299,-1.975,15.0
685,-1.935,0.248,0.000,-81.147,-0.302,-1.975,15.0
686,-1.935,0.248,0.000,-81.078,-0.304,-1.974,15.0
687,-1.935,0.248,0.000,-81.016,-0.307,-1.974,15.0
688,-1.935,0.248,0.000,-80.961,-0.308,-1.974,15.0
689,-1.934,0.247,0.000,-80.911,-0.310,-1.974,15.0
690,-1.934,0.247,0.000,-80.868,-0.312,-1.973,15.0
691,-1.934,0.247,0.000,-80.831,-0.313,-1.973,15.0
692,-1.934,0.247,0.000,-80.800,-0.314,-1.973,15.0
693,-1.934,0.247,0.000,-80.775,-0.315,-1.973,15.0
694,-1.934,0.247,0.000,-80.755,-0.316,-1.973,15.0
695,-1.934,0.246,0.000,-80.742,-0.316,-1.973,15.0
696,-1.934,0.246,0.000,-80.735,-0.316,-1.973,15.0
697,-1.934,0.246,0.000,-80.733,-0.316,-1.973,15.0
698,-1.934,0.246,0.000,-80.737,-0.316,-1.973,15.0
699,-1.934,0.246,0.000,-80.747,-0.316,-1.973,15.0
700,-1.934,0.245,0.000,-80.762,-0.315,-1.973,15.0
701,-1.934,0.245,0.000,-80.783,-0.315,-1.973,15.0
702,-1.933,0.245,0.000,-80.809,-0.314,-1.973,15.0
703,-1.933,0.245,0.000,-80.841,-0.313,-1.973,15.0
704,-1.933,0.245,0.000,-80.878,-0.311,-1.973,15.0
705,-1.933,0.245,0.000,-80.920,-0.310,-1.974,15.0
706,-1.933,0.244,0.000,-80.968,-0.308,-1.974,15.0
707,-1.933,0.244,0.000,-81.020,-0.306,-1.974,15.0
708,-1.933,0.244,0.000,-81.078,-0.304,-1.974,15.0
709,-1.933,0.244,0.000,-81.141,-0.302,-1.975,15.0
710,-1.933,0.244,0.000,-81.209,-0.300,-1.975,15.0
711,-1.933,0.244,0.000,-81.282,-0.297,-1.976,15.0
712,-1.933,0.244,0.000,-81.360,-0.295,-1.976,15.0
713,-1.933,0.243,0.000,-81.442,-0.292,-1.976,15.0
714,-1.933,0.243,0.000,-81.530,-0.289,-1.977,15.0
715,-1.933,0.243,0.000,-81.622,-0.286,-1.977,15.0
716,-1.933,0.243,0.000,-81.719,-0.282,-1.978,15.0
717,-1.932,0.243,0.000,-81.820,-0.279,-1.978,15.0
718,-1.932,0.243,0.000,-81.926,-0.275,-1.979,15.0
719,-1.932,0.243,0.000,-82.037,-0.271,-1.979,15.0
720,-1.932,0.242,0.000,-82.152,-0.267,-1.980,15.0
721,-1.932,0.242,0.000,-82.271,-0.263,-1.980,15.0
722,-1.932,0.242,0.000,-82.395,-0.259,-1.981,15.0
723,-1.932,0.242,0.000,-82.523,-0.255,-1.982,15.0
724,-1.932,0.242,0.000,-82.655,-0.250,-1.982,15.0
725,-1.932,0.242,0.000,-82.792,-0.245,-1.983,15.0
726,-1.932,0.242,0.000,-82.933,-0.240,-1.983,15.0
727,-1.932,0.241,0.000,-83.078,-0.235,-1.984,15.0
728,-1.932,0.241,0.000,-83.227,-0.230,-1.984,15.0
729,-1.932,0.241,0.000,-83.380,-0.225,-1.985,15.0
730,-1.932,0.241,0.000,-83.537,-0.219,-1.986,15.0
731,-1.932,0.241,0.000,-83.697,-0.214,-1.986,15.0
732,-1.932,0.241,0.000,-83.862,-0.208,-1.987,15.0
733,-1.932,0.241,0.000,-84.030,-0.202,-1.988,15.0
734,-1.932,0.240,0.000,-84.203,-0.196,-1.988,15.0
735,-1.931,0.240,0.000,-84.378,-0.190,-1.989,15.0
736,-1.931,0.240,0.000,-84.558,-0.184,-1.989,15.0
737,-1.931,0.240,0.000,-84.741,-0.178,-1.990,15.0
738,-1.931,0.240,0.000,-84.927,-0.171,-1.990,15.0
739,-1.931,0.240,0.000,-85.117,-0.165,-1.991,15.0
740,-1.931,0.240,0.000,-85.310,-0.158,-1.992,15.0
741,-1.931,0.239,0.000,-85.507,-0.151,-1.992,15.0
742,-1.931,0.239,0.000,-85.707,-0.144,-1.993,15.0
743,-1.931,0.239,0.000,-85.909,-0.137,-1.993,15.0
744,-1.931,0.239,0.000,-86.115,-0.130,-1.994,15.0
745,-1.931,0.239,0.000,-86.324,-0.123,-1.994,15.0
746,-1.931,0.239,0.000,-86.536,-0.115,-1.994,15.0
747,-1.931,0.239,0.000,-86.751,-0.108,-1.995,15.0
748,-1.931,0.238,0.000,-86.968,-0.100,-1.995,15.0
749,-1.931,0.238,0.000,-87.187,-0.092,-1.996,15.0
750,-1.931,0.238,0.000,-87.410,-0.085,-1.996,15.0
751,-1.931,0.238,0.000,-87.634,-0.077,-1.996,15.0
752,-1.931,0.238,0.000,-87.861,-0.069,-1.997,15.0
753,-1.931,0.238,0.000,-88.089,-0.061,-1.997,15.0
754,-1.931,0.237,0.000,-88.319,-0.053,-1.997,15.0
755,-1.931,0.237,0.000,-88.551,-0.045,-1.997,15.0
756,-1.931,0.237,0.000,-88.784,-0.037,-1.997,15.0
757,-1.931,0.237,0.000,-89.017,-0.029,-1.998,15.0
758,-1.931,0.237,0.000,-89.252,-0.021,-1.998,15.0
759,-1.931,0.237,0.000,-89.487,-0.012,-1.998,15.0
760,-1.931,0.237,0.000,-89.723,-0.004,-1.998,15.0
761,-1.931,0.236,0.000,-89.958,0.004,-1.998,15.0
762,-1.931,0.236,0.000,-90.194,0.012,-1.998,15.0
763,-1.931,0.236,0.000,-90.430,0.021,-1.998,15.0
764,-1.931,0.236,0.000,-90.667,0.029,-1.998,15.0
765,-1.931,0.236,0.000,-90.903,0.037,-1.997,15.0
766,-1.931,0.236,0.000,-91.141,0.045,-1.997,15.0
767,-1.931,0.235,0.000,-91.379,0.054,-1.997,15.0
768,-1.931,0.235,0.000,-91.618,0.062,-1.997,15.0
769,-1.931,0.235,0.000,-91.859,0.070,-1.997,15.0
770,-1.931,0.235,0.000,-92.102,0.079,-1.996,15.0
771,-1.931,0.235,0.000,-92.346,0.087,-1.996,15.0
772,-1.931,0.235,0.000,-92.592,0.096,-1.995,15.0
773,-1.931,0.235,0.000,-92.839,0.105,-1.995,15.0
774,-1.931,0.234,0.000,-93.089,0.113,-1.995,15.0
775,-1.931,0.234,0.000,-93.341,0.122,-1.994,15.0
776,-1.931,0.234,0.000,-93.596,0.131,-1.993,15.0
777,-1.931,0.234,0.000,-93.852,0.140,-1.993,15.0
778,-1.931,0.234,0.000,-94.111,0.149,-1.992,15.0
779,-1.931,0.234,0.000,-94.372,0.158,-1.992,15.0
780,-1.931,0.233,0.000,-94.636,0.167,-1.991,15.0
781,-1.931,0.233,0.000,-94.902,0.176,-1.990,15.0
782,-1.931,0.233,0.000,-95.170,0.186,-1.989,15.0
783,-1.931,0.233,0.000,-95.441,0.195,-1.988,15.0
784,-1.932,0.233,0.000,-95.714,0.205,-1.987,15.0
785,-1.932,0.233,0.000,-95.989,0.214,-1.986,15.0
786,-1.932,0.232,0.000,-96.267,0.224,-1.985,15.0
787,-1.932,0.232,0.000,-96.547,0.233,-1.984,15.0
788,-1.932,0.232,0.000,-96.829,0.243,-1.983,15.0
789,-1.932,0.232,0.000,-97.114,0.253,-1.982,15.0
790,-1.932,0.232,0.000,-97.400,0.263,-1.980,15.0
791,-1.932,0.232,0.000,-97.690,0.273,-1.979,15.0
792,-1.932,0.231,0.000,-97.981,0.283,-1.978,15.0
793,-1.932,0.231,0.000,-98.275,0.293,-1.976,15.0
794,-1.932,0.231,0.000,-98.570,0.303,-1.975,15.0
795,-1.932,0.231,0.000,-98.868,0.314,-1.973,15.0
796,-1.932,0.231,0.000,-99.168,0.324,-1.971,15.0
797,-1.932,0.230,0.000,-99.470,0.334,-1.970,15.0
798,-1.933,0.230,0.000,-99.775,0.345,-1.968,15.0
799,-1.933,0.230,0.000,-100.081,0.355,-1.966,15.0
800,-1.933,0.230,0.000,-100.389,0.366,-1.964,15.0
801,-1.933,0.230,0.000,-100.699,0.377,-1.962,15.0
802,-1.933,0.229,0.000,-101.012,0.387,-1.960,15.0
803,-1.933,0.229,0.000,-101.326,0.398,-1.958,15.0
804,-1.933,0.229,0.000,-101.642,0.409,-1.956,15.0
805,-1.933,0.229,0.000,-101.959,0.420,-1.953,15.0
806,-1.933,0.229,0.000,-102.279,0.430,-1.951,15.0
807,-1.933,0.228,0.000,-102.600,0.441,-1.948,15.0
808,-1.934,0.228,0.000,-102.924,0.452,-1.946,15.0
809,-1.934,0.228,0.000,-103.249,0.463,-1.943,15.0
810,-1.934,0.228,0.000,-103.575,0.475,-1.941,15.0
811,-1.934,0.227,0.000,-103.903,0.486,-1.938,15.0
812,-1.934,0.227,0.000,-104.233,0.497,-1.935,15.0
813,-1.934,0.227,0.000,-104.565,0.508,-1.932,15.0
814,-1.934,0.227,0.000,-104.898,0.519,-1.929,15.0
815,-1.935,0.227,0.000,-105.232,0.530,-1.926,15.0
816,-1.935,0.226,0.000,-105.568,0.542,-1.923,15.0
817,-1.935,0.226,0.000,-105.905,0.553,-1.920,15.0
818,-1.935,0.226,0.000,-106.244,0.564,-1.916,15.0
819,-1.935,0.226,0.000,-106.584,0.576,-1.913,15.0
820,-1.935,0.225,0.000,-106.926,0.587,-1.910,15.0
821,-1.935,0.225,0.000,-107.269,0.599,-1.906,15.0
822,-1.936,0.225,0.000,-107.613,0.610,-1.902,15.0
823,-1.936,0.225,0.000,-107.959,0.622,-1.899,15.0
824,-1.936,0.225,0.000,-108.305,0.633,-1.895,15.0
825,-1.936,0.224,0.000,-108.653,0.644,-1.891,15.0
826,-1.936,0.224,0.000,-109.002,0.656,-1.887,15.0
827,-1.936,0.224,0.000,-109.352,0.668,-1.883,15.0
828,-1.937,0.224,0.000,-109.703,0.679,-1.879,15.0
829,-1.937,0.223,0.000,-110.056,0.691,-1.875,15.0
830,-1.937,0.223,0.000,-110.409,0.702,-1.870,15.0
831,-1.937,0.223,0.000,-110.763,0.714,-1.866,15.0
832,-1.937,0.223,0.000,-111.118,0.725,-1.862,15.0
833,-1.937,0.222,0.000,-111.474,0.737,-1.857,15.0
834,-1.938,0.222,0.000,-111.831,0.748,-1.852,15.0
835,-1.938,0.222,0.000,-112.189,0.760,-1.848,15.0
836,-1.938,0.222,0.000,-112.548,0.771,-1.843,15.0
837,-1.938,0.221,0.000,-112.908,0.783,-1.838,15.0
838,-1.938,0.221,0.000,-113.268,0.795,-1.833,15.0
839,-1.939,0.221,0.000,-113.629,0.806,-1.828,15.0
840,-1.939,0.221,0.000,-113.990,0.818,-1.823,15.0
841,-1.939,0.220,0.000,-114.353,0.829,-1.818,15.0
842,-1.939,0.220,0.000,-114.716,0.841,-1.812,15.0
843,-1.940,0.220,0.000,-115.079,0.852,-1.807,15.0
844,-1.940,0.219,0.000,-115.443,0.864,-1.802,15.0
845,-1.940,0.219,0.000,-115.808,0.875,-1.796,15.0
846,-1.940,0.219,0.000,-116.173,0.886,-1.790,15.0
847,-1.940,0.219,0.000,-116.539,0.898,-1.785,15.0
848,-1.941,0.218,0.000,-116.905,0.909,-1.779,15.0
849,-1.941,0.218,0.000,-117.272,0.921,-1.773,15.0
850,-1.941,0.218,0.000,-117.639,0.932,-1.767,15.0
851,-1.941,0.218,0.000,-118.006,0.943,-1.761,15.0
852,-1.942,0.217,0.000,-118.374,0.955,-1.755,15.0
853,-1.942,0.217,0.000,-118.742,0.966,-1.749,15.0
854,-1.942,0.217,0.000,-119.110,0.977,-1.743,15.0
855,-1.942,0.217,0.000,-119.479,0.988,-1.736,15.0
856,-1.943,0.216,0.000,-119.847,0.999,-1.730,15.0
857,-1.943,0.216,0.000,-120.216,1.011,-1.723,15.0
858,-1.943,0.216,0.000,-120.585,1.022,-1.717,15.0
859,-1.943,0.215,0.000,-120.955,1.033,-1.710,15.0
860,-1.944,0.215,0.000,-121.324,1.044,-1.704,15.0
861,-1.944,0.215,0.000,-121.693,1.055,-1.697,15.0
862,-1.944,0.215,0.000,-122.063,1.066,-1.690,15.0
863,-1.944,0.214,0.000,-122.432,1.076,-1.683,15.0
864,-1.945,0.214,0.000,-122.802,1.087,-1.676,15.0
865,-1.945,0.214,0.000,-123.171,1.098,-1.669,15.0
866,-1.945,0.214,0.000,-123.541,1.109,-1.662,15.0
867,-1.946,0.213,0.000,-123.910,1.119,-1.655,15.0
868,-1.946,0.213,0.000,-124.280,1.130,-1.648,15.0
869,-1.946,0.213,0.000,-124.649,1.141,-1.640,15.0
870,-1.946,0.213,0.000,-125.018,1.151,-1.633,15.0
871,-1.947,0.212,0.000,-125.387,1.162,-1.625,15.0
872,-1.947,0.212,0.000,-125.756,1.172,-1.618,15.0
873,-1.947,0.212,0.000,-126.124,1.183,-1.610,15.0
874,-1.947,0.211,0.000,-126.492,1.193,-1.603,15.0
875,-1.948,0.211,0.000,-126.860,1.203,-1.595,15.0
876,-1.948,0.211,0.000,-127.228,1.213,-1.587,15.0
877,-1.948,0.211,0.000,-127.596,1.224,-1.579,15.0
878,-1.949,0.210,0.000,-127.963,1.234,-1.572,15.0
879,-1.949,0.210,0.000,-128.330,1.244,-1.564,15.0
880,-1.949,0.210,0.000,-128.696,1.254,-1.556,15.0
881,-1.949,0.210,0.000,-129.062,1.264,-1.548,15.0
882,-1.950,0.209,0.000,-129.428,1.273,-1.539,15.0
883,-1.950,0.209,0.000,-129.793,1.283,-1.531,15.0
884,-1.950,0.209,0.000,-130.158,1.293,-1.523,15.0
885,-1.951,0.209,0.000,-130.522,1.303,-1.515,15.0
886,-1.951,0.208,0.000,-130.886,1.312,-1.507,15.0
887,-1.951,0.208,0.000,-131.249,1.322,-1.498,15.0
888,-1.952,0.208,0.000,-131.612,1.331,-1.490,15.0
889,-1.952,0.208,0.000,-131.975,1.341,-1.481,15.0
890,-1.952,0.207,0.000,-132.336,1.350,-1.473,15.0
891,-1.952,0.207,0.000,-132.698,1.359,-1.464,15.0
892,-1.953,0.207,0.000,-133.058,1.368,-1.456,15.0
893,-1.953,0.207,0.000,-133.418,1.377,-1.447,15.0
894,-1.953,0.206,0.000,-133.778,1.387,-1.438,15.0
895,-1.954,0.206,0.000,-134.136,1.395,-1.430,15.0
896,-1.954,0.206,0.000,-134.495,1.404,-1.421,15.0
897,-1.954,0.206,0.000,-134.852,1.413,-1.412,15.0
898,-1.954,0.205,0.000,-135.209,1.422,-1.403,15.0
899,-1.955,0.205,0.000,-135.565,1.431,-1.395,15.0
900,-1.955,0.205,0.000,-135.920,1.439,-1.386,15.0
901,-1.955,0.205,0.000,-136.275,1.448,-1.377,15.0
902,-1.956,0.205,0.000,-136.629,1.456,-1.368,15.0
903,-1.956,0.204,0.000,-136.982,1.465,-1.359,15.0
904,-1.956,0.204,0.000,-137.335,1.473,-1.350,15.0
905,-1.957,0.204,0.000,-137.687,1.481,-1.341,15.0
906,-1.957,0.204,0.000,-138.037,1.490,-1.331,15.0
907,-1.957,0.203,0.000,-138.388,1.498,-1.322,15.0
908,-1.957,0.203,0.000,-138.737,1.506,-1.313,15.0
909,-1.958,0.203,0.000,-139.086,1.514,-1.304,15.0
910,-1.958,0.203,0.000,-139.433,1.521,-1.295,15.0
911,-1.958,0.203,0.000,-139.780,1.529,-1.286,15.0
912,-1.959,0.202,0.000,-140.126,1.537,-1.276,15.0
913,-1.959,0.202,0.000,-140.471,1.545,-1.267,15.0
914,-1.959,0.202,0.000,-140.816,1.552,-1.258,15.0
915,-1.959,0.202,0.000,-141.159,1.560,-1.248,15.0
916,-1.960,0.201,0.000,-141.502,1.567,-1.239,15.0
917,-1.960,0.201,0.000,-141.844,1.575,-1.230,15.0
918,-1.960,0.201,0.000,-142.184,1.582,-1.220,15.0
919,-1.961,0.201,0.000,-142.524,1.589,-1.211,15.0
920,-1.961,0.201,0.000,-142.863,1.596,-1.201,15.0
921,-1.961,0.200,0.000,-143.201,1.603,-1.192,15.0
922,-1.961,0.200,0.000,-143.539,1.610,-1.183,15.0
923,-1.962,0.200,0.000,-143.875,1.617,-1.173,15.0
924,-1.962,0.200,0.000,-144.210,1.624,-1.164,15.0
925,-1.962,0.200,0.000,-144.544,1.631,-1.154,15.0
926,-1.963,0.199,0.000,-144.878,1.637,-1.145,15.0
927,-1.963,0.199,0.000,-145.210,1.644,-1.135,15.0
928,-1.963,0.199,0.000,-145.542,1.651,-1.126,15.0
929,-1.963,0.199,0.000,-145.872,1.657,-1.116,15.0
930,-1.964,0.199,0.000,-146.202,1.663,-1.107,15.0
931,-1.964,0.199,0.000,-146.530,1.670,-1.097,15.0
932,-1.964,0.198,0.000,-146.858,1.676,-1.087,15.0
933,-1.965,0.198,0.000,-147.185,1.682,-1.078,15.0
934,-1.965,0.198,0.000,-147.510,1.688,-1.068,15.0
935,-1.965,0.198,0.000,-147.835,1.694,-1.059,15.0
936,-1.965,0.198,0.000,-148.159,1.700,-1.049,15.0
937,-1.966,0.197,0.000,-148.481,1.706,-1.039,15.0
938,-1.966,0.197,0.000,-148.803,1.712,-1.030,15.0
939,-1.966,0.197,0.000,-149.123,1.718,-1.020,15.0
940,-1.966,0.197,0.000,-149.443,1.723,-1.011,15.0
941,-1.967,0.197,0.000,-149.762,1.729,-1.001,15.0
942,-1.967,0.197,0.000,-150.079,1.734,-0.991,15.0
943,-1.967,0.196,0.000,-150.396,1.740,-0.982,15.0
944,-1.967,0.196,0.000,-150.711,1.745,-0.972,15.0
945,-1.968,0.196,0.000,-151.026,1.751,-0.963,15.0
946,-1.968,0.196,0.000,-151.340,1.756,-0.953,15.0
947,-1.968,0.196,0.000,-151.652,1.761,-0.944,15.0
948,-1.968,0.196,0.000,-151.964,1.766,-0.934,15.0
949,-1.969,0.195,0.000,-152.274,1.771,-0.924,15.0
950,-1.969,0.195,0.000,-152.584,1.776,-0.915,15.0
951,-1.969,0.195,0.000,-152.892,1.781,-0.905,15.0
952,-1.969,0.195,0.000,-153.199,1.786,-0.896,15.0
953,-1.970,0.195,0.000,-153.506,1.791,-0.886,15.0
954,-1.970,0.195,0.000,-153.811,1.795,-0.877,15.0
955,-1.970,0.195,0.000,-154.116,1.800,-0.867,15.0
956,-1.970,0.194,0.000,-154.419,1.804,-0.857,15.0
957,-1.971,0.194,0.000,-154.721,1.809,-0.848,15.0
958,-1.971,0.194,0.000,-155.022,1.813,-0.838,15.0
959,-1.971,0.194,0.000,-155.323,1.818,-0.829,15.0
960,-1.971,0.194,0.000,-155.622,1.822,-0.819,15.0
961,-1.972,0.194,0.000,-155.920,1.826,-0.810,15.0
962,-1.972,0.194,0.000,-156.217,1.830,-0.800,15.0
963,-1.972,0.193,0.000,-156.514,1.835,-0.791,15.0
964,-1.972,0.193,0.000,-156.809,1.839,-0.781,15.0
965,-1.973,0.193,0.000,-157.103,1.843,-0.772,15.0
966,-1.973,0.193,0.000,-157.396,1.847,-0.763,15.0
967,-1.973,0.193,0.000,-157.688,1.850,-0.753,15.0
968,-1.973,0.193,0.000,-157.979,1.854,-0.744,15.0
969,-1.973,0.193,0.000,-158.269,1.858,-0.734,15.0
970,-1.974,0.193,0.000,-158.559,1.862,-0.725,15.0
971,-1.974,0.192,0.000,-158.847,1.865,-0.716,15.0
972,-1.974,0.192,0.000,-159.134,1.869,-0.706,15.0
973,-1.974,0.192,0.000,-159.420,1.872,-0.697,15.0
974,-1.974,0.192,0.000,-159.705,1.876,-0.688,15.0
975,-1.975,0.192,0.000,-159.989,1.879,-0.678,15.0
976,-1.975,0.192,0.000,-160.272,1.882,-0.669,15.0
977,-1.975,0.192,0.000,-160.554,1.886,-0.660,15.0
978,-1.975,0.192,0.000,-160.835,1.889,-0.650,15.0
979,-1.976,0.192,0.000,-161.116,1.892,-0.641,15.0
980,-1.976,0.191,0.000,-161.395,1.895,-0.632,15.0
981,-1.976,0.191,0.000,-161.673,1.898,-0.623,15.0
982,-1.976,0.191,0.000,-161.950,1.901,-0.614,15.0
983,-1.976,0.191,0.000,-162.226,1.904,-0.604,15.0
984,-1.977,0.191,0.000,-162.502,1.907,-0.595,15.0
985,-1.977,0.191,0.000,-162.776,1.910,-0.586,15.0
986,-1.977,0.191,0.000,-163.049,1.913,-0.577,15.0
987,-1.977,0.191,0.000,-163.321,1.915,-0.568,15.0
988,-1.977,0.191,0.000,-163.593,1.918,-0.559,15.0
989,-1.978,0.191,0.000,-163.863,1.921,-0.550,15.0
990,-1.978,0.190,0.000,-164.133,1.923,-0.541,15.0
991,-1.978,0.190,0.000,-164.401,1.926,-0.532,15.0
992,-1.978,0.190,0.000,-164.669,1.928,-0.523,15.0
993,-1.978,0.190,0.000,-164.935,1.931,-0.514,15.0
994,-1.979,0.190,0.000,-165.201,1.933,-0.505,15.0
995,-1.979,0.190,0.000,-165.466,1.935,-0.496,15.0
996,-1.979,0.190,0.000,-165.730,1.938,-0.487,15.0
997,-1.979,0.190,0.000,-165.993,1.940,-0.478,15.0
998,-1.979,0.190,0.000,-166.254,1.942,-0.469,15.0
999,-1.979,0.190,0.000,-166.515,1.944,-0.460,15.0
1000,-1.980,0.190,0.000,-166.776,1.946,-0.452,15.0
1001,-1.980,0.189,0.000,-167.035,1.948,-0.443,15.0
1002,-1.980,0.189,0.000,-167.293,1.950,-0.434,15.0
1003,-1.980,0.189,0.000,-167.550,1.952,-0.425,15.0
1004,-1.980,0.189,0.000,-167.807,1.954,-0.416,15.0
1005,-1.981,0.189,0.000,-168.062,1.956,-0.408,15.0
1006,-1.981,0.189,0.000,-168.317,1.958,-0.399,15.0
1007,-1.981,0.189,0.000,-168.570,1.959,-0.390,15.0
1008,-1.981,0.189,0.000,-168.823,1.961,-0.382,15.0
1009,-1.981,0.189,0.000,-169.075,1.963,-0.373,15.0
1010,-1.981,0.189,0.000,-169.326,1.964,-0.364,15.0
1011,-1.982,0.189,0.000,-169.576,1.966,-0.356,15.0
1012,-1.982,0.189,0.000,-169.825,1.967,-0.347,15.0
1013,-1.982,0.189,0.000,-170.073,1.969,-0.339,15.0
1014,-1.982,0.189,0.000,-170.321,1.970,-0.330,15.0
1015,-1.982,0.189,0.000,-170.567,1.972,-0.322,15.0
1016,-1.982,0.188,0.000,-170.813,1.973,-0.313,15.0
1017,-1.983,0.188,0.000,-171.057,1.974,-0.305,15.0
1018,-1.983,0.188,0.000,-171.301,1.976,-0.297,15.0
1019,-1.983,0.188,0.000,-171.544,1.977,-0.288,15.0
1020,-1.983,0.188,0.000,-171.786,1.978,-0.280,15.0
1021,-1.983,0.188,0.000,-172.027,1.979,-0.272,15.0
1022,-1.983,0.188,0.000,-172.268,1.980,-0.263,15.0
1023,-1.983,0.188,0.000,-172.507,1.981,-0.255,15.0
1024,-1.984,0.188,0.000,-172.745,1.982,-0.247,15.0
1025,-1.984,0.188,0.000,-172.983,1.984,-0.238,15.0
1026,-1.984,0.188,0.000,-173.220,1.984,-0.230,15.0
1027,-1.984,0.188,0.000,-173.456,1.985,-0.222,15.0
1028,-1.984,0.188,0.000,-173.691,1.986,-0.214,15.0
1029,-1.984,0.188,0.000,-173.925,1.987,-0.206,15.0
1030,-1.985,0.188,0.000,-174.158,1.988,-0.198,15.0
1031,-1.985,0.188,0.000,-174.390,1.989,-0.190,15.0
1032,-1.985,0.188,0.000,-174.621,1.990,-0.182,15.0
1033,-1.985,0.188,0.000,-174.852,1.990,-0.174,15.0
1034,-1.985,0.188,0.000,-175.081,1.991,-0.166,15.0
1035,-1.985,0.188,0.000,-175.310,1.992,-0.158,15.0
1036,-1.985,0.188,0.000,-175.538,1.992,-0.150,15.0
1037,-1.986,0.188,0.000,-175.764,1.993,-0.142,15.0
1038,-1.986,0.188,0.000,-175.990,1.993,-0.134,15.0
1039,-1.986,0.187,0.000,-176.215,1.994,-0.126,15.0
1040,-1.986,0.187,0.000,-176.439,1.994,-0.118,15.0
1041,-1.986,0.187,0.000,-176.662,1.995,-0.111,15.0
1042,-1.986,0.187,0.000,-176.884,1.995,-0.103,15.0
1043,-1.986,0.187,0.000,-177.104,1.996,-0.095,15.0
1044,-1.986,0.187,0.000,-177.324,1.996,-0.088,15.0
1045,-1.987,0.187,0.000,-177.543,1.996,-0.080,15.0
1046,-1.987,0.187,0.000,-177.760,1.996,-0.072,15.0
1047,-1.987,0.187,0.000,-177.976,1.997,-0.065,15.0
1048,-1.987,0.187,0.000,-178.191,1.997,-0.057,15.0
1049,-1.987,0.187,0.000,-178.405,1.997,-0.050,15.0
1050,-1.987,0.187,0.000,-178.617,1.997,-0.043,15.0
1051,-1.987,0.187,0.000,-178.828,1.997,-0.035,15.0
1052,-1.988,0.187,0.000,-179.038,1.998,-0.028,15.0
1053,-1.988,0.187,0.000,-179.246,1.998,-0.021,15.0
1054,-1.988,0.187,0.000,-179.452,1.998,-0.014,15.0
1055,-1.988,0.187,0.000,-179.657,1.998,-0.006,15.0
1056,-1.988,0.187,0.000,-179.860,1.998,0.001,15.0
1057,-1.988,0.187,0.000,179.938,1.998,0.008,15.0
1058,-1.988,0.187,0.000,179.739,1.998,0.015,15.0
1059,-1.988,0.187,0.000,179.540,1.998,0.022,15.0
1060,-1.988,0.187,0.000,179.344,1.998,0.028,15.0
1061,-1.989,0.187,0.000,179.149,1.997,0.035,15.0
1062,-1.989,0.187,0.000,178.955,1.997,0.042,15.0
1063,-1.989,0.187,0.000,178.763,1.997,0.049,15.0
1064,-1.989,0.187,0.000,178.572,1.997,0.055,15.0
1065,-1.989,0.187,0.000,178.382,1.997,0.062,15.0
1066,-1.989,0.187,0.000,178.193,1.997,0.069,15.0
1067,-1.989,0.187,0.000,178.006,1.996,0.075,15.0
1068,-1.989,0.187,0.000,177.819,1.996,0.082,15.0
1069,-1.989,0.187,0.000,177.633,1.996,0.088,15.0
1070,-1.990,0.187,0.000,177.449,1.996,0.094,15.0
1071,-1.990,0.187,0.000,177.265,1.995,0.101,15.0
1072,-1.990,0.188,0.000,177.082,1.995,0.107,15.0
1073,-1.990,0.188,0.000,176.899,1.995,0.114,15.0
1074,-1.990,0.188,0.000,176.718,1.994,0.120,15.0
1075,-1.990,0.188,0.000,176.537,1.994,0.126,15.0
1076,-1.990,0.188,0.000,176.357,1.993,0.132,15.0
1077,-1.990,0.188,0.000,176.178,1.993,0.139,15.0
1078,-1.990,0.188,0.000,175.999,1.993,0.145,15.0
1079,-1.990,0.188,0.000,175.821,1.992,0.151,15.0
1080,-1.991,0.188,0.000,175.644,1.992,0.157,15.0
1081,-1.991,0.188,0.000,175.467,1.991,0.163,15.0
1082,-1.991,0.188,0.000,175.291,1.991,0.170,15.0
1083,-1.991,0.188,0.000,175.116,1.990,0.176,15.0
1084,-1.991,0.188,0.000,174.941,1.990,0.182,15.0
1085,-1.991,0.188,0.000,174.767,1.989,0.188,15.0
1086,-1.991,0.188,0.000,174.593,1.988,0.194,15.0
1087,-1.991,0.188,0.000,174.420,1.988,0.200,15.0
1088,-1.991,0.188,0.000,174.247,1.987,0.206,15.0
1089,-1.991,0.188,0.000,174.075,1.987,0.212,15.0
1090,-1.991,0.188,0.000,173.904,1.986,0.218,15.0
1091,-1.992,0.188,0.000,173.733,1.985,0.224,15.0
1092,-1.992,0.188,0.000,173.563,1.985,0.229,15.0
1093,-1.992,0.188,0.000,173.393,1.984,0.235,15.0
1094,-1.992,0.188,0.000,173.224,1.983,0.241,15.0
1095,-1.992,0.188,0.000,173.055,1.982,0.247,15.0
1096,-1.992,0.188,0.000,172.887,1.982,0.253,15.0
1097,-1.992,0.188,0.000,172.720,1.981,0.259,15.0
1098,-1.992,0.189,0.000,172.553,1.980,0.264,15.0
1099,-1.992,0.189,0.000,172.386,1.979,0.270,15.0
1100,-1.992,0.189,0.000,172.220,1.979,0.276,15.0
1101,-1.992,0.189,0.000,172.055,1.978,0.282,15.0
1102,-1.993,0.189,0.000,171.890,1.977,0.287,15.0
1103,-1.993,0.189,0.000,171.726,1.976,0.293,15.0
1104,-1.993,0.189,0.000,171.562,1.975,0.299,15.0
1105,-1.993,0.189,0.000,171.399,1.974,0.304,15.0
1106,-1.993,0.189,0.000,171.236,1.974,0.310,15.0
1107,-1.993,0.189,0.000,171.074,1.973,0.315,15.0
1108,-1.993,0.189,0.000,170.912,1.972,0.321,15.0
1109,-1.993,0.189,0.000,170.751,1.971,0.327,15.0
1110,-1.993,0.189,0.000,170.590,1.970,0.332,15.0
1111,-1.993,0.189,0.000,170.430,1.969,0.338,15.0
1112,-1.993,0.189,0.000,170.271,1.968,0.343,15.0
1113,-1.993,0.189,0.000,170.112,1.967,0.349,15.0
1114,-1.994,0.189,0.000,169.953,1.966,0.354,15.0
1115,-1.994,0.190,0.000,169.795,1.965,0.359,15.0
1116,-1.994,0.190,0.000,169.637,1.964,0.365,15.0
1117,-1.994,0.190,0.000,169.481,1.963,0.370,15.0
1118,-1.994,0.190,0.000,169.324,1.962,0.376,15.0
1119,-1.994,0.190,0.000,169.168,1.961,0.381,15.0
1120,-1.994,0.190,0.000,169.013,1.960,0.386,15.0
1121,-1.994,0.190,0.000,168.858,1.959,0.391,15.0
1122,-1.994,0.190,0.000,168.704,1.958,0.397,15.0
1123,-1.994,0.190,0.000,168.550,1.957,0.402,15.0
1124,-1.994,0.190,0.000,168.396,1.956,0.407,15.0
1125,-1.994,0.190,0.000,168.244,1.955,0.412,15.0
1126,-1.994,0.190,0.000,168.091,1.954,0.418,15.0
1127,-1.995,0.190,0.000,167.940,1.953,0.423,15.0
1128,-1.995,0.190,0.000,167.789,1.951,0.428,15.0
1129,-1.995,0.191,0.000,167.638,1.950,0.433,15.0
1130,-1.995,0.191,0.000,167.488,1.949,0.438,15.0
1131,-1.995,0.191,0.000,167.338,1.948,0.443,15.0
1132,-1.995,0.191,0.000,167.189,1.947,0.448,15.0
1133,-1.995,0.191,0.000,167.041,1.946,0.453,15.0
1134,-1.995,0.191,0.000,166.893,1.945,0.458,15.0
1135,-1.995,0.191,0.000,166.745,1.943,0.463,15.0
1136,-1.995,0.191,0.000,166.598,1.942,0.468,15.0
1137,-1.995,0.191,0.000,166.452,1.941,0.473,15.0
1138,-1.995,0.191,0.000,166.306,1.940,0.478,15.0
1139,-1.995,0.191,0.000,166.161,1.938,0.483,15.0
1140,-1.996,0.191,0.000,166.016,1.937,0.488,15.0
1141,-1.996,0.191,0.000,165.872,1.936,0.493,15.0
1142,-1.996,0.192,0.000,165.728,1.935,0.498,15.0
1143,-1.996,0.192,0.000,165.585,1.934,0.503,15.0
1144,-1.996,0.192,0.000,165.443,1.932,0.507,15.0
1145,-1.996,0.192,0.000,165.301,1.931,0.512,15.0
1146,-1.996,0.192,0.000,165.159,1.930,0.517,15.0
1147,-1.996,0.192,0.000,165.018,1.928,0.522,15.0
1148,-1.996,0.192,0.000,164.878,1.927,0.526,15.0
1149,-1.996,0.192,0.000,164.738,1.926,0.531,15.0
1150,-1.996,0.192,0.000,164.599,1.925,0.536,15.0
1151,-1.996,0.192,0.000,164.460,1.923,0.540,15.0
1152,-1.996,0.192,0.000,164.322,1.922,0.545,15.0
1153,-1.996,0.192,0.000,164.185,1.921,0.550,15.0
1154,-1.997,0.193,0.000,164.048,1.919,0.554,15.0
1155,-1.997,0.193,0.000,163.911,1.918,0.559,15.0
1156,-1.997,0.193,0.000,163.775,1.917,0.563,15.0
1157,-1.997,0.193,0.000,163.640,1.915,0.568,15.0
1158,-1.997,0.193,0.000,163.505,1.914,0.572,15.0
1159,-1.997,0.193,0.000,163.371,1.913,0.577,15.0
1160,-1.997,0.193,0.000,163.237,1.911,0.581,15.0
1161,-1.997,0.193,0.000,163.104,1.910,0.586,15.0
1162,-1.997,0.193,0.000,162.972,1.909,0.590,15.0
1163,-1.997,0.193,0.000,162.840,1.907,0.595,15.0
1164,-1.997,0.193,0.000,162.708,1.906,0.599,15.0
1165,-1.997,0.194,0.000,162.577,1.905,0.603,15.0
1166,-1.997,0.194,0.000,162.447,1.903,0.608,15.0
1167,-1.997,0.194,0.000,162.318,1.902,0.612,15.0
1168,-1.997,0.194,0.000,162.188,1.900,0.616,15.0
1169,-1.998,0.194,0.000,162.060,1.899,0.621,15.0
1170,-1.998,0.194,0.000,161.932,1.898,0.625,15.0
1171,-1.998,0.194,0.000,161.805,1.896,0.629,15.0
1172,-1.998,0.194,0.000,161.678,1.895,0.633,15.0
1173,-1.998,0.194,0.000,161.552,1.893,0.637,15.0
1174,-1.998,0.194,0.000,161.426,1.892,0.642,15.0
1175,-1.998,0.194,0.000,161.301,1.891,0.646,15.0
1176,-1.998,0.195,0.000,161.177,1.889,0.650,15.0
1177,-1.998,0.195,0.000,161.053,1.888,0.654,15.0
1178,-1.998,0.195,0.000,160.930,1.886,0.658,15.0
1179,-1.998,0.195,0.000,160.807,1.885,0.662,15.0
1180,-1.998,0.195,0.000,160.685,1.884,0.666,15.0
1181,-1.998,0.195,0.000,160.564,1.882,0.670,15.0
1182,-1.998,0.195,0.000,160.443,1.881,0.674,15.0
1183,-1.998,0.195,0.000,160.323,1.879,0.678,15.0
1184,-1.999,0.195,0.000,160.203,1.878,0.682,15.0
1185,-1.999,0.195,0.000,160.084,1.876,0.686,15.0
1186,-1.999,0.196,0.000,159.965,1.875,0.690,15.0
1187,-1.999,0.196,0.000,159.848,1.874,0.693,15.0
1188,-1.999,0.196,0.000,159.730,1.872,0.697,15.0
1189,-1.999,0.196,0.000,159.614,1.871,0.701,15.0
1190,-1.999,0.196,0.000,159.498,1.869,0.705,15.0
1191,-1.999,0.196,0.000,159.382,1.868,0.709,15.0
1192,-1.999,0.196,0.000,159.267,1.867,0.712,15.0
1193,-1.999,0.196,0.000,159.153,1.865,0.716,15.0
1194,-1.999,0.196,0.000,159.040,1.864,0.720,15.0
1195,-1.999,0.196,0.000,158.927,1.862,0.723,15.0
1196,-1.999,0.196,0.000,158.814,1.861,0.727,15.0
1197,-1.999,0.197,0.000,158.702,1.859,0.731,15.0
1198,-1.999,0.197,0.000,158.591,1.858,0.734,15.0
1199,-1.999,0.197,0.000,158.481,1.857,0.738,15.0
1200,-1.999,0.197,0.000,158.371,1.855,0.741,15.0
1201,-2.000,0.197,0.000,158.261,1.854,0.745,15.0
1202,-2.000,0.197,0.000,158.153,1.852,0.748,15.0
1203,-2.000,0.197,0.000,158.044,1.851,0.752,15.0
1204,-2.000,0.197,0.000,157.937,1.849,0.755,15.0
1205,-2.000,0.197,0.000,157.830,1.848,0.759,15.0
1206,-2.000,0.197,0.000,157.724,1.847,0.762,15.0
1207,-2.000,0.198,0.000,157.618,1.845,0.766,15.0
1208,-2.000,0.198,0.000,157.513,1.844,0.769,15.0
1209,-2.000,0.198,0.000,157.409,1.842,0.772,15.0
1210,-2.000,0.198,0.000,157.305,1.841,0.776,15.0
1211,-2.000,0.198,0.000,157.202,1.840,0.779,15.0
1212,-2.000,0.198,0.000,157.099,1.838,0.782,15.0
1213,-2.000,0.198,0.000,156.997,1.837,0.786,15.0
1214,-2.000,0.198,0.000,156.896,1.835,0.789,15.0
1215,-2.000,0.198,0.000,156.795,1.834,0.792,15.0
1216,-2.000,0.198,0.000,156.695,1.833,0.795,15.0
1217,-2.000,0.199,0.000,156.596,1.831,0.799,15.0
1218,-2.000,0.199,0.000,156.497,1.830,0.802,15.0
1219,-2.001,0.199,0.000,156.399,1.829,0.805,15.0
1220,-2.001,0.199,0.000,156.301,1.827,0.808,15.0
1221,-2.001,0.199,0.000,156.204,1.826,0.811,15.0
1222,-2.001,0.199,0.000,156.108,1.824,0.814,15.0
1223,-2.001,0.199,0.000,156.012,1.823,0.817,15.0
1224,-2.001,0.199,0.000,155.917,1.822,0.820,15.0
1225,-2.001,0.199,0.000,155.823,1.820,0.823,15.0
1226,-2.001,0.199,0.000,155.729,1.819,0.826,15.0
1227,-2.001,0.199,0.000,155.636,1.818,0.829,15.0
1228,-2.001,0.200,0.000,155.543,1.816,0.832,15.0
1229,-2.001,0.200,0.000,155.451,1.815,0.835,15.0
1230,-2.001,0.200,0.000,155.360,1.814,0.838,15.0
1231,-2.001,0.200,0.000,155.269,1.812,0.841,15.0
1232,-2.001,0.200,0.000,155.179,1.811,0.844,15.0
1233,-2.001,0.200,0.000,155.089,1.810,0.846,15.0
1234,-2.001,0.200,0.000,155.000,1.808,0.849,15.0
1235,-2.001,0.200,0.000,154.911,1.807,0.852,15.0
1236,-2.001,0.200,0.000,154.823,1.806,0.855,15.0
1237,-2.001,0.200,0.000,154.736,1.804,0.858,15.0
1238,-2.001,0.200,0.000,154.649,1.803,0.860,15.0
1239,-2.002,0.201,0.000,154.563,1.802,0.863,15.0
1240,-2.002,0.201,0.000,154.478,1.801,0.866,15.0
1241,-2.002,0.201,0.000,154.393,1.799,0.868,15.0
1242,-2.002,0.201,0.000,154.308,1.798,0.871,15.0
1243,-2.002,0.201,0.000,154.224,1.797,0.874,15.0
1244,-2.002,0.201,0.000,154.141,1.795,0.876,15.0
1245,-2.002,0.201,0.000,154.058,1.794,0.879,15.0
1246,-2.002,0.201,0.000,153.976,1.793,0.881,15.0
1247,-2.002,0.201,0.000,153.894,1.792,0.884,15.0
1248,-2.002,0.201,0.000,153.813,1.790,0.886,15.0
1249,-2.002,0.201,0.000,153.732,1.789,0.889,15.0
1250,-2.002,0.202,0.000,153.652,1.788,0.892,15.0
1251,-2.002,0.202,0.000,153.573,1.787,0.894,15.0
1252,-2.002,0.202,0.000,153.494,1.785,0.896,15.0
1253,-2.002,0.202,0.000,153.416,1.784,0.899,15.0
1254,-2.002,0.202,0.000,153.338,1.783,0.901,15.0
1255,-2.002,0.202,0.000,153.261,1.782,0.904,15.0
1256,-2.002,0.202,0.000,153.184,1.781,0.906,15.0
1257,-2.002,0.202,0.000,153.108,1.779,0.908,15.0
1258,-2.002,0.202,0.000,153.033,1.778,0.911,15.0
1259,-2.002,0.202,0.000,152.958,1.777,0.913,15.0
1260,-2.002,0.202,0.000,152.883,1.776,0.915,15.0
1261,-2.002,0.202,0.000,152.809,1.775,0.918,15.0
1262,-2.003,0.203,0.000,152.736,1.773,0.920,15.0
1263,-2.003,0.203,0.000,152.663,1.772,0.922,15.0
1264,-2.003,0.203,0.000,152.591,1.771,0.924,15.0
1265,-2.003,0.203,0.000,152.520,1.770,0.927,15.0
1266,-2.003,0.203,0.000,152.449,1.769,0.929,15.0
1267,-2.003,0.203,0.000,152.378,1.768,0.931,15.0
1268,-2.003,0.203,0.000,152.308,1.767,0.933,15.0
1269,-2.003,0.203,0.000,152.239,1.765,0.935,15.0
1270,-2.003,0.203,0.000,152.170,1.764,0.937,15.0
1271,-2.003,0.203,0.000,152.102,1.763,0.940,15.0
1272,-2.003,0.203,0.000,152.034,1.762,0.942,15.0
1273,-2.003,0.203,0.000,151.967,1.761,0.944,15.0
1274,-2.003,0.204,0.000,151.900,1.760,0.946,15.0
1275,-2.003,0.204,0.000,151.834,1.759,0.948,15.0
1276,-2.003,0.204,0.000,151.769,1.758,0.950,15.0
1277,-2.003,0.204,0.000,151.704,1.757,0.952,15.0
1278,-2.003,0.204,0.000,151.640,1.756,0.954,15.0
1279,-2.003,0.204,0.000,151.576,1.754,0.956,15.0
1280,-2.003,0.204,0.000,151.513,1.753,0.958,15.0
1281,-2.003,0.204,0.000,151.450,1.752,0.960,15.0
1282,-2.003,0.204,0.000,151.389,1.751,0.961,15.0
1283,-2.003,0.204,0.000,151.327,1.750,0.963,15.0
1284,-2.003,0.204,0.000,151.267,1.749,0.965,15.0
1285,-2.003,0.204,0.000,151.206,1.748,0.967,15.0
1286,-2.003,0.204,0.000,151.147,1.747,0.969,15.0
1287,-2.003,0.204,0.000,151.088,1.746,0.971,15.0
1288,-2.003,0.205,0.000,151.029,1.745,0.972,15.0
1289,-2.003,0.205,0.000,150.972,1.744,0.974,15.0
1290,-2.003,0.205,0.000,150.914,1.743,0.976,15.0
1291,-2.003,0.205,0.000,150.858,1.742,0.978,15.0
1292,-2.004,0.205,0.000,150.801,1.741,0.979,15.0
1293,-2.004,0.205,0.000,150.746,1.740,0.981,15.0
1294,-2.004,0.205,0.000,150.691,1.739,0.983,15.0
1295,-2.004,0.205,0.000,150.636,1.739,0.984,15.0
1296,-2.004,0.205,0.000,150.582,1.738,0.986,15.0
1297,-2.004,0.205,0.000,150.529,1.737,0.988,15.0
1298,-2.004,0.205,0.000,150.476,1.736,0.989,15.0
1299,-2.004,0.205,0.000,150.423,1.735,0.991,15.0
1300,-2.004,0.205,0.000,150.372,1.734,0.992,15.0
1301,-2.004,0.205,0.000,150.320,1.733,0.994,15.0
1302,-2.004,0.205,0.000,150.269,1.732,0.995,15.0
1303,-2.004,0.206,0.000,150.219,1.731,0.997,15.0
1304,-2.004,0.206,0.000,150.169,1.730,0.998,15.0
1305,-2.004,0.206,0.000,150.119,1.730,1.000,15.0
1306,-2.004,0.206,0.000,150.070,1.729,1.001,15.0
1307,-2.004,0.206,0.000,150.022,1.728,1.003,15.0
1308,-2.004,0.206,0.000,149.974,1.727,1.004,15.0
1309,-2.004,0.206,0.000,149.927,1.726,1.006,15.0
1310,-2.004,0.206,0.000,149.880,1.725,1.007,15.0
1311,-2.004,0.206,0.000,149.833,1.725,1.009,15.0
1312,-2.004,0.206,0.000,149.787,1.724,1.010,15.0
1313,-2.004,0.206,0.000,149.741,1.723,1.011,15.0
1314,-2.004,0.206,0.000,149.696,1.722,1.013,15.0
1315,-2.004,0.206,0.000,149.651,1.721,1.014,15.0
1316,-2.004,0.206,0.000,149.607,1.721,1.015,15.0
1317,-2.004,0.206,0.000,149.564,1.720,1.017,15.0
1318,-2.004,0.207,0.000,149.520,1.719,1.018,15.0
1319,-2.004,0.207,0.000,149.478,1.718,1.019,15.0
1320,-2.004,0.207,0.000,149.435,1.718,1.021,15.0
1321,-2.004,0.207,0.000,149.393,1.717,1.022,15.0
1322,-2.004,0.207,0.000,149.352,1.716,1.023,15.0
1323,-2.004,0.207,0.000,149.311,1.715,1.024,15.0
1324,-2.004,0.207,0.000,149.271,1.715,1.025,15.0
1325,-2.004,0.207,0.000,149.231,1.714,1.027,15.0
1326,-2.004,0.207,0.000,149.191,1.713,1.028,15.0
1327,-2.004,0.207,0.000,149.152,1.712,1.029,15.0
1328,-2.004,0.207,0.000,149.114,1.712,1.030,15.0
1329,-2.004,0.207,0.000,149.076,1.711,1.031,15.0
1330,-2.005,0.207,0.000,149.038,1.710,1.032,15.0
1331,-2.005,0.207,0.000,149.001,1.710,1.034,15.0
1332,-2.005,0.207,0.000,148.965,1.709,1.035,15.0
1333,-2.005,0.207,0.000,148.929,1.708,1.036,15.0
1334,-2.005,0.207,0.000,148.893,1.708,1.037,15.0
1335,-2.005,0.207,0.000,148.858,1.707,1.038,15.0
1336,-2.005,0.208,0.000,148.823,1.707,1.039,15.0
1337,-2.005,0.208,0.000,148.789,1.706,1.040,15.0
1338,-2.005,0.208,0.000,148.755,1.705,1.041,15.0
1339,-2.005,0.208,0.000,148.722,1.705,1.042,15.0
1340,-2.005,0.208,0.000,148.689,1.704,1.043,15.0
1341,-2.005,0.208,0.000,148.656,1.704,1.044,15.0
1342,-2.005,0.208,0.000,148.624,1.703,1.045,15.0
1343,-2.005,0.208,0.000,148.592,1.702,1.046,15.0
1344,-2.005,0.208,0.000,148.561,1.702,1.047,15.0
1345,-2.005,0.208,0.000,148.530,1.701,1.048,15.0
1346,-2.005,0.208,0.000,148.500,1.701,1.048,15.0
1347,-2.005,0.208,0.000,148.470,1.700,1.049,15.0
1348,-2.005,0.208,0.000,148.440,1.700,1.050,15.0
1349,-2.005,0.208,0.000,148.410,1.699,1.051,15.0
1350,-2.005,0.208,0.000,148.382,1.698,1.052,15.0
1351,-2.005,0.208,0.000,148.353,1.698,1.053,15.0
1352,-2.005,0.208,0.000,148.325,1.697,1.054,15.0
1353,-2.005,0.208,0.000,148.297,1.697,1.054,15.0
1354,-2.005,0.208,0.000,148.270,1.696,1.055,15.0
1355,-2.005,0.208,0.000,148.242,1.696,1.056,15.0
1356,-2.005,0.208,0.000,148.216,1.695,1.057,15.0
1357,-2.005,0.209,0.000,148.189,1.695,1.058,15.0
1358,-2.005,0.209,0.000,148.164,1.694,1.058,15.0
1359,-2.005,0.209,0.000,148.138,1.694,1.059,15.0
1360,-2.005,0.209,0.000,148.113,1.694,1.060,15.0
1361,-2.005,0.209,0.000,148.088,1.693,1.061,15.0
1362,-2.005,0.209,0.000,148.063,1.693,1.061,15.0
1363,-2.005,0.209,0.000,148.039,1.692,1.062,15.0
1364,-2.005,0.209,0.000,148.016,1.692,1.063,15.0
1365,-2.005,0.209,0.000,147.992,1.691,1.063,15.0
1366,-2.005,0.209,0.000,147.970,1.691,1.064,15.0
1367,-2.005,0.209,0.000,147.947,1.690,1.065,15.0
1368,-2.005,0.209,0.000,147.925,1.690,1.065,15.0
1369,-2.005,0.209,0.000,147.903,1.690,1.066,15.0
1370,-2.005,0.209,0.000,147.882,1.689,1.067,15.0
1371,-2.005,0.209,0.000,147.861,1.689,1.067,15.0
1372,-2.005,0.209,0.000,147.840,1.688,1.068,15.0
1373,-2.005,0.209,0.000,147.820,1.688,1.069,15.0
1374,-2.005,0.209,0.000,147.800,1.688,1.069,15.0
1375,-2.005,0.209,0.000,147.780,1.687,1.070,15.0
1376,-2.005,0.209,0.000,147.761,1.687,1.070,15.0
1377,-2.005,0.209,0.000,147.742,1.687,1.071,15.0
1378,-2.005,0.209,0.000,147.724,1.686,1.071,15.0
1379,-2.005,0.209,0.000,147.706,1.686,1.072,15.0
1380,-2.005,0.209,0.000,147.688,1.686,1.072,15.0
1381,-2.005,0.209,0.000,147.670,1.685,1.073,15.0
1382,-2.005,0.210,0.000,147.653,1.685,1.073,15.0
1383,-2.005,0.210,0.000,147.636,1.685,1.074,15.0
1384,-2.005,0.210,0.000,147.620,1.684,1.074,15.0
1385,-2.006,0.210,0.000,147.603,1.684,1.075,15.0
1386,-2.006,0.210,0.000,147.587,1.684,1.075,15.0
1387,-2.006,0.210,0.000,147.572,1.683,1.076,15.0
1388,-2.006,0.210,0.000,147.556,1.683,1.076,15.0
1389,-2.006,0.210,0.000,147.541,1.683,1.077,15.0
1390,-2.006,0.210,0.000,147.527,1.683,1.077,15.0
1391,-2.006,0.210,0.000,147.512,1.682,1.078,15.0
1392,-2.006,0.210,0.000,147.498,1.682,1.078,15.0
1393,-2.006,0.210,0.000,147.484,1.682,1.078,15.0
1394,-2.006,0.210,0.000,147.470,1.682,1.079,15.0
1395,-2.006,0.210,0.000,147.457,1.681,1.079,15.0
1396,-2.006,0.210,0.000,147.443,1.681,1.080,15.0
1397,-2.006,0.210,0.000,147.431,1.681,1.080,15.0
1398,-2.006,0.210,0.000,147.418,1.681,1.080,15.0
1399,-2.006,0.210,0.000,147.406,1.680,1.081,15.0
1400,-2.006,0.210,0.000,147.394,1.680,1.081,15.0
1401,-2.006,0.210,0.000,147.382,1.680,1.081,15.0
1402,-2.006,0.210,0.000,147.370,1.680,1.082,15.0
1403,-2.006,0.210,0.000,147.359,1.679,1.082,15.0
1404,-2.006,0.210,0.000,147.348,1.679,1.082,15.0
1405,-2.006,0.210,0.000,147.338,1.679,1.083,15.0
1406,-2.006,0.210,0.000,147.328,1.679,1.083,15.0
1407,-2.006,0.210,0.000,147.317,1.679,1.083,15.0
1408,-2.006,0.210,0.000,147.308,1.678,1.084,15.0
1409,-2.006,0.210,0.000,147.298,1.678,1.084,15.0
1410,-2.006,0.210,0.000,147.289,1.678,1.084,15.0
1411,-2.006,0.210,0.000,147.280,1.678,1.084,15.0
1412,-2.006,0.210,0.000,147.272,1.678,1.085,15.0
1413,-2.006,0.210,0.000,147.263,1.678,1.085,15.0
1414,-2.006,0.210,0.000,147.255,1.677,1.085,15.0
1415,-2.006,0.210,0.000,147.247,1.677,1.085,15.0
1416,-2.006,0.211,0.000,147.239,1.677,1.086,15.0
1417,-2.006,0.211,0.000,147.232,1.677,1.086,15.0
1418,-2.006,0.211,0.000,147.225,1.677,1.086,15.0
1419,-2.006,0.211,0.000,147.218,1.677,1.086,15.0
1420,-2.006,0.211,0.000,147.211,1.677,1.086,15.0
1421,-2.006,0.211,0.000,147.205,1.677,1.087,15.0
1422,-2.006,0.211,0.000,147.198,1.676,1.087,15.0
1423,-2.006,0.211,0.000,147.192,1.676,1.087,15.0
1424,-2.006,0.211,0.000,147.186,1.676,1.087,15.0
1425,-2.006,0.211,0.000,147.181,1.676,1.087,15.0
1426,-2.006,0.211,0.000,147.175,1.676,1.087,15.0
1427,-2.006,0.211,0.000,147.170,1.676,1.088,15.0
1428,-2.006,0.211,0.000,147.165,1.676,1.088,15.0
1429,-2.006,0.211,0.000,147.160,1.676,1.088,15.0
1430,-2.006,0.211,0.000,147.155,1.676,1.088,15.0
1431,-2.006,0.211,0.000,147.150,1.675,1.088,15.0
1432,-2.006,0.211,0.000,147.146,1.675,1.088,15.0
1433,-2.006,0.211,0.000,147.142,1.675,1.088,15.0
1434,-2.006,0.211,0.000,147.138,1.675,1.089,15.0
1435,-2.006,0.211,0.000,147.134,1.675,1.089,15.0
1436,-2.006,0.211,0.000,147.130,1.675,1.089,15.0
1437,-2.006,0.211,0.000,147.127,1.675,1.089,15.0
1438,-2.006,0.211,0.000,147.124,1.675,1.089,15.0
1439,-2.006,0.211,0.000,147.121,1.675,1.089,15.0
1440,-2.006,0.211,0.000,147.118,1.675,1.089,15.0
1441,-2.006,0.211,0.000,147.115,1.675,1.089,15.0
1442,-2.006,0.211,0.000,147.113,1.675,1.089,15.0
1443,-2.006,0.211,0.000,147.111,1.675,1.089,15.0
1444,-2.006,0.211,0.000,147.109,1.675,1.089,15.0
1445,-2.006,0.211,0.000,147.107,1.675,1.089,15.0
1446,-2.006,0.211,0.000,147.105,1.675,1.090,15.0
1447,-2.006,0.211,0.000,147.104,1.675,1.090,15.0
1448,-2.006,0.211,0.000,147.102,1.675,1.090,15.0
1449,-2.006,0.211,0.000,147.101,1.675,1.090,15.0
1450,-2.006,0.211,0.000,147.100,1.675,1.090,15.0
1451,-2.006,0.211,0.000,147.100,1.675,1.090,15.0
1452,-2.006,0.211,0.000,147.099,1.675,1.090,15.0
1453,-2.006,0.211,0.000,147.098,1.675,1.090,15.0
1454,-2.006,0.211,0.000,147.098,1.674,1.090,15.0
1455,-2.006,0.211,0.000,147.098,1.674,1.090,15.0
1456,-2.006,0.211,0.000,147.098,1.674,1.090,15.0
1457,-2.006,0.211,0.000,147.098,1.674,1.090,15.0
1458,-2.007,0.211,0.000,147.098,1.674,1.090,15.0
1459,-2.007,0.211,0.000,147.098,1.674,1.090,15.0
1460,-2.007,0.211,0.000,147.098,1.675,1.090,15.0
1461,-2.007,0.211,0.000,147.099,1.675,1.090,15.0
1462,-2.007,0.211,0.000,147.099,1.675,1.090,15.0
1463,-2.007,0.211,0.000,147.100,1.675,1.090,15.0
1464,-2.007,0.211,0.000,147.101,1.675,1.090,15.0
1465,-2.007,0.212,0.000,147.102,1.675,1.090,15.0
1466,-2.007,0.212,0.000,147.103,1.675,1.090,15.0
1467,-2.007,0.212,0.000,147.104,1.675,1.090,15.0
1468,-2.007,0.212,0.000,147.105,1.675,1.090,15.0
1469,-2.007,0.212,0.000,147.107,1.675,1.089,15.0
1470,-2.007,0.212,0.000,147.108,1.675,1.089,15.0
1471,-2.007,0.212,0.000,147.110,1.675,1.089,15.0
1472,-2.007,0.212,0.000,147.112,1.675,1.089,15.0
1473,-2.007,0.212,0.000,147.113,1.675,1.089,15.0
1474,-2.007,0.212,0.000,147.115,1.675,1.089,15.0
1475,-2.007,0.212,0.000,147.118,1.675,1.089,15.0
1476,-2.007,0.212,0.000,147.120,1.675,1.089,15.0
1477,-2.007,0.212,0.000,147.122,1.675,1.089,15.0
1478,-2.007,0.212,0.000,147.125,1.675,1.089,15.0
1479,-2.007,0.212,0.000,147.127,1.675,1.089,15.0
1480,-2.007,0.212,0.000,147.130,1.675,1.089,15.0
1481,-2.007,0.212,0.000,147.133,1.675,1.089,15.0
1482,-2.007,0.212,0.000,147.136,1.675,1.089,15.0
1483,-2.007,0.212,0.000,147.139,1.675,1.089,15.0
1484,-2.007,0.212,0.000,147.142,1.675,1.088,15.0
1485,-2.007,0.212,0.000,147.145,1.675,1.088,15.0
1486,-2.007,0.212,0.000,147.149,1.675,1.088,15.0
1487,-2.007,0.212,0.000,147.152,1.676,1.088,15.0
1488,-2.007,0.212,0.000,147.156,1.676,1.088,15.0
1489,-2.007,0.212,0.000,147.159,1.676,1.088,15.0
1490,-2.007,0.212,0.000,147.163,1.676,1.088,15.0
1491,-2.007,0.212,0.000,147.167,1.676,1.088,15.0
1492,-2.007,0.212,0.000,147.170,1.676,1.088,15.0
1493,-2.007,0.212,0.000,147.174,1.676,1.088,15.0
1494,-2.007,0.212,0.000,147.178,1.676,1.087,15.0
1495,-2.007,0.212,0.000,147.182,1.676,1.087,15.0
1496,-2.007,0.212,0.000,147.186,1.676,1.087,15.0
1497,-2.007,0.212,0.000,147.190,1.676,1.087,15.0
1498,-2.007,0.212,0.000,147.194,1.676,1.087,15.0
1499,-2.007,0.212,0.000,147.198,1.676,1.087,15.0
1500,-2.007,0.212,0.000,147.202,1.676,1.087,15.0
1501,-2.007,0.212,0.000,147.207,1.677,1.087,15.0
1502,-2.007,0.212,0.000,147.211,1.677,1.086,15.0
1503,-2.007,0.212,0.000,147.215,1.677,1.086,15.0
1504,-2.007,0.212,0.000,147.220,1.677,1.086,15.0
1505,-2.007,0.212,0.000,147.224,1.677,1.086,15.0
1506,-2.007,0.212,0.000,147.229,1.677,1.086,15.0
1507,-2.007,0.212,0.000,147.234,1.677,1.086,15.0
1508,-2.007,0.212,0.000,147.238,1.677,1.086,15.0
1509,-2.007,0.212,0.000,147.243,1.677,1.085,15.0
1510,-2.007,0.212,0.000,147.248,1.677,1.085,15.0
1511,-2.007,0.212,0.000,147.253,1.677,1.085,15.0
1512,-2.007,0.212,0.000,147.258,1.678,1.085,15.0
1513,-2.007,0.212,0.000,147.263,1.678,1.085,15.0
1514,-2.007,0.212,0.000,147.268,1.678,1.085,15.0
1515,-2.007,0.212,0.000,147.273,1.678,1.085,15.0
1516,-2.007,0.212,0.000,147.278,1.678,1.084,15.0
1517,-2.007,0.212,0.000,147.284,1.678,1.084,15.0
1518,-2.007,0.212,0.000,147.289,1.678,1.084,15.0
1519,-2.007,0.212,0.000,147.294,1.678,1.084,15.0
1520,-2.007,0.212,0.000,147.300,1.678,1.084,15.0
1521,-2.007,0.212,0.000,147.305,1.678,1.084,15.0
1522,-2.007,0.212,0.000,147.311,1.679,1.084,15.0
1523,-2.007,0.212,0.000,147.316,1.679,1.083,15.0
1524,-2.007,0.212,0.000,147.322,1.679,1.083,15.0
1525,-2.007,0.212,0.000,147.328,1.679,1.083,15.0
1526,-2.007,0.212,0.000,147.333,1.679,1.083,15.0
1527,-2.007,0.212,0.000,147.339,1.679,1.083,15.0
1528,-2.007,0.212,0.000,147.344,1.679,1.083,15.0
1529,-2.007,0.212,0.000,147.350,1.679,1.082,15.0
1530,-2.007,0.212,0.000,147.356,1.679,1.082,15.0
1531,-2.007,0.212,0.000,147.361,1.679,1.082,15.0
1532,-2.007,0.212,0.000,147.367,1.680,1.082,15.0
1533,-2.007,0.212,0.000,147.373,1.680,1.082,15.0
1534,-2.007,0.212,0.000,147.378,1.680,1.082,15.0
1535,-2.007,0.212,0.000,147.384,1.680,1.081,15.0
1536,-2.007,0.212,0.000,147.390,1.680,1.081,15.0
1537,-2.007,0.212,0.000,147.395,1.680,1.081,15.0
1538,-2.007,0.212,0.000,147.401,1.680,1.081,15.0
1539,-2.007,0.212,0.000,147.407,1.680,1.081,15.0
1540,-2.007,0.212,0.000,147.413,1.680,1.081,15.0
1541,-2.007,0.212,0.000,147.418,1.681,1.080,15.0
1542,-2.007,0.212,0.000,147.424,1.681,1.080,15.0
1543,-2.007,0.212,0.000,147.430,1.681,1.080,15.0
1544,-2.007,0.212,0.000,147.436,1.681,1.080,15.0
1545,-2.007,0.212,0.000,147.442,1.681,1.080,15.0
1546,-2.007,0.212,0.000,147.448,1.681,1.079,15.0
1547,-2.007,0.212,0.000,147.454,1.681,1.079,15.0
1548,-2.007,0.212,0.000,147.460,1.681,1.079,15.0
1549,-2.007,0.212,0.000,147.466,1.681,1.079,15.0
1550,-2.007,0.212,0.000,147.472,1.682,1.079,15.0
1551,-2.008,0.212,0.000,147.478,1.682,1.079,15.0
1552,-2.008,0.212,0.000,147.484,1.682,1.078,15.0
1553,-2.008,0.212,0.000,147.490,1.682,1.078,15.0
1554,-2.008,0.212,0.000,147.496,1.682,1.078,15.0
1555,-2.008,0.212,0.000,147.502,1.682,1.078,15.0
1556,-2.008,0.212,0.000,147.508,1.682,1.078,15.0
1557,-2.008,0.212,0.000,147.515,1.682,1.078,15.0
1558,-2.008,0.212,0.000,147.521,1.682,1.077,15.0
1559,-2.008,0.212,0.000,147.527,1.683,1.077,15.0
1560,-2.008,0.212,0.000,147.533,1.683,1.077,15.0
1561,-2.008,0.212,0.000,147.539,1.683,1.077,15.0
1562,-2.008,0.212,0.000,147.545,1.683,1.077,15.0
1563,-2.008,0.212,0.000,147.551,1.683,1.076,15.0
1564,-2.008,0.212,0.000,147.558,1.683,1.076,15.0
1565,-2.008,0.212,0.000,147.564,1.683,1.076,15.0
1566,-2.008,0.212,0.000,147.570,1.683,1.076,15.0
1567,-2.008,0.212,0.000,147.576,1.684,1.076,15.0
1568,-2.008,0.212,0.000,147.582,1.684,1.076,15.0
1569,-2.008,0.212,0.000,147.588,1.684,1.075,15.0
1570,-2.008,0.212,0.000,147.594,1.684,1.075,15.0
1571,-2.008,0.212,0.000,147.600,1.684,1.075,15.0
1572,-2.008,0.212,0.000,147.606,1.684,1.075,15.0
1573,-2.008,0.212,0.000,147.612,1.684,1.075,15.0
1574,-2.008,0.212,0.000,147.617,1.684,1.075,15.0
1575,-2.008,0.212,0.000,147.623,1.684,1.074,15.0
1576,-2.008,0.212,0.000,147.629,1.685,1.074,15.0
1577,-2.008,0.212,0.000,147.635,1.685,1.074,15.0
1578,-2.008,0.212,0.000,147.641,1.685,1.074,15.0
1579,-2.008,0.212,0.000,147.647,1.685,1.074,15.0
1580,-2.008,0.212,0.000,147.653,1.685,1.073,15.0
1581,-2.008,0.212,0.000,147.659,1.685,1.073,15.0
1582,-2.008,0.212,0.000,147.664,1.685,1.073,15.0
1583,-2.008,0.212,0.000,147.670,1.685,1.073,15.0
1584,-2.008,0.212,0.000,147.676,1.685,1.073,15.0
1585,-2.008,0.212,0.000,147.682,1.686,1.073,15.0
1586,-2.008,0.212,0.000,147.688,1.686,1.072,15.0
1587,-2.008,0.212,0.000,147.694,1.686,1.072,15.0
1588,-2.008,0.212,0.000,147.699,1.686,1.072,15.0
1589,-2.008,0.212,0.000,147.705,1.686,1.072,15.0
1590,-2.008,0.212,0.000,147.711,1.686,1.072,15.0
1591,-2.008,0.212,0.000,147.717,1.686,1.072,15.0
1592,-2.008,0.212,0.000,147.723,1.686,1.071,15.0
1593,-2.008,0.212,0.000,147.728,1.686,1.071,15.0
1594,-2.008,0.212,0.000,147.734,1.686,1.071,15.0
1595,-2.008,0.212,0.000,147.740,1.687,1.071,15.0
1596,-2.008,0.212,0.000,147.746,1.687,1.071,15.0
1597,-2.008,0.212,0.000,147.752,1.687,1.071,15.0
1598,-2.008,0.212,0.000,147.757,1.687,1.070,15.0
1599,-2.008,0.212,0.000,147.763,1.687,1.070,15.0
1600,-2.008,0.212,0.000,147.769,1.687,1.070,15.0
1601,-2.008,0.212,0.000,147.774,1.687,1.070,15.0
1602,-2.008,0.212,0.000,147.780,1.687,1.070,15.0
1603,-2.008,0.212,0.000,147.786,1.687,1.070,15.0
1604,-2.008,0.212,0.000,147.791,1.688,1.069,15.0
1605,-2.008,0.212,0.000,147.797,1.688,1.069,15.0
1606,-2.008,0.212,0.000,147.802,1.688,1.069,15.0
1607,-2.008,0.212,0.000,147.808,1.688,1.069,15.0
1608,-2.008,0.212,0.000,147.813,1.688,1.069,15.0
1609,-2.008,0.212,0.000,147.818,1.688,1.069,15.0
1610,-2.008,0.212,0.000,147.824,1.688,1.068,15.0
1611,-2.008,0.212,0.000,147.829,1.688,1.068,15.0
1612,-2.008,0.212,0.000,147.834,1.688,1.068,15.0
1613,-2.008,0.212,0.000,147.839,1.688,1.068,15.0
1614,-2.008,0.212,0.000,147.845,1.689,1.068,15.0
1615,-2.008,0.212,0.000,147.850,1.689,1.068,15.0
1616,-2.008,0.212,0.000,147.855,1.689,1.068,15.0
1617,-2.008,0.212,0.000,147.860,1.689,1.067,15.0
1618,-2.008,0.212,0.000,147.865,1.689,1.067,15.0
1619,-2.008,0.212,0.000,147.870,1.689,1.067,15.0
1620,-2.008,0.212,0.000,147.875,1.689,1.067,15.0
1621,-2.008,0.212,0.000,147.880,1.689,1.067,15.0
1622,-2.008,0.212,0.000,147.885,1.689,1.067,15.0
1623,-2.008,0.212,0.000,147.890,1.689,1.066,15.0
1624,-2.008,0.212,0.000,147.895,1.689,1.066,15.0
1625,-2.008,0.212,0.000,147.900,1.690,1.066,15.0
1626,-2.008,0.212,0.000,147.905,1.690,1.066,15.0
1627,-2.008,0.212,0.000,147.910,1.690,1.066,15.0
1628,-2.008,0.212,0.000,147.915,1.690,1.066,15.0
1629,-2.008,0.212,0.000,147.920,1.690,1.066,15.0
1630,-2.008,0.212,0.000,147.924,1.690,1.065,15.0
1631,-2.008,0.212,0.000,147.929,1.690,1.065,15.0
1632,-2.008,0.212,0.000,147.934,1.690,1.065,15.0
1633,-2.008,0.212,0.000,147.939,1.690,1.065,15.0
1634,-2.008,0.212,0.000,147.944,1.690,1.065,15.0
1635,-2.008,0.212,0.000,147.949,1.690,1.065,15.0
1636,-2.008,0.212,0.000,147.953,1.691,1.065,15.0
1637,-2.008,0.212,0.000,147.958,1.691,1.064,15.0
1638,-2.008,0.212,0.000,147.963,1.691,1.064,15.0
1639,-2.008,0.212,0.000,147.967,1.691,1.064,15.0
1640,-2.008,0.212,0.000,147.972,1.691,1.064,15.0
1641,-2.008,0.212,0.000,147.976,1.691,1.064,15.0
1642,-2.008,0.212,0.000,147.981,1.691,1.064,15.0
1643,-2.008,0.212,0.000,147.985,1.691,1.064,15.0
1644,-2.008,0.212,0.000,147.990,1.691,1.064,15.0
1645,-2.008,0.212,0.000,147.994,1.691,1.063,15.0
1646,-2.008,0.212,0.000,147.999,1.691,1.063,15.0
1647,-2.008,0.212,0.000,148.003,1.691,1.063,15.0
1648,-2.008,0.212,0.000,148.007,1.692,1.063,15.0
1649,-2.008,0.212,0.000,148.011,1.692,1.063,15.0
1650,-2.008,0.212,0.000,148.015,1.692,1.063,15.0
1651,-2.008,0.212,0.000,148.020,1.692,1.063,15.0
1652,-2.008,0.212,0.000,148.024,1.692,1.063,15.0
1653,-2.008,0.212,0.000,148.028,1.692,1.062,15.0
1654,-2.008,0.212,0.000,148.032,1.692,1.062,15.0
1655,-2.008,0.212,0.000,148.036,1.692,1.062,15.0
1656,-2.008,0.212,0.000,148.039,1.692,1.062,15.0
1657,-2.008,0.212,0.000,148.043,1.692,1.062,15.0
1658,-2.008,0.212,0.000,148.047,1.692,1.062,15.0
1659,-2.008,0.212,0.000,148.051,1.692,1.062,15.0
1660,-2.008,0.212,0.000,148.055,1.692,1.062,15.0
1661,-2.008,0.212,0.000,148.059,1.693,1.062,15.0
1662,-2.008,0.212,0.000,148.062,1.693,1.061,15.0
1663,-2.008,0.212,0.000,148.066,1.693,1.061,15.0
1664,-2.008,0.212,0.000,148.070,1.693,1.061,15.0
1665,-2.008,0.212,0.000,148.074,1.693,1.061,15.0
1666,-2.008,0.212,0.000,148.077,1.693,1.061,15.0
1667,-2.008,0.212,0.000,148.081,1.693,1.061,15.0
1668,-2.008,0.212,0.000,148.085,1.693,1.061,15.0
1669,-2.008,0.212,0.000,148.088,1.693,1.061,15.0
1670,-2.008,0.212,0.000,148.092,1.693,1.061,15.0
1671,-2.008,0.212,0.000,148.095,1.693,1.060,15.0
1672,-2.008,0.212,0.000,148.099,1.693,1.060,15.0
1673,-2.008,0.212,0.000,148.102,1.693,1.060,15.0
1674,-2.008,0.212,0.000,148.106,1.693,1.060,15.0
1675,-2.008,0.212,0.000,148.109,1.693,1.060,15.0
1676,-2.008,0.212,0.000,148.113,1.694,1.060,15.0
1677,-2.008,0.212,0.000,148.116,1.694,1.060,15.0
1678,-2.008,0.212,0.000,148.119,1.694,1.060,15.0
1679,-2.008,0.212,0.000,148.123,1.694,1.060,15.0
1680,-2.008,0.212,0.000,148.126,1.694,1.060,15.0
1681,-2.008,0.212,0.000,148.129,1.694,1.059,15.0
1682,-2.008,0.212,0.000,148.132,1.694,1.059,15.0
1683,-2.008,0.212,0.000,148.135,1.694,1.059,15.0
1684,-2.008,0.212,0.000,148.138,1.694,1.059,15.0
1685,-2.008,0.212,0.000,148.141,1.694,1.059,15.0
1686,-2.008,0.212,0.000,148.144,1.694,1.059,15.0
1687,-2.008,0.212,0.000,148.147,1.694,1.059,15.0
1688,-2.008,0.212,0.000,148.149,1.694,1.059,15.0
1689,-2.008,0.212,0.000,148.152,1.694,1.059,15.0
1690,-2.008,0.212,0.000,148.155,1.694,1.059,15.0
1691,-2.008,0.212,0.000,148.157,1.694,1.059,15.0
1692,-2.008,0.212,0.000,148.160,1.694,1.059,15.0
1693,-2.008,0.212,0.000,148.162,1.694,1.058,15.0
1694,-2.008,0.212,0.000,148.165,1.694,1.058,15.0
1695,-2.008,0.212,0.000,148.167,1.695,1.058,15.0
1696,-2.008,0.212,0.000,148.170,1.695,1.058,15.0
1697,-2.008,0.212,0.000,148.172,1.695,1.058,15.0
1698,-2.008,0.212,0.000,148.175,1.695,1.058,15.0
1699,-2.008,0.212,0.000,148.177,1.695,1.058,15.0
1700,-2.008,0.212,0.000,148.179,1.695,1.058,15.0
1701,-2.008,0.212,0.000,148.182,1.695,1.058,15.0
1702,-2.008,0.212,0.000,148.184,1.695,1.058,15.0
1703,-2.008,0.212,0.000,148.186,1.695,1.058,15.0
1704,-2.008,0.212,0.000,148.189,1.695,1.058,15.0
1705,-2.008,0.212,0.000,148.191,1.695,1.058,15.0
1706,-2.008,0.212,0.000,148.193,1.695,1.058,15.0
1707,-2.008,0.212,0.000,148.196,1.695,1.057,15.0
1708,-2.008,0.212,0.000,148.198,1.695,1.057,15.0
1709,-2.008,0.212,0.000,148.200,1.695,1.057,15.0
1710,-2.008,0.212,0.000,148.202,1.695,1.057,15.0
1711,-2.008,0.212,0.000,148.204,1.695,1.057,15.0
1712,-2.008,0.212,0.000,148.206,1.695,1.057,15.0
1713,-2.008,0.212,0.000,148.208,1.695,1.057,15.0
1714,-2.008,0.212,0.000,148.210,1.695,1.057,15.0
1715,-2.008,0.212,0.000,148.212,1.695,1.057,15.0
1716,-2.008,0.212,0.000,148.214,1.695,1.057,15.0
1717,-2.008,0.212,0.000,148.215,1.695,1.057,15.0
1718,-2.008,0.212,0.000,148.217,1.695,1.057,15.0
1719,-2.008,0.212,0.000,148.219,1.695,1.057,15.0
1720,-2.008,0.212,0.000,148.221,1.696,1.057,15.0
1721,-2.008,0.212,0.000,148.222,1.696,1.057,15.0
1722,-2.008,0.212,0.000,148.224,1.696,1.057,15.0
1723,-2.008,0.212,0.000,148.225,1.696,1.057,15.0
1724,-2.008,0.212,0.000,148.226,1.696,1.057,15.0
1725,-2.008,0.212,0.000,148.228,1.696,1.057,15.0
1726,-2.008,0.212,0.000,148.229,1.696,1.056,15.0
1727,-2.008,0.212,0.000,148.230,1.696,1.056,15.0
1728,-2.008,0.212,0.000,148.232,1.696,1.056,15.0
1729,-2.008,0.212,0.000,148.233,1.696,1.056,15.0
1730,-2.008,0.212,0.000,148.234,1.696,1.056,15.0
1731,-2.008,0.212,0.000,148.235,1.696,1.056,15.0
1732,-2.008,0.212,0.000,148.236,1.696,1.056,15.0
1733,-2.008,0.212,0.000,148.238,1.696,1.056,15.0
1734,-2.008,0.212,0.000,148.239,1.696,1.056,15.0
1735,-2.008,0.212,0.000,148.240,1.696,1.056,15.0
1736,-2.008,0.212,0.000,148.241,1.696,1.056,15.0
1737,-2.008,0.212,0.000,148.242,1.696,1.056,15.0
1738,-2.008,0.212,0.000,148.243,1.696,1.056,15.0
1739,-2.008,0.212,0.000,148.244,1.696,1.056,15.0
1740,-2.008,0.212,0.000,148.245,1.696,1.056,15.0
1741,-2.008,0.212,0.000,148.246,1.696,1.056,15.0
1742,-2.008,0.212,0.000,148.247,1.696,1.056,15.0
1743,-2.008,0.212,0.000,148.248,1.696,1.056,15.0
1744,-2.008,0.212,0.000,148.249,1.696,1.056,15.0
1745,-2.008,0.212,0.000,148.250,1.696,1.056,15.0
1746,-2.008,0.212,0.000,148.251,1.696,1.056,15.0
1747,-2.008,0.212,0.000,148.251,1.696,1.056,15.0
1748,-2.008,0.212,0.000,148.252,1.696,1.056,15.0
1749,-2.008,0.212,0.000,148.253,1.696,1.056,15.0
1750,-2.008,0.212,0.000,148.254,1.696,1.056,15.0
1751,-2.008,0.212,0.000,148.255,1.696,1.056,15.0
1752,-2.008,0.212,0.000,148.255,1.696,1.056,15.0
1753,-2.008,0.212,0.000,148.256,1.696,1.056,15.0
1754,-2.008,0.212,0.000,148.257,1.696,1.056,15.0
1755,-2.008,0.212,0.000,148.257,1.696,1.056,15.0
1756,-2.008,0.212,0.000,148.258,1.696,1.056,15.0
1757,-2.008,0.212,0.000,148.258,1.696,1.056,15.0
1758,-2.008,0.212,0.000,148.259,1.696,1.056,15.0
1759,-2.008,0.212,0.000,148.259,1.696,1.056,15.0
1760,-2.008,0.212,0.000,148.259,1.696,1.056,15.0
1761,-2.008,0.212,0.000,148.260,1.696,1.056,15.0
1762,-2.008,0.212,0.000,148.260,1.696,1.056,15.0
1763,-2.008,0.212,0.000,148.260,1.696,1.056,15.0
1764,-2.008,0.212,0.000,148.260,1.696,1.056,15.0
1765,-2.008,0.212,0.000,148.261,1.696,1.056,15.0
1766,-2.008,0.212,0.000,148.261,1.696,1.056,15.0
1767,-2.008,0.212,0.000,148.261,1.696,1.056,15.0
1768,-2.008,0.212,0.000,148.261,1.696,1.056,15.0
1769,-2.008,0.212,0.000,148.261,1.696,1.056,15.0
1770,-2.008,0.212,0.000,148.261,1.696,1.056,15.0
1771,-2.008,0.212,0.000,148.261,1.696,1.056,15.0
1772,-2.008,0.212,0.000,148.261,1.696,1.056,15.0
1773,-2.008,0.212,0.000,148.261,1.696,1.056,15.0
1774,-2.008,0.212,0.000,148.261,1.696,1.056,15.0
1775,-2.008,0.212,0.000,148.261,1.696,1.056,15.0
1776,-2.008,0.212,0.000,148.261,1.696,1.056,15.0
1777,-2.008,0.212,0.000,148.262,1.696,1.056,15.0
1778,-2.008,0.212,0.000,148.262,1.696,1.056,15.0
1779,-2.008,0.212,0.000,148.262,1.696,1.056,15.0
1780,-2.008,0.212,0.000,148.262,1.696,1.056,15.0
1781,-2.008,0.212,0.000,148.262,1.696,1.056,15.0
1782,-2.008,0.212,0.000,148.262,1.696,1.056,15.0
1783,-2.008,0.212,0.000,148.262,1.696,1.056,15.0
1784,-2.008,0.212,0.000,148.262,1.696,1.056,15.0
1785,-2.008,0.212,0.000,148.262,1.696,1.056,15.0
1786,-2.008,0.212,0.000,148.262,1.696,1.056,15.0
1787,-2.008,0.212,0.000,148.262,1.696,1.056,15.0
1788,-2.008,0.212,0.000,148.262,1.696,1.056,15.0
1789,-2.008,0.212,0.000,148.262,1.696,1.056,15.0
1790,-2.008,0.212,0.000,148.262,1.696,1.056,15.0
1791,-2.008,0.212,0.000,148.262,1.696,1.056,15.0
1792,-2.008,0.212,0.000,148.262,1.696,1.056,15.0
1793,-2.008,0.212,0.000,148.261,1.696,1.056,15.0
1794,-2.008,0.212,0.000,148.261,1.696,1.056,15.0
1795,-2.008,0.212,0.000,148.261,1.696,1.056,15.0
1796,-2.008,0.212,0.000,148.261,1.696,1.056,15.0
1797,-2.008,0.212,0.000,148.261,1.696,1.056,15.0
1798,-2.008,0.212,0.000,148.260,1.696,1.056,15.0
1799,-2.008,0.212,0.000,148.260,1.696,1.056,15.0
1800,-2.008,0.212,0.000,148.260,1.696,1.056,15.0
1801,-2.008,0.212,0.000,148.259,1.696,1.056,15.0
1802,-2.008,0.212,0.000,148.259,1.696,1.056,15.0
1803,-2.008,0.212,0.000,148.259,1.696,1.056,15.0
1804,-2.008,0.212,0.000,148.258,1.696,1.056,15.0
1805,-2.008,0.212,0.000,148.258,1.696,1.056,15.0
1806,-2.008,0.212,0.000,148.257,1.696,1.056,15.0
1807,-2.008,0.212,0.000,148.257,1.696,1.056,15.0
1808,-2.008,0.212,0.000,148.256,1.696,1.056,15.0
1809,-2.008,0.212,0.000,148.256,1.696,1.056,15.0
1810,-2.008,0.212,0.000,148.255,1.696,1.056,15.0
1811,-2.008,0.212,0.000,148.255,1.696,1.056,15.0
1812,-2.008,0.212,0.000,148.255,1.696,1.056,15.0
1813,-2.008,0.212,0.000,148.254,1.696,1.056,15.0
1814,-2.008,0.212,0.000,148.254,1.696,1.056,15.0
1815,-2.008,0.212,0.000,148.253,1.696,1.056,15.0
1816,-2.008,0.212,0.000,148.253,1.696,1.056,15.0
1817,-2.008,0.212,0.000,148.252,1.696,1.056,15.0
1818,-2.008,0.212,0.000,148.252,1.696,1.056,15.0
1819,-2.008,0.212,0.000,148.252,1.696,1.056,15.0
1820,-2.008,0.212,0.000,148.251,1.696,1.056,15.0
1821,-2.008,0.212,0.000,148.251,1.696,1.056,15.0
1822,-2.008,0.212,0.000,148.251,1.696,1.056,15.0
1823,-2.008,0.212,0.000,148.250,1.696,1.056,15.0
1824,-2.008,0.212,0.000,148.250,1.696,1.056,15.0
1825,-2.008,0.212,0.000,148.250,1.696,1.056,15.0
1826,-2.008,0.212,0.000,148.249,1.696,1.056,15.0
1827,-2.008,0.212,0.000,148.249,1.696,1.056,15.0
1828,-2.008,0.212,0.000,148.249,1.696,1.056,15.0
1829,-2.008,0.212,0.000,148.248,1.696,1.056,15.0
1830,-2.008,0.212,0.000,148.248,1.696,1.056,15.0
1831,-2.008,0.212,0.000,148.247,1.696,1.056,15.0
1832,-2.008,0.212,0.000,148.247,1.696,1.056,15.0
1833,-2.008,0.212,0.000,148.247,1.696,1.056,15.0
1834,-2.008,0.212,0.000,148.246,1.696,1.056,15.0
1835,-2.008,0.212,0.000,148.246,1.696,1.056,15.0
1836,-2.008,0.212,0.000,148.245,1.696,1.056,15.0
1837,-2.008,0.212,0.000,148.245,1.696,1.056,15.0
1838,-2.008,0.212,0.000,148.244,1.696,1.056,15.0
1839,-2.008,0.212,0.000,148.244,1.696,1.056,15.0
1840,-2.008,0.212,0.000,148.243,1.696,1.056,15.0
1841,-2.008,0.212,0.000,148.242,1.696,1.056,15.0
1842,-2.008,0.212,0.000,148.242,1.696,1.056,15.0
1843,-2.008,0.212,0.000,148.241,1.696,1.056,15.0
1844,-2.008,0.212,0.000,148.241,1.696,1.056,15.0
1845,-2.008,0.212,0.000,148.240,1.696,1.056,15.0
1846,-2.008,0.212,0.000,148.239,1.696,1.056,15.0
1847,-2.008,0.212,0.000,148.239,1.696,1.056,15.0
1848,-2.008,0.212,0.000,148.238,1.696,1.056,15.0
1849,-2.008,0.212,0.000,148.238,1.696,1.056,15.0
1850,-2.008,0.212,0.000,148.237,1.696,1.056,15.0
1851,-2.008,0.212,0.000,148.236,1.696,1.056,15.0
1852,-2.008,0.212,0.000,148.236,1.696,1.056,15.0
1853,-2.008,0.212,0.000,148.235,1.696,1.056,15.0
1854,-2.008,0.212,0.000,148.235,1.696,1.056,15.0
1855,-2.008,0.212,0.000,148.234,1.696,1.056,15.0
1856,-2.008,0.212,0.000,148.234,1.696,1.056,15.0
1857,-2.008,0.212,0.000,148.233,1.696,1.056,15.0
1858,-2.008,0.212,0.000,148.233,1.696,1.056,15.0
1859,-2.008,0.212,0.000,148.233,1.696,1.056,15.0
1860,-2.008,0.212,0.000,148.232,1.696,1.056,15.0
1861,-2.008,0.212,0.000,148.232,1.696,1.056,15.0
1862,-2.008,0.212,0.000,148.231,1.696,1.056,15.0
1863,-2.008,0.212,0.000,148.231,1.696,1.056,15.0
1864,-2.008,0.212,0.000,148.231,1.696,1.056,15.0
1865,-2.008,0.212,0.000,148.230,1.696,1.056,15.0
1866,-2.008,0.212,0.000,148.230,1.696,1.056,15.0
1867,-2.008,0.212,0.000,148.230,1.696,1.056,15.0
1868,-2.008,0.212,0.000,148.229,1.696,1.056,15.0
1869,-2.008,0.212,0.000,148.229,1.696,1.056,15.0
1870,-2.008,0.212,0.000,148.229,1.696,1.056,15.0
1871,-2.008,0.212,0.000,148.228,1.696,1.056,15.0
1872,-2.008,0.212,0.000,148.228,1.696,1.057,15.0
1873,-2.008,0.212,0.000,148.227,1.696,1.057,15.0
1874,-2.008,0.212,0.000,148.227,1.696,1.057,15.0
1875,-2.008,0.212,0.000,148.227,1.696,1.057,15.0
1876,-2.008,0.212,0.000,148.226,1.696,1.057,15.0
1877,-2.008,0.212,0.000,148.226,1.696,1.057,15.0
1878,-2.008,0.212,0.000,148.225,1.696,1.057,15.0
1879,-2.008,0.212,0.000,148.225,1.696,1.057,15.0
1880,-2.008,0.212,0.000,148.224,1.696,1.057,15.0
1881,-2.008,0.212,0.000,148.224,1.696,1.057,15.0
1882,-2.008,0.212,0.000,148.223,1.696,1.057,15.0
1883,-2.008,0.212,0.000,148.223,1.696,1.057,15.0
1884,-2.008,0.212,0.000,148.222,1.696,1.057,15.0
1885,-2.008,0.212,0.000,148.222,1.696,1.057,15.0
1886,-2.008,0.212,0.000,148.221,1.696,1.057,15.0
1887,-2.008,0.212,0.000,148.221,1.696,1.057,15.0
1888,-2.008,0.212,0.000,148.221,1.696,1.057,15.0
1889,-2.008,0.212,0.000,148.220,1.696,1.057,15.0
1890,-2.008,0.212,0.000,148.220,1.696,1.057,15.0
1891,-2.008,0.212,0.000,148.220,1.696,1.057,15.0
1892,-2.008,0.212,0.000,148.219,1.695,1.057,15.0
1893,-2.008,0.212,0.000,148.219,1.695,1.057,15.0
1894,-2.008,0.212,0.000,148.219,1.695,1.057,15.0
1895,-2.008,0.212,0.000,148.218,1.695,1.057,15.0
1896,-2.008,0.212,0.000,148.218,1.695,1.057,15.0
1897,-2.008,0.212,0.000,148.218,1.695,1.057,15.0
1898,-2.008,0.212,0.000,148.218,1.695,1.057,15.0
1899,-2.008,0.212,0.000,148.218,1.695,1.057,15.0
1900,-2.008,0.212,0.000,148.217,1.695,1.057,15.0
1901,-2.008,0.212,0.000,148.217,1.695,1.057,15.0
1902,-2.008,0.212,0.000,148.217,1.695,1.057,15.0
1903,-2.008,0.212,0.000,148.217,1.695,1.057,15.0
1904,-2.008,0.212,0.000,148.217,1.695,1.057,15.0
1905,-2.008,0.212,0.000,148.217,1.695,1.057,15.0
1906,-2.008,0.212,0.000,148.216,1.695,1.057,15.0
1907,-2.008,0.212,0.000,148.216,1.695,1.057,15.0
1908,-2.008,0.212,0.000,148.216,1.695,1.057,15.0
1909,-2.008,0.212,0.000,148.216,1.695,1.057,15.0
1910,-2.008,0.212,0.000,148.216,1.695,1.057,15.0
1911,-2.008,0.212,0.000,148.215,1.695,1.057,15.0
1912,-2.008,0.212,0.000,148.215,1.695,1.057,15.0
1913,-2.008,0.212,0.000,148.215,1.695,1.057,15.0
1914,-2.008,0.212,0.000,148.215,1.695,1.057,15.0
1915,-2.008,0.212,0.000,148.214,1.695,1.057,15.0
1916,-2.008,0.212,0.000,148.214,1.695,1.057,15.0
1917,-2.008,0.212,0.000,148.214,1.695,1.057,15.0
1918,-2.008,0.212,0.000,148.214,1.695,1.057,15.0
1919,-2.008,0.212,0.000,148.214,1.695,1.057,15.0
1920,-2.008,0.212,0.000,148.213,1.695,1.057,15.0
1921,-2.008,0.212,0.000,148.213,1.695,1.057,15.0
1922,-2.008,0.212,0.000,148.213,1.695,1.057,15.0
1923,-2.008,0.212,0.000,148.213,1.695,1.057,15.0
1924,-2.008,0.212,0.000,148.213,1.695,1.057,15.0
1925,-2.008,0.212,0.000,148.213,1.695,1.057,15.0
1926,-2.008,0.212,0.000,148.212,1.695,1.057,15.0
1927,-2.008,0.212,0.000,148.212,1.695,1.057,15.0
1928,-2.008,0.212,0.000,148.212,1.695,1.057,15.0
1929,-2.008,0.212,0.000,148.212,1.695,1.057,15.0
1930,-2.008,0.212,0.000,148.212,1.695,1.057,15.0
1931,-2.008,0.212,0.000,148.212,1.695,1.057,15.0
1932,-2.008,0.212,0.000,148.212,1.695,1.057,15.0
1933,-2.008,0.212,0.000,148.212,1.695,1.057,15.0
1934,-2.008,0.212,0.000,148.212,1.695,1.057,15.0
1935,-2.008,0.212,0.000,148.212,1.695,1.057,15.0
1936,-2.008,0.212,0.000,148.212,1.695,1.057,15.0
1937,-2.008,0.212,0.000,148.213,1.695,1.057,15.0
1938,-2.008,0.212,0.000,148.213,1.695,1.057,15.0
1939,-2.008,0.212,0.000,148.213,1.695,1.057,15.0
1940,-2.008,0.212,0.000,148.213,1.695,1.057,15.0
1941,-2.008,0.212,0.000,148.213,1.695,1.057,15.0
1942,-2.008,0.212,0.000,148.213,1.695,1.057,15.0
1943,-2.008,0.212,0.000,148.213,1.695,1.057,15.0
1944,-2.008,0.212,0.000,148.213,1.695,1.057,15.0
1945,-2.008,0.212,0.000,148.213,1.695,1.057,15.0
1946,-2.008,0.212,0.000,148.213,1.695,1.057,15.0
1947,-2.008,0.212,0.000,148.213,1.695,1.057,15.0
1948,-2.008,0.212,0.000,148.213,1.695,1.057,15.0
1949,-2.008,0.212,0.000,148.212,1.695,1.057,15.0
1950,-2.008,0.212,0.000,148.212,1.695,1.057,15.0
1951,-2.008,0.212,0.000,148.212,1.695,1.057,15.0
1952,-2.008,0.212,0.000,148.212,1.695,1.057,15.0
1953,-2.008,0.212,0.000,148.212,1.695,1.057,15.0
1954,-2.008,0.212,0.000,148.212,1.695,1.057,15.0
1955,-2.008,0.212,0.000,148.212,1.695,1.057,15.0
1956,-2.008,0.212,0.000,148.212,1.695,1.057,15.0
1957,-2.008,0.212,0.000,148.212,1.695,1.057,15.0
1958,-2.008,0.212,0.000,148.212,1.695,1.057,15.0
1959,-2.008,0.212,0.000,148.212,1.695,1.057,15.0
1960,-2.008,0.212,0.000,148.212,1.695,1.057,15.0
1961,-2.008,0.212,0.000,148.212,1.695,1.057,15.0
1962,-2.008,0.212,0.000,148.212,1.695,1.057,15.0
1963,-2.008,0.212,0.000,148.212,1.695,1.057,15.0
1964,-2.008,0.212,0.000,148.212,1.695,1.057,15.0
1965,-2.008,0.212,0.000,148.213,1.695,1.057,15.0
1966,-2.008,0.212,0.000,148.213,1.695,1.057,15.0
1967,-2.008,0.212,0.000,148.213,1.695,1.057,15.0
1968,-2.008,0.212,0.000,148.213,1.695,1.057,15.0
1969,-2.008,0.212,0.000,148.213,1.695,1.057,15.0
1970,-2.008,0.212,0.000,148.213,1.695,1.057,15.0
1971,-2.008,0.212,0.000,148.213,1.695,1.057,15.0
1972,-2.008,0.212,0.000,148.214,1.695,1.057,15.0
1973,-2.008,0.212,0.000,148.214,1.695,1.057,15.0
1974,-2.008,0.212,0.000,148.214,1.695,1.057,15.0
1975,-2.008,0.212,0.000,148.214,1.695,1.057,15.0
1976,-2.008,0.212,0.000,148.214,1.695,1.057,15.0
1977,-2.008,0.212,0.000,148.214,1.695,1.057,15.0
1978,-2.008,0.212,0.000,148.214,1.695,1.057,15.0
1979,-2.008,0.212,0.000,148.215,1.695,1.057,15.0
1980,-2.008,0.212,0.000,148.215,1.695,1.057,15.0
1981,-2.008,0.212,0.000,148.215,1.695,1.057,15.0
1982,-2.008,0.212,0.000,148.215,1.695,1.057,15.0
1983,-2.008,0.212,0.000,148.215,1.695,1.057,15.0
1984,-2.008,0.212,0.000,148.215,1.695,1.057,15.0
1985,-2.008,0.212,0.000,148.215,1.695,1.057,15.0
1986,-2.008,0.212,0.000,148.215,1.695,1.057,15.0
1987,-2.008,0.212,0.000,148.215,1.695,1.057,15.0
1988,-2.008,0.212,0.000,148.215,1.695,1.057,15.0
1989,-2.008,0.212,0.000,148.215,1.695,1.057,15.0
1990,-2.008,0.212,0.000,148.215,1.695,1.057,15.0
1991,-2.008,0.212,0.000,148.215,1.695,1.057,15.0
1992,-2.008,0.212,0.000,148.215,1.695,1.057,15.0
1993,-2.008,0.212,0.000,148.215,1.695,1.057,15.0
1994,-2.008,0.212,0.000,148.215,1.695,1.057,15.0
1995,-2.008,0.212,0.000,148.215,1.695,1.057,15.0
1996,-2.008,0.212,0.000,148.215,1.695,1.057,15.0
1997,-2.008,0.212,0.000,148.216,1.695,1.057,15.0
1998,-2.008,0.212,0.000,148.216,1.695,1.057,15.0
1999,-2.008,0.212,0.000,148.216,1.695,1.057,15.0
2000,-2.008,0.212,0.000,148.216,1.695,1.057,15.0
2001,-2.008,0.212,0.000,148.216,1.695,1.057,15.0
2002,-2.008,0.212,0.000,148.216,1.695,1.057,15.0
2003,-2.008,0.212,0.000,148.217,1.695,1.057,15.0
2004,-2.008,0.212,0.000,148.217,1.695,1.057,15.0
2005,-2.008,0.212,0.000,148.217,1.695,1.057,15.0
2006,-2.008,0.212,0.000,148.217,1.695,1.057,15.0
2007,-2.008,0.212,0.000,148.218,1.695,1.057,15.0
2008,-2.008,0.212,0.000,148.218,1.695,1.057,15.0
2009,-2.008,0.212,0.000,148.218,1.695,1.057,15.0
2010,-2.008,0.212,0.000,148.218,1.695,1.057,15.0
2011,-2.008,0.212,0.000,148.218,1.695,1.057,15.0
2012,-2.008,0.212,0.000,148.218,1.695,1.057,15.0
2013,-2.008,0.212,0.000,148.218,1.695,1.057,15.0
2014,-2.008,0.212,0.000,148.218,1.695,1.057,15.0
2015,-2.008,0.212,0.000,148.219,1.695,1.057,15.0
2016,-2.008,0.212,0.000,148.219,1.695,1.057,15.0
2017,-2.008,0.212,0.000,148.219,1.695,1.057,15.0
2018,-2.008,0.212,0.000,148.219,1.695,1.057,15.0
2019,-2.008,0.212,0.000,148.219,1.695,1.057,15.0
2020,-2.008,0.212,0.000,148.219,1.695,1.057,15.0
2021,-2.008,0.212,0.000,148.219,1.695,1.057,15.0
2022,-2.008,0.212,0.000,148.219,1.695,1.057,15.0
2023,-2.008,0.212,0.000,148.219,1.695,1.057,15.0
2024,-2.008,0.212,0.000,148.219,1.695,1.057,15.0
2025,-2.008,0.212,0.000,148.219,1.695,1.057,15.0
2026,-2.008,0.212,0.000,148.219,1.695,1.057,15.0
2027,-2.008,0.212,0.000,148.219,1.695,1.057,15.0
2028,-2.008,0.212,0.000,148.219,1.695,1.057,15.0
2029,-2.008,0.212,0.000,148.219,1.695,1.057,15.0
2030,-2.008,0.212,0.000,148.219,1.695,1.057,15.0
2031,-2.008,0.212,0.000,148.219,1.695,1.057,15.0
2032,-2.008,0.212,0.000,148.219,1.695,1.057,15.0
2033,-2.008,0.212,0.000,148.219,1.695,1.057,15.0
2034,-2.008,0.212,0.000,148.219,1.695,1.057,15.0
2035,-2.008,0.212,0.000,148.219,1.696,1.057,15.0
2036,-2.008,0.212,0.000,148.220,1.696,1.057,15.0
2037,-2.008,0.212,0.000,148.220,1.696,1.057,15.0
2038,-2.008,0.212,0.000,148.220,1.696,1.057,15.0
2039,-2.008,0.212,0.000,148.220,1.696,1.057,15.0
2040,-2.008,0.212,0.000,148.220,1.696,1.057,15.0
2041,-2.008,0.212,0.000,148.220,1.696,1.057,15.0
2042,-2.008,0.212,0.000,148.220,1.696,1.057,15.0
2043,-2.008,0.212,0.000,148.221,1.696,1.057,15.0
2044,-2.008,0.212,0.000,148.221,1.696,1.057,15.0
2045,-2.008,0.212,0.000,148.221,1.696,1.057,15.0
2046,-2.008,0.212,0.000,148.221,1.696,1.057,15.0
2047,-2.008,0.212,0.000,148.221,1.696,1.057,15.0
2048,-2.008,0.212,0.000,148.221,1.696,1.057,15.0
2049,-2.008,0.212,0.000,148.221,1.696,1.057,15.0
2050,-2.008,0.212,0.000,148.221,1.696,1.057,15.0
2051,-2.008,0.212,0.000,148.221,1.696,1.057,15.0
2052,-2.008,0.212,0.000,148.221,1.696,1.057,15.0
2053,-2.008,0.212,0.000,148.221,1.696,1.057,15.0
2054,-2.008,0.212,0.000,148.220,1.696,1.057,15.0
2055,-2.008,0.212,0.000,148.220,1.696,1.057,15.0
2056,-2.008,0.212,0.000,148.220,1.696,1.057,15.0
2057,-2.008,0.212,0.000,148.220,1.696,1.057,15.0
2058,-2.008,0.212,0.000,148.220,1.696,1.057,15.0
2059,-2.008,0.212,0.000,148.220,1.696,1.057,15.0
2060,-2.008,0.212,0.000,148.220,1.696,1.057,15.0
2061,-2.008,0.212,0.000,148.220,1.696,1.057,15.0
2062,-2.008,0.212,0.000,148.220,1.696,1.057,15.0
2063,-2.008,0.212,0.000,148.219,1.696,1.057,15.0
2064,-2.008,0.212,0.000,148.219,1.695,1.057,15.0
2065,-2.008,0.212,0.000,148.219,1.695,1.057,15.0
2066,-2.008,0.212,0.000,148.219,1.695,1.057,15.0
2067,-2.008,0.212,0.000,148.219,1.695,1.057,15.0
2068,-2.008,0.212,0.000,148.219,1.695,1.057,15.0
2069,-2.008,0.212,0.000,148.219,1.695,1.057,15.0
2070,-2.008,0.212,0.000,148.219,1.695,1.057,15.0
2071,-2.008,0.212,0.000,148.219,1.695,1.057,15.0
2072,-2.008,0.212,0.000,148.219,1.695,1.057,15.0
2073,-2.008,0.212,0.000,148.219,1.695,1.057,15.0
2074,-2.008,0.212,0.000,148.219,1.695,1.057,15.0
2075,-2.008,0.212,0.000,148.219,1.695,1.057,15.0
2076,-2.008,0.212,0.000,148.219,1.695,1.057,15.0
2077,-2.008,0.212,0.000,148.219,1.695,1.057,15.0
2078,-2.008,0.212,0.000,148.219,1.695,1.057,15.0
2079,-2.008,0.212,0.000,148.219,1.695,1.057,15.0
2080,-2.008,0.212,0.000,148.219,1.695,1.057,15.0
2081,-2.008,0.212,0.000,148.219,1.695,1.057,15.0
2082,-2.008,0.212,0.000,148.219,1.695,1.057,15.0
2083,-2.008,0.212,0.000,148.219,1.695,1.057,15.0
2084,-2.008,0.212,0.000,148.219,1.695,1.057,15.0
2085,-2.008,0.212,0.000,148.219,1.695,1.057,15.0
2086,-2.008,0.212,0.000,148.218,1.695,1.057,15.0
2087,-2.008,0.212,0.000,148.218,1.695,1.057,15.0
2088,-2.008,0.212,0.000,148.218,1.695,1.057,15.0
2089,-2.008,0.212,0.000,148.218,1.695,1.057,15.0
2090,-2.008,0.212,0.000,148.217,1.695,1.057,15.0
2091,-2.008,0.212,0.000,148.217,1.695,1.057,15.0
2092,-2.008,0.212,0.000,148.217,1.695,1.057,15.0
2093,-2.008,0.212,0.000,148.217,1.695,1.057,15.0
2094,-2.008,0.212,0.000,148.216,1.695,1.057,15.0
2095,-2.008,0.212,0.000,148.216,1.695,1.057,15.0
2096,-2.008,0.212,0.000,148.216,1.695,1.057,15.0
2097,-2.008,0.212,0.000,148.215,1.695,1.057,15.0
2098,-2.008,0.212,0.000,148.215,1.695,1.057,15.0
2099,-2.008,0.212,0.000,148.215,1.695,1.057,15.0
2100,-2.008,0.212,0.000,148.215,1.695,1.057,15.0
2101,-2.008,0.212,0.000,148.214,1.695,1.057,15.0
2102,-2.008,0.212,0.000,148.214,1.695,1.057,15.0
2103,-2.008,0.212,0.000,148.214,1.695,1.057,15.0
2104,-2.008,0.212,0.000,148.214,1.695,1.057,15.0
2105,-2.008,0.212,0.000,148.214,1.695,1.057,15.0
2106,-2.008,0.212,0.000,148.213,1.695,1.057,15.0
2107,-2.008,0.212,0.000,148.213,1.695,1.057,15.0
2108,-2.008,0.212,0.000,148.213,1.695,1.057,15.0
2109,-2.008,0.212,0.000,148.213,1.695,1.057,15.0
2110,-2.008,0.212,0.000,148.213,1.695,1.057,15.0
2111,-2.008,0.212,0.000,148.212,1.695,1.057,15.0
2112,-2.008,0.212,0.000,148.212,1.695,1.057,15.0
2113,-2.008,0.212,0.000,148.212,1.695,1.057,15.0
2114,-2.008,0.212,0.000,148.212,1.695,1.057,15.0
2115,-2.008,0.212,0.000,148.212,1.695,1.057,15.0
2116,-2.008,0.212,0.000,148.211,1.695,1.057,15.0
2117,-2.008,0.212,0.000,148.211,1.695,1.057,15.0
2118,-2.008,0.212,0.000,148.211,1.695,1.057,15.0
2119,-2.008,0.212,0.000,148.211,1.695,1.057,15.0
2120,-2.008,0.212,0.000,148.210,1.695,1.057,15.0
2121,-2.008,0.212,0.000,148.210,1.695,1.057,15.0
2122,-2.008,0.212,0.000,148.210,1.695,1.057,15.0
2123,-2.008,0.212,0.000,148.209,1.695,1.057,15.0
2124,-2.008,0.212,0.000,148.209,1.695,1.057,15.0
2125,-2.008,0.212,0.000,148.209,1.695,1.057,15.0
2126,-2.008,0.212,0.000,148.208,1.695,1.057,15.0
2127,-2.008,0.212,0.000,148.208,1.695,1.057,15.0
2128,-2.008,0.212,0.000,148.207,1.695,1.057,15.0
2129,-2.008,0.212,0.000,148.207,1.695,1.057,15.0
2130,-2.008,0.212,0.000,148.206,1.695,1.057,15.0
2131,-2.008,0.212,0.000,148.206,1.695,1.057,15.0
2132,-2.008,0.212,0.000,148.206,1.695,1.057,15.0
2133,-2.008,0.212,0.000,148.205,1.695,1.057,15.0
2134,-2.008,0.212,0.000,148.205,1.695,1.057,15.0
2135,-2.008,0.212,0.000,148.204,1.695,1.057,15.0
2136,-2.008,0.212,0.000,148.204,1.695,1.057,15.0
2137,-2.008,0.212,0.000,148.203,1.695,1.057,15.0
2138,-2.008,0.212,0.000,148.203,1.695,1.057,15.0
2139,-2.008,0.212,0.000,148.203,1.695,1.057,15.0
2140,-2.008,0.212,0.000,148.202,1.695,1.057,15.0
2141,-2.008,0.212,0.000,148.202,1.695,1.057,15.0
2142,-2.008,0.212,0.000,148.202,1.695,1.057,15.0
2143,-2.008,0.212,0.000,148.201,1.695,1.057,15.0
2144,-2.008,0.212,0.000,148.201,1.695,1.057,15.0
2145,-2.008,0.212,0.000,148.201,1.695,1.057,15.0
2146,-2.008,0.212,0.000,148.200,1.695,1.057,15.0
2147,-2.008,0.212,0.000,148.200,1.695,1.057,15.0
2148,-2.008,0.212,0.000,148.199,1.695,1.057,15.0
2149,-2.008,0.212,0.000,148.199,1.695,1.057,15.0
2150,-2.008,0.212,0.000,148.199,1.695,1.057,15.0
2151,-2.008,0.212,0.000,148.198,1.695,1.057,15.0
2152,-2.008,0.212,0.000,148.198,1.695,1.057,15.0
2153,-2.008,0.212,0.000,148.198,1.695,1.057,15.0
2154,-2.008,0.212,0.000,148.197,1.695,1.057,15.0
2155,-2.008,0.212,0.000,148.197,1.695,1.057,15.0
2156,-2.008,0.212,0.000,148.196,1.695,1.057,15.0
2157,-2.008,0.212,0.000,148.196,1.695,1.057,15.0
2158,-2.008,0.212,0.000,148.195,1.695,1.057,15.0
2159,-2.008,0.212,0.000,148.195,1.695,1.057,15.0
2160,-2.008,0.212,0.000,148.194,1.695,1.058,15.0
2161,-2.008,0.212,0.000,148.193,1.695,1.058,15.0
2162,-2.008,0.212,0.000,148.193,1.695,1.058,15.0
2163,-2.008,0.212,0.000,148.192,1.695,1.058,15.0
2164,-2.008,0.212,0.000,148.192,1.695,1.058,15.0
2165,-2.008,0.212,0.000,148.191,1.695,1.058,15.0
2166,-2.008,0.212,0.000,148.190,1.695,1.058,15.0
2167,-2.008,0.212,0.000,148.190,1.695,1.058,15.0
2168,-2.008,0.212,0.000,148.189,1.695,1.058,15.0
2169,-2.008,0.212,0.000,148.188,1.695,1.058,15.0
2170,-2.008,0.212,0.000,148.188,1.695,1.058,15.0
2171,-2.008,0.212,0.000,148.187,1.695,1.058,15.0
2172,-2.008,0.212,0.000,148.187,1.695,1.058,15.0
2173,-2.008,0.212,0.000,148.186,1.695,1.058,15.0
2174,-2.008,0.212,0.000,148.186,1.695,1.058,15.0
2175,-2.008,0.212,0.000,148.185,1.695,1.058,15.0
2176,-2.008,0.212,0.000,148.185,1.695,1.058,15.0
2177,-2.008,0.212,0.000,148.184,1.695,1.058,15.0
2178,-2.008,0.212,0.000,148.184,1.695,1.058,15.0
2179,-2.008,0.212,0.000,148.183,1.695,1.058,15.0
2180,-2.008,0.212,0.000,148.183,1.695,1.058,15.0
2181,-2.008,0.212,0.000,148.182,1.695,1.058,15.0
2182,-2.008,0.212,0.000,148.182,1.695,1.058,15.0
2183,-2.008,0.212,0.000,148.181,1.695,1.058,15.0
2184,-2.008,0.212,0.000,148.181,1.695,1.058,15.0
2185,-2.008,0.212,0.000,148.180,1.695,1.058,15.0
2186,-2.008,0.212,0.000,148.180,1.695,1.058,15.0
2187,-2.008,0.212,0.000,148.179,1.695,1.058,15.0
2188,-2.008,0.212,0.000,148.178,1.695,1.058,15.0
2189,-2.008,0.212,0.000,148.178,1.695,1.058,15.0
2190,-2.008,0.212,0.000,148.177,1.695,1.058,15.0
2191,-2.008,0.212,0.000,148.177,1.695,1.058,15.0
2192,-2.008,0.212,0.000,148.176,1.695,1.058,15.0
2193,-2.008,0.212,0.000,148.175,1.695,1.058,15.0
2194,-2.008,0.212,0.000,148.175,1.695,1.058,15.0
2195,-2.008,0.212,0.000,148.174,1.695,1.058,15.0
2196,-2.008,0.212,0.000,148.173,1.695,1.058,15.0
2197,-2.008,0.212,0.000,148.173,1.695,1.058,15.0
2198,-2.008,0.212,0.000,148.172,1.695,1.058,15.0
2199,-2.008,0.212,0.000,148.171,1.695,1.058,15.0
2200,-2.008,0.212,0.000,148.170,1.695,1.058,15.0
2201,-2.008,0.212,0.000,148.170,1.695,1.058,15.0
2202,-2.008,0.212,0.000,148.169,1.695,1.058,15.0
2203,-2.008,0.212,0.000,148.168,1.695,1.058,15.0
2204,-2.008,0.212,0.000,148.167,1.695,1.058,15.0
2205,-2.008,0.212,0.000,148.167,1.695,1.058,15.0
2206,-2.008,0.212,0.000,148.166,1.695,1.058,15.0
2207,-2.008,0.212,0.000,148.165,1.694,1.058,15.0
2208,-2.008,0.212,0.000,148.164,1.694,1.058,15.0
2209,-2.008,0.212,0.000,148.164,1.694,1.058,15.0
2210,-2.008,0.212,0.000,148.163,1.694,1.058,15.0
2211,-2.008,0.212,0.000,148.162,1.694,1.058,15.0
2212,-2.008,0.212,0.000,148.162,1.694,1.058,15.0
2213,-2.008,0.212,0.000,148.161,1.694,1.058,15.0
2214,-2.008,0.212,0.000,148.160,1.694,1.059,15.0
2215,-2.008,0.212,0.000,148.160,1.694,1.059,15.0
2216,-2.008,0.212,0.000,148.159,1.694,1.059,15.0
2217,-2.008,0.212,0.000,148.158,1.694,1.059,15.0
2218,-2.008,0.212,0.000,148.158,1.694,1.059,15.0
2219,-2.008,0.212,0.000,148.157,1.694,1.059,15.0
2220,-2.008,0.212,0.000,148.157,1.694,1.059,15.0
2221,-2.008,0.212,0.000,148.156,1.694,1.059,15.0
2222,-2.008,0.212,0.000,148.155,1.694,1.059,15.0
2223,-2.008,0.212,0.000,148.155,1.694,1.059,15.0
2224,-2.008,0.212,0.000,148.154,1.694,1.059,15.0
2225,-2.008,0.212,0.000,148.153,1.694,1.059,15.0
2226,-2.008,0.212,0.000,148.153,1.694,1.059,15.0
2227,-2.008,0.212,0.000,148.152,1.694,1.059,15.0
2228,-2.008,0.212,0.000,148.151,1.694,1.059,15.0
2229,-2.008,0.212,0.000,148.150,1.694,1.059,15.0
2230,-2.008,0.212,0.000,148.150,1.694,1.059,15.0
2231,-2.008,0.212,0.000,148.149,1.694,1.059,15.0
2232,-2.008,0.212,0.000,148.148,1.694,1.059,15.0
2233,-2.008,0.212,0.000,148.147,1.694,1.059,15.0
2234,-2.008,0.212,0.000,148.147,1.694,1.059,15.0
2235,-2.008,0.212,0.000,148.146,1.694,1.059,15.0
2236,-2.008,0.212,0.000,148.145,1.694,1.059,15.0
2237,-2.008,0.212,0.000,148.144,1.694,1.059,15.0
2238,-2.008,0.212,0.000,148.143,1.694,1.059,15.0
2239,-2.008,0.212,0.000,148.142,1.694,1.059,15.0
2240,-2.008,0.212,0.000,148.141,1.694,1.059,15.0
2241,-2.008,0.212,0.000,148.141,1.694,1.059,15.0
2242,-2.008,0.212,0.000,148.140,1.694,1.059,15.0
2243,-2.008,0.212,0.000,148.139,1.694,1.059,15.0
2244,-2.008,0.212,0.000,148.138,1.694,1.059,15.0
2245,-2.008,0.212,0.000,148.137,1.694,1.059,15.0
2246,-2.008,0.212,0.000,148.137,1.694,1.059,15.0
2247,-2.008,0.212,0.000,148.136,1.694,1.059,15.0
2248,-2.008,0.212,0.000,148.135,1.694,1.059,15.0
2249,-2.008,0.212,0.000,148.134,1.694,1.059,15.0
2250,-2.008,0.212,0.000,148.134,1.694,1.059,15.0
2251,-2.008,0.212,0.000,148.133,1.694,1.059,15.0
2252,-2.008,0.212,0.000,148.132,1.694,1.059,15.0
2253,-2.008,0.212,0.000,148.132,1.694,1.059,15.0
2254,-2.008,0.212,0.000,148.131,1.694,1.059,15.0
2255,-2.008,0.212,0.000,148.130,1.694,1.059,15.0
2256,-2.008,0.213,0.000,148.130,1.694,1.059,15.0
2257,-2.008,0.213,0.000,148.129,1.694,1.059,15.0
2258,-2.008,0.213,0.000,148.128,1.694,1.059,15.0
2259,-2.008,0.213,0.000,148.127,1.694,1.059,15.0
2260,-2.008,0.213,0.000,148.127,1.694,1.060,15.0
2261,-2.008,0.213,0.000,148.126,1.694,1.060,15.0
2262,-2.008,0.213,0.000,148.125,1.694,1.060,15.0
2263,-2.008,0.213,0.000,148.124,1.694,1.060,15.0
2264,-2.008,0.213,0.000,148.124,1.694,1.060,15.0
2265,-2.008,0.213,0.000,148.123,1.694,1.060,15.0
2266,-2.008,0.213,0.000,148.122,1.694,1.060,15.0
2267,-2.008,0.213,0.000,148.121,1.694,1.060,15.0
2268,-2.008,0.213,0.000,148.120,1.694,1.060,15.0
2269,-2.008,0.213,0.000,148.119,1.694,1.060,15.0
2270,-2.008,0.213,0.000,148.119,1.694,1.060,15.0
2271,-2.008,0.213,0.000,148.118,1.694,1.060,15.0
2272,-2.008,0.213,0.000,148.117,1.694,1.060,15.0
2273,-2.008,0.213,0.000,148.116,1.694,1.060,15.0
2274,-2.008,0.213,0.000,148.115,1.694,1.060,15.0
2275,-2.008,0.213,0.000,148.114,1.694,1.060,15.0
2276,-2.008,0.213,0.000,148.113,1.694,1.060,15.0
2277,-2.008,0.213,0.000,148.112,1.694,1.060,15.0
2278,-2.008,0.213,0.000,148.111,1.694,1.060,15.0
2279,-2.008,0.213,0.000,148.111,1.693,1.060,15.0
2280,-2.008,0.213,0.000,148.110,1.693,1.060,15.0
2281,-2.008,0.213,0.000,148.109,1.693,1.060,15.0
2282,-2.008,0.213,0.000,148.108,1.693,1.060,15.0
2283,-2.008,0.213,0.000,148.107,1.693,1.060,15.0
2284,-2.008,0.213,0.000,148.107,1.693,1.060,15.0
2285,-2.008,0.213,0.000,148.106,1.693,1.060,15.0
2286,-2.008,0.213,0.000,148.105,1.693,1.060,15.0
2287,-2.008,0.213,0.000,148.105,1.693,1.060,15.0
2288,-2.008,0.213,0.000,148.104,1.693,1.060,15.0
2289,-2.008,0.213,0.000,148.103,1.693,1.060,15.0
2290,-2.008,0.213,0.000,148.102,1.693,1.060,15.0
2291,-2.008,0.213,0.000,148.102,1.693,1.060,15.0
2292,-2.008,0.213,0.000,148.101,1.693,1.060,15.0
2293,-2.008,0.213,0.000,148.100,1.693,1.060,15.0
2294,-2.008,0.213,0.000,148.100,1.693,1.060,15.0
2295,-2.008,0.213,0.000,148.099,1.693,1.060,15.0
2296,-2.008,0.213,0.000,148.098,1.693,1.060,15.0
2297,-2.008,0.213,0.000,148.097,1.693,1.060,15.0
2298,-2.008,0.213,0.000,148.097,1.693,1.060,15.0
2299,-2.008,0.213,0.000,148.096,1.693,1.060,15.0
2300,-2.008,0.213,0.000,148.095,1.693,1.060,15.0
2301,-2.008,0.213,0.000,148.094,1.693,1.060,15.0
2302,-2.008,0.213,0.000,148.094,1.693,1.060,15.0
2303,-2.008,0.213,0.000,148.093,1.693,1.061,15.0
2304,-2.008,0.213,0.000,148.092,1.693,1.061,15.0
2305,-2.008,0.213,0.000,148.091,1.693,1.061,15.0
2306,-2.008,0.213,0.000,148.090,1.693,1.061,15.0
2307,-2.008,0.213,0.000,148.089,1.693,1.061,15.0
2308,-2.008,0.213,0.000,148.088,1.693,1.061,15.0
2309,-2.008,0.213,0.000,148.087,1.693,1.061,15.0
2310,-2.008,0.213,0.000,148.087,1.693,1.061,15.0
2311,-2.008,0.213,0.000,148.086,1.693,1.061,15.0
2312,-2.008,0.213,0.000,148.085,1.693,1.061,15.0
2313,-2.008,0.213,0.000,148.084,1.693,1.061,15.0
2314,-2.008,0.213,0.000,148.083,1.693,1.061,15.0
2315,-2.008,0.213,0.000,148.082,1.693,1.061,15.0
2316,-2.008,0.213,0.000,148.081,1.693,1.061,15.0
2317,-2.008,0.213,0.000,148.081,1.693,1.061,15.0
2318,-2.008,0.213,0.000,148.080,1.693,1.061,15.0
2319,-2.008,0.213,0.000,148.079,1.693,1.061,15.0
2320,-2.008,0.213,0.000,148.078,1.693,1.061,15.0
2321,-2.008,0.213,0.000,148.078,1.693,1.061,15.0
2322,-2.008,0.213,0.000,148.077,1.693,1.061,15.0
2323,-2.008,0.213,0.000,148.076,1.693,1.061,15.0
2324,-2.008,0.213,0.000,148.076,1.693,1.061,15.0
2325,-2.008,0.213,0.000,148.075,1.693,1.061,15.0
2326,-2.008,0.213,0.000,148.074,1.693,1.061,15.0
2327,-2.008,0.213,0.000,148.074,1.693,1.061,15.0
2328,-2.008,0.213,0.000,148.073,1.693,1.061,15.0
2329,-2.008,0.213,0.000,148.072,1.693,1.061,15.0
2330,-2.008,0.213,0.000,148.072,1.693,1.061,15.0
2331,-2.008,0.213,0.000,148.071,1.693,1.061,15.0
2332,-2.008,0.213,0.000,148.070,1.693,1.061,15.0
2333,-2.008,0.213,0.000,148.070,1.693,1.061,15.0
2334,-2.008,0.213,0.000,148.069,1.693,1.061,15.0
2335,-2.008,0.213,0.000,148.068,1.693,1.061,15.0
2336,-2.008,0.213,0.000,148.067,1.693,1.061,15.0
2337,-2.008,0.213,0.000,148.067,1.693,1.061,15.0
2338,-2.008,0.213,0.000,148.066,1.693,1.061,15.0
2339,-2.008,0.213,0.000,148.065,1.693,1.061,15.0
2340,-2.008,0.213,0.000,148.064,1.693,1.061,15.0
2341,-2.008,0.213,0.000,148.064,1.693,1.061,15.0
2342,-2.008,0.213,0.000,148.063,1.693,1.061,15.0
2343,-2.008,0.213,0.000,148.062,1.693,1.061,15.0
2344,-2.008,0.213,0.000,148.061,1.693,1.061,15.0
2345,-2.008,0.213,0.000,148.060,1.693,1.061,15.0
2346,-2.008,0.213,0.000,148.060,1.693,1.061,15.0
2347,-2.008,0.213,0.000,148.059,1.693,1.062,15.0
2348,-2.008,0.213,0.000,148.058,1.693,1.062,15.0
2349,-2.008,0.213,0.000,148.057,1.693,1.062,15.0
2350,-2.008,0.213,0.000,148.056,1.692,1.062,15.0
2351,-2.008,0.213,0.000,148.056,1.692,1.062,15.0
2352,-2.008,0.213,0.000,148.055,1.692,1.062,15.0
2353,-2.008,0.213,0.000,148.054,1.692,1.062,15.0
2354,-2.008,0.213,0.000,148.054,1.692,1.062,15.0
2355,-2.008,0.213,0.000,148.053,1.692,1.062,15.0
2356,-2.008,0.213,0.000,148.052,1.692,1.062,15.0
2357,-2.008,0.213,0.000,148.052,1.692,1.062,15.0
2358,-2.008,0.213,0.000,148.051,1.692,1.062,15.0
2359,-2.008,0.213,0.000,148.050,1.692,1.062,15.0
2360,-2.008,0.213,0.000,148.050,1.692,1.062,15.0
2361,-2.008,0.213,0.000,148.049,1.692,1.062,15.0
2362,-2.008,0.213,0.000,148.048,1.692,1.062,15.0
2363,-2.008,0.213,0.000,148.048,1.692,1.062,15.0
2364,-2.008,0.213,0.000,148.047,1.692,1.062,15.0
2365,-2.008,0.213,0.000,148.047,1.692,1.062,15.0
2366,-2.008,0.213,0.000,148.046,1.692,1.062,15.0
2367,-2.008,0.213,0.000,148.046,1.692,1.062,15.0
2368,-2.008,0.213,0.000,148.045,1.692,1.062,15.0
2369,-2.008,0.213,0.000,148.044,1.692,1.062,15.0
2370,-2.008,0.213,0.000,148.044,1.692,1.062,15.0
2371,-2.008,0.213,0.000,148.043,1.692,1.062,15.0
2372,-2.008,0.213,0.000,148.042,1.692,1.062,15.0
2373,-2.008,0.213,0.000,148.042,1.692,1.062,15.0
2374,-2.008,0.213,0.000,148.041,1.692,1.062,15.0
2375,-2.008,0.213,0.000,148.040,1.692,1.062,15.0
2376,-2.008,0.213,0.000,148.040,1.692,1.062,15.0
2377,-2.008,0.213,0.000,148.039,1.692,1.062,15.0
2378,-2.008,0.213,0.000,148.038,1.692,1.062,15.0
2379,-2.008,0.213,0.000,148.037,1.692,1.062,15.0
2380,-2.008,0.213,0.000,148.037,1.692,1.062,15.0
2381,-2.008,0.213,0.000,148.036,1.692,1.062,15.0
2382,-2.008,0.213,0.000,148.035,1.692,1.062,15.0
2383,-2.008,0.213,0.000,148.035,1.692,1.062,15.0
2384,-2.008,0.213,0.000,148.034,1.692,1.062,15.0
2385,-2.008,0.213,0.000,148.033,1.692,1.062,15.0
2386,-2.008,0.213,0.000,148.033,1.692,1.062,15.0
2387,-2.008,0.213,0.000,148.032,1.692,1.062,15.0
2388,-2.008,0.213,0.000,148.031,1.692,1.062,15.0
2389,-2.008,0.213,0.000,148.031,1.692,1.062,15.0
2390,-2.008,0.213,0.000,148.030,1.692,1.062,15.0
2391,-2.008,0.213,0.000,148.029,1.692,1.062,15.0
2392,-2.008,0.213,0.000,148.029,1.692,1.062,15.0
2393,-2.008,0.213,0.000,148.028,1.692,1.062,15.0
2394,-2.008,0.213,0.000,148.028,1.692,1.062,15.0
2395,-2.008,0.213,0.000,148.027,1.692,1.062,15.0
2396,-2.008,0.213,0.000,148.027,1.692,1.062,15.0
2397,-2.008,0.213,0.000,148.026,1.692,1.062,15.0
2398,-2.008,0.213,0.000,148.026,1.692,1.062,15.0
2399,-2.008,0.213,0.000,148.025,1.692,1.062,15.0
2400,-2.008,0.213,0.000,148.025,1.692,1.063,15.0
2401,-2.008,0.213,0.000,148.024,1.692,1.063,15.0
2402,-2.008,0.213,0.000,148.024,1.692,1.063,15.0
2403,-2.008,0.213,0.000,148.023,1.692,1.063,15.0
2404,-2.008,0.213,0.000,148.023,1.692,1.063,15.0
2405,-2.008,0.213,0.000,148.022,1.692,1.063,15.0
2406,-2.008,0.213,0.000,148.022,1.692,1.063,15.0
2407,-2.008,0.213,0.000,148.021,1.692,1.063,15.0
2408,-2.008,0.213,0.000,148.021,1.692,1.063,15.0
2409,-2.008,0.213,0.000,148.020,1.692,1.063,15.0
2410,-2.008,0.213,0.000,148.020,1.692,1.063,15.0
2411,-2.008,0.213,0.000,148.019,1.692,1.063,15.0
2412,-2.008,0.213,0.000,148.018,1.692,1.063,15.0
2413,-2.008,0.213,0.000,148.018,1.692,1.063,15.0
2414,-2.008,0.213,0.000,148.017,1.692,1.063,15.0
2415,-2.008,0.213,0.000,148.017,1.692,1.063,15.0
2416,-2.008,0.213,0.000,148.016,1.692,1.063,15.0
2417,-2.008,0.213,0.000,148.015,1.692,1.063,15.0
2418,-2.008,0.213,0.000,148.015,1.692,1.063,15.0
2419,-2.008,0.213,0.000,148.014,1.692,1.063,15.0
2420,-2.008,0.213,0.000,148.013,1.692,1.063,15.0
2421,-2.008,0.213,0.000,148.013,1.692,1.063,15.0
2422,-2.008,0.213,0.000,148.012,1.692,1.063,15.0
2423,-2.008,0.213,0.000,148.012,1.692,1.063,15.0
2424,-2.008,0.213,0.000,148.011,1.692,1.063,15.0
2425,-2.008,0.213,0.000,148.011,1.692,1.063,15.0
2426,-2.008,0.213,0.000,148.010,1.692,1.063,15.0
2427,-2.008,0.213,0.000,148.010,1.692,1.063,15.0
2428,-2.008,0.213,0.000,148.009,1.692,1.063,15.0
2429,-2.008,0.213,0.000,148.009,1.692,1.063,15.0
2430,-2.008,0.213,0.000,148.008,1.692,1.063,15.0
2431,-2.008,0.213,0.000,148.008,1.692,1.063,15.0
2432,-2.008,0.213,0.000,148.007,1.692,1.063,15.0
2433,-2.008,0.213,0.000,148.007,1.692,1.063,15.0
2434,-2.008,0.213,0.000,148.007,1.692,1.063,15.0
2435,-2.008,0.213,0.000,148.006,1.692,1.063,15.0
2436,-2.008,0.213,0.000,148.006,1.692,1.063,15.0
2437,-2.008,0.213,0.000,148.006,1.692,1.063,15.0
2438,-2.008,0.213,0.000,148.005,1.692,1.063,15.0
2439,-2.008,0.213,0.000,148.005,1.692,1.063,15.0
2440,-2.008,0.213,0.000,148.005,1.692,1.063,15.0
2441,-2.008,0.213,0.000,148.004,1.692,1.063,15.0
2442,-2.008,0.213,0.000,148.004,1.692,1.063,15.0
2443,-2.008,0.213,0.000,148.003,1.692,1.063,15.0
2444,-2.008,0.213,0.000,148.003,1.691,1.063,15.0
2445,-2.008,0.213,0.000,148.002,1.691,1.063,15.0
2446,-2.008,0.213,0.000,148.002,1.691,1.063,15.0
2447,-2.008,0.213,0.000,148.002,1.691,1.063,15.0
2448,-2.008,0.213,0.000,148.001,1.691,1.063,15.0
2449,-2.008,0.213,0.000,148.001,1.691,1.063,15.0
2450,-2.008,0.213,0.000,148.000,1.691,1.063,15.0
2451,-2.008,0.213,0.000,148.000,1.691,1.063,15.0
2452,-2.008,0.213,0.000,147.999,1.691,1.063,15.0
2453,-2.008,0.213,0.000,147.999,1.691,1.063,15.0
2454,-2.008,0.213,0.000,147.998,1.691,1.063,15.0
2455,-2.008,0.213,0.000,147.998,1.691,1.063,15.0
2456,-2.008,0.213,0.000,147.997,1.691,1.063,15.0
2457,-2.008,0.213,0.000,147.997,1.691,1.063,15.0
2458,-2.008,0.213,0.000,147.996,1.691,1.063,15.0
2459,-2.008,0.213,0.000,147.996,1.691,1.063,15.0
2460,-2.008,0.213,0.000,147.996,1.691,1.063,15.0
2461,-2.008,0.213,0.000,147.995,1.691,1.063,15.0
2462,-2.008,0.213,0.000,147.995,1.691,1.063,15.0
2463,-2.008,0.213,0.000,147.994,1.691,1.063,15.0
2464,-2.008,0.213,0.000,147.994,1.691,1.063,15.0
2465,-2.008,0.213,0.000,147.994,1.691,1.063,15.0
2466,-2.008,0.213,0.000,147.993,1.691,1.063,15.0
2467,-2.008,0.213,0.000,147.993,1.691,1.063,15.0
2468,-2.008,0.213,0.000,147.993,1.691,1.063,15.0
2469,-2.008,0.213,0.000,147.993,1.691,1.063,15.0
2470,-2.008,0.213,0.000,147.992,1.691,1.063,15.0
2471,-2.008,0.213,0.000,147.992,1.691,1.063,15.0
2472,-2.008,0.213,0.000,147.992,1.691,1.063,15.0
2473,-2.008,0.213,0.000,147.992,1.691,1.063,15.0
2474,-2.008,0.213,0.000,147.991,1.691,1.063,15.0
2475,-2.008,0.213,0.000,147.991,1.691,1.064,15.0
2476,-2.008,0.213,0.000,147.991,1.691,1.064,15.0
2477,-2.008,0.213,0.000,147.991,1.691,1.064,15.0
2478,-2.008,0.213,0.000,147.990,1.691,1.064,15.0
2479,-2.008,0.213,0.000,147.990,1.691,1.064,15.0
2480,-2.008,0.213,0.000,147.990,1.691,1.064,15.0
2481,-2.008,0.213,0.000,147.990,1.691,1.064,15.0
2482,-2.008,0.213,0.000,147.989,1.691,1.064,15.0
2483,-2.008,0.213,0.000,147.989,1.691,1.064,15.0
2484,-2.008,0.213,0.000,147.988,1.691,1.064,15.0
2485,-2.008,0.213,0.000,147.988,1.691,1.064,15.0
2486,-2.008,0.213,0.000,147.988,1.691,1.064,15.0
2487,-2.008,0.213,0.000,147.987,1.691,1.064,15.0
2488,-2.008,0.213,0.000,147.987,1.691,1.064,15.0
2489,-2.008,0.213,0.000,147.987,1.691,1.064,15.0
2490,-2.008,0.213,0.000,147.986,1.691,1.064,15.0
2491,-2.008,0.213,0.000,147.986,1.691,1.064,15.0
2492,-2.008,0.213,0.000,147.986,1.691,1.064,15.0
2493,-2.008,0.213,0.000,147.985,1.691,1.064,15.0
2494,-2.008,0.213,0.000,147.985,1.691,1.064,15.0
2495,-2.008,0.213,0.000,147.985,1.691,1.064,15.0
2496,-2.008,0.213,0.000,147.984,1.691,1.064,15.0
2497,-2.008,0.213,0.000,147.984,1.691,1.064,15.0
2498,-2.008,0.213,0.000,147.984,1.691,1.064,15.0
2499,-2.008,0.213,0.000,147.984,1.691,1.064,15.0
2500,-2.008,0.213,0.000,147.983,1.691,1.064,15.0
