1,-0.500,0.500,0.153,0.000,0.000,0.000,1
2,-0.500,0.500,0.473,0.000,0.000,0.000,1
3,-0.500,0.500,0.808,0.000,0.000,0.000,1
4,-0.500,0.500,1.088,0.000,0.000,0.000,1
5,-0.500,0.500,1.290,0.000,0.000,0.000,1
6,-0.500,0.500,1.420,0.000,0.000,0.000,1
7,-0.500,0.500,1.493,0.000,0.000,0.000,1
8,-0.500,0.500,1.522,0.000,0.000,0.000,1
9,-0.500,0.500,1.534,0.000,0.000,0.000,1
10,-0.500,0.500,1.533,0.000,0.000,0.000,1
11,-0.500,0.500,1.527,0.000,0.000,0.000,1
12,-0.500,0.500,1.519,0.000,0.000,0.000,1
13,-0.500,0.500,1.512,0.000,0.000,0.000,1
14,-0.500,0.500,1.506,0.000,0.000,0.000,-1
15,-0.500,0.500,1.503,0.000,0.000,0.000,-1
16,-0.500,0.500,1.502,-0.003,-0.129,0.129,-1
17,-0.500,0.500,1.502,-0.007,-0.213,0.213,-1
18,-0.502,0.498,1.502,-0.012,-0.222,0.222,-1
19,-0.503,0.497,1.502,-0.014,-0.161,0.161,-1
20,-0.506,0.494,1.502,-0.015,-0.056,0.057,-1
21,-0.509,0.491,1.502,3.536,0.080,0.046,4.0
22,-0.511,0.489,1.501,10.204,0.158,0.050,4.0
23,-0.513,0.486,1.501,18.095,0.163,0.048,4.0
24,-0.514,0.483,1.501,26.368,0.111,0.049,4.0
25,-0.515,0.480,1.501,34.597,0.037,0.056,4.0
26,-0.516,0.477,1.501,42.552,-0.028,0.060,4.0
27,-0.516,0.473,1.501,50.119,-0.067,0.052,4.0
28,-0.517,0.470,1.501,57.252,-0.076,0.028,4.0
29,-0.518,0.466,1.501,63.939,-0.062,-0.005,4.0
30,-0.518,0.462,1.501,70.188,-0.035,-0.037,4.0
31,-0.519,0.458,1.501,76.017,-0.005,-0.056,4.0
32,-0.520,0.454,1.501,81.447,0.022,-0.057,4.0
33,-0.522,0.450,1.501,86.503,0.042,-0.043,4.0
34,-0.523,0.446,1.501,91.054,0.051,-0.021,4.0
35,-0.525,0.443,1.501,95.027,0.047,0.007,4.0
36,-0.526,0.439,1.501,98.310,0.034,0.029,4.0
37,-0.528,0.436,1.501,100.845,0.015,0.041,4.0
38,-0.529,0.432,1.501,102.609,-0.004,0.039,4.0
39,-0.530,0.429,1.501,103.618,-0.018,0.027,4.0
40,-0.531,0.426,1.501,103.919,-0.024,0.011,4.0
41,-0.532,0.422,1.501,103.585,-0.021,-0.005,4.0
42,-0.533,0.419,1.501,102.708,-0.013,-0.016,4.0
43,-0.534,0.415,1.501,101.397,-0.003,-0.020,4.0
44,-0.536,0.412,1.501,99.763,0.006,-0.017,4.0
45,-0.537,0.408,1.501,97.921,0.011,-0.010,4.0
46,-0.538,0.405,1.501,95.981,0.011,-0.002,4.0
47,-0.539,0.401,1.501,94.042,0.008,0.003,4.0
48,-0.541,0.398,1.501,92.191,0.004,0.006,4.0
49,-0.542,0.394,1.501,90.503,0.001,0.005,4.0
50,-0.543,0.391,1.500,89.036,-0.001,0.002,4.0
51,-0.544,0.387,1.500,87.831,-0.001,-0.000,4.0
52,-0.545,0.384,1.500,86.923,-0.000,-0.002,4.0
53,-0.547,0.380,1.500,86.308,0.001,-0.003,4.0
54,-0.548,0.377,1.500,85.983,0.002,-0.003,4.0
55,-0.549,0.373,1.500,85.928,0.003,-0.001,4.0
56,-0.550,0.370,1.500,86.113,0.002,0.001,4.0
57,-0.552,0.366,1.500,86.502,0.002,0.002,4.0
58,-0.553,0.363,1.500,87.050,0.002,0.003,4.0
59,-0.554,0.359,1.500,87.711,0.001,0.005,4.0
60,-0.555,0.356,1.500,88.445,0.001,0.006,4.0
61,-0.557,0.352,1.500,89.210,0.001,0.006,4.0
62,-0.558,0.349,1.500,89.968,0.001,0.005,4.0
63,-0.559,0.345,1.500,90.688,0.002,0.003,4.0
64,-0.560,0.341,1.500,91.346,0.002,0.001,4.0
65,-0.561,0.338,1.500,91.927,0.002,-0.001,4.0
66,-0.563,0.334,1.500,92.435,0.003,-0.002,4.0
67,-0.564,0.331,1.500,92.733,0.003,-0.002,4.0
68,-0.565,0.327,1.500,92.923,0.003,-0.002,4.0
69,-0.566,0.324,1.500,93.002,0.003,-0.002,4.0
70,-0.567,0.320,1.500,92.983,0.003,-0.001,4.0
71,-0.569,0.317,1.500,92.877,0.003,-0.001,4.0
72,-0.570,0.313,1.500,92.698,0.003,-0.001,4.0
73,-0.571,0.310,1.500,92.462,0.002,-0.002,4.0
74,-0.572,0.306,1.500,92.183,0.002,-0.002,4.0
75,-0.574,0.303,1.500,91.874,0.002,-0.002,4.0
76,-0.575,0.299,1.500,91.544,0.002,-0.002,4.0
77,-0.576,0.296,1.500,91.199,0.002,-0.002,4.0
78,-0.577,0.292,1.500,90.837,0.003,-0.002,4.0
79,-0.579,0.289,1.500,90.457,0.002,-0.002,4.0
80,-0.580,0.285,1.500,90.442,0.002,-0.001,4.0
81,-0.581,0.282,1.500,90.522,0.002,-0.001,4.0
82,-0.583,0.278,1.500,90.692,0.002,-0.000,4.0
83,-0.584,0.275,1.500,90.944,0.002,0.000,4.0
84,-0.585,0.271,1.500,91.267,0.002,0.002,4.0
85,-0.586,0.268,1.500,91.662,0.003,0.003,4.0
86,-0.588,0.264,1.500,92.114,0.002,0.003,4.0
87,-0.589,0.261,1.500,91.975,0.003,0.001,4.0
88,-0.590,0.257,1.500,91.708,0.003,-0.001,4.0
89,-0.592,0.254,1.500,91.332,0.004,-0.003,4.0
90,-0.593,0.250,1.500,90.891,0.004,-0.004,4.0
91,-0.594,0.247,1.500,90.405,0.003,-0.003,4.0
92,-0.596,0.244,1.500,89.884,0.002,-0.002,4.0
93,-0.597,0.240,1.500,89.962,0.001,0.001,4.0
94,-0.598,0.237,1.500,90.160,0.001,0.003,4.0
95,-0.600,0.233,1.500,90.455,0.001,0.004,4.0
96,-0.601,0.230,1.500,90.812,0.000,0.004,4.0
97,-0.602,0.226,1.500,90.531,-0.006,0.023,4.0
98,-0.604,0.223,1.500,90.133,-0.009,0.035,4.0
99,-0.605,0.219,1.500,89.534,0.005,0.041,4.0
100,-0.606,0.216,1.500,88.849,0.018,0.035,4.0
101,-0.607,0.212,1.500,88.099,0.024,0.021,4.0
102,-0.607,0.209,1.500,87.319,0.022,0.005,4.0
103,-0.608,0.205,1.500,86.525,0.016,-0.009,4.0
104,-0.609,0.202,1.500,85.719,0.008,-0.016,4.0
105,-0.610,0.199,1.500,85.608,0.001,-0.016,4.0
106,-0.611,0.196,1.500,85.660,-0.003,-0.011,4.0
107,-0.612,0.192,1.500,85.865,-0.004,-0.004,4.0
108,-0.613,0.189,1.500,86.190,-0.003,0.003,4.0
109,-0.614,0.186,1.500,86.615,-0.001,0.007,4.0
110,-0.615,0.183,1.500,87.121,0.002,0.008,4.0
111,-0.615,0.179,1.500,87.688,0.004,0.007,4.0
112,-0.616,0.176,1.500,88.304,0.005,0.004,4.0
113,-0.617,0.173,1.500,88.957,0.004,0.001,4.0
114,-0.618,0.169,1.500,89.645,0.003,-0.000,4.0
115,-0.619,0.166,1.500,89.655,0.001,-0.002,4.0
116,-0.620,0.163,1.500,89.518,0.000,-0.002,4.0
117,-0.621,0.159,1.500,89.257,-0.001,-0.001,4.0
118,-0.622,0.156,1.500,88.903,-0.001,-0.000,4.0
119,-0.623,0.153,1.500,88.472,-0.001,0.001,4.0
120,-0.623,0.150,1.500,87.979,-0.000,0.001,4.0
121,-0.624,0.146,1.500,87.434,0.000,0.002,4.0
122,-0.625,0.143,1.500,86.840,0.001,0.001,4.0
123,-0.626,0.140,1.500,86.916,0.001,0.001,4.0
124,-0.627,0.136,1.500,87.129,0.001,0.001,4.0
125,-0.628,0.133,1.500,87.455,0.001,0.001,4.0
126,-0.629,0.130,1.500,87.862,0.001,0.001,4.0
127,-0.630,0.126,1.500,88.336,0.000,0.001,4.0
128,-0.630,0.123,1.500,88.864,0.000,0.001,4.0
129,-0.631,0.119,1.500,89.442,0.000,0.001,4.0
130,-0.632,0.116,1.500,89.352,0.001,-0.000,4.0
131,-0.633,0.113,1.500,89.128,0.001,-0.001,4.0
132,-0.634,0.109,1.500,88.799,0.001,-0.001,4.0
133,-0.635,0.106,1.500,88.394,0.001,-0.002,4.0
134,-0.636,0.103,1.500,87.927,0.001,-0.002,4.0
135,-0.637,0.099,1.500,87.404,0.001,-0.002,4.0
136,-0.638,0.096,1.500,86.828,0.001,-0.002,4.0
137,-0.638,0.092,1.500,86.920,0.001,-0.001,4.0
138,-0.639,0.089,1.500,87.150,0.000,0.000,4.0
139,-0.640,0.086,1.500,87.500,0.000,0.001,4.0
140,-0.641,0.082,1.500,87.936,0.000,0.001,4.0
141,-0.642,0.079,1.500,88.438,0.000,0.001,4.0
142,-0.643,0.075,1.500,88.994,0.001,0.001,4.0
143,-0.644,0.072,1.500,89.595,0.001,0.001,4.0
144,-0.645,0.069,1.500,90.239,0.001,0.001,4.0
145,-0.646,0.065,1.500,90.209,0.001,-0.000,4.0
146,-0.647,0.062,1.500,90.031,0.001,-0.001,4.0
147,-0.648,0.058,1.500,89.732,0.000,-0.001,4.0
148,-0.649,0.055,1.500,89.345,0.001,-0.001,4.0
149,-0.650,0.052,1.500,88.887,0.001,-0.001,4.0
150,-0.650,0.048,1.500,88.371,0.001,-0.001,4.0
151,-0.651,0.045,1.500,87.807,0.001,-0.001,4.0
152,-0.652,0.041,1.500,87.194,0.001,-0.001,4.0
153,-0.653,0.038,1.500,87.256,0.001,0.000,4.0
154,-0.654,0.034,1.500,87.466,0.001,0.001,4.0
155,-0.655,0.031,1.500,87.803,0.001,0.001,4.0
156,-0.656,0.027,1.500,88.229,0.001,0.001,4.0
157,-0.657,0.024,1.500,88.726,0.001,0.001,4.0
158,-0.658,0.020,1.500,89.279,0.001,0.001,4.0
159,-0.659,0.017,1.500,89.877,0.001,0.001,4.0
160,-0.660,0.014,1.500,90.518,0.043,0.199,4.0
161,-0.660,0.010,1.500,91.223,0.033,0.109,4.0
162,-0.660,0.007,1.500,91.957,0.014,-0.021,4.0
163,-0.660,0.004,1.500,92.734,-0.010,-0.119,4.0
164,-0.660,0.001,1.500,93.540,-0.025,-0.159,4.0
165,-0.661,-0.003,1.500,93.647,-0.016,0.076,4.0
166,-0.662,-0.006,1.500,93.576,-0.005,0.273,4.0
167,-0.662,-0.010,1.500,93.346,0.003,0.355,4.0
168,-0.660,-0.013,1.500,93.004,0.012,0.319,4.0
169,-0.658,-0.016,1.500,92.568,0.018,0.207,4.0
170,-0.654,-0.019,1.500,92.059,0.018,0.071,4.0
171,-0.651,-0.022,1.500,91.491,-0.009,-0.242,4.0
172,-0.648,-0.025,1.500,90.875,-0.034,-0.435,4.0
173,-0.647,-0.029,1.500,90.219,-0.046,-0.457,4.0
174,-0.647,-0.032,1.500,89.517,-0.043,-0.347,4.0
175,-0.648,-0.036,1.501,89.523,-0.036,-0.171,4.0
176,-0.650,-0.039,1.501,89.678,-0.020,-0.002,4.0
177,-0.652,-0.043,1.501,89.948,-0.003,0.114,4.0
178,-0.654,-0.047,1.501,90.290,0.011,0.157,4.0
179,-0.655,-0.051,1.501,90.691,0.018,0.136,4.0
180,-0.656,-0.054,1.501,91.155,0.008,0.289,4.0
181,-0.656,-0.058,1.501,90.968,-0.002,0.364,4.0
182,-0.654,-0.062,1.501,90.646,-0.006,0.331,4.0
183,-0.652,-0.065,1.501,90.217,-0.012,0.235,4.0
184,-0.648,-0.069,1.501,89.711,-0.018,0.115,4.0
185,-0.644,-0.073,1.501,89.150,-0.020,0.000,4.0
186,-0.641,-0.077,1.501,88.543,-0.017,-0.088,4.0
187,-0.637,-0.080,1.501,87.897,0.010,-0.337,4.0
188,-0.634,-0.084,1.501,87.927,0.040,-0.463,4.0
189,-0.633,-0.088,1.501,88.131,0.050,-0.433,4.0
190,-0.634,-0.091,1.501,88.554,0.034,-0.299,4.0
191,-0.635,-0.095,1.501,89.108,0.010,-0.126,4.0
192,-0.637,-0.098,1.501,89.755,-0.012,0.027,4.0
193,-0.639,-0.101,1.501,90.384,-0.025,0.119,4.0
194,-0.641,-0.105,1.501,91.037,-0.028,0.143,4.0
195,-0.642,-0.108,1.501,91.694,-0.016,0.116,4.0
196,-0.643,-0.112,1.501,91.715,-0.003,0.057,4.0
197,-0.643,-0.115,1.501,91.583,0.008,-0.005,4.0
198,-0.644,-0.119,1.501,91.317,0.014,-0.051,4.0
199,-0.645,-0.122,1.501,90.947,0.016,-0.070,4.0
200,-0.646,-0.126,1.501,90.493,0.013,-0.065,4.0
201,-0.647,-0.129,1.501,89.975,0.008,-0.042,4.0
202,-0.648,-0.133,1.501,89.418,0.002,-0.014,4.0
203,-0.649,-0.136,1.501,88.825,-0.002,0.010,4.0
204,-0.651,-0.140,1.501,88.191,-0.003,0.023,4.0
205,-0.652,-0.143,1.501,88.213,-0.002,0.025,4.0
206,-0.653,-0.146,1.501,88.390,-0.001,0.019,4.0
207,-0.654,-0.150,1.501,88.704,0.001,0.009,4.0
208,-0.655,-0.153,1.501,89.118,0.003,-0.001,4.0
209,-0.657,-0.157,1.501,89.613,0.004,-0.008,4.0
210,-0.658,-0.160,1.501,90.164,0.004,-0.010,4.0
211,-0.659,-0.164,1.501,90.757,0.003,-0.008,4.0
212,-0.660,-0.167,1.501,91.391,0.002,-0.004,4.0
213,-0.661,-0.171,1.501,91.351,0.002,-0.001,4.0
214,-0.662,-0.174,1.501,91.175,0.002,0.002,4.0
215,-0.664,-0.178,1.501,90.891,0.002,0.004,4.0
216,-0.665,-0.181,1.501,90.525,0.001,0.004,4.0
217,-0.666,-0.184,1.501,90.089,0.002,0.002,4.0
218,-0.667,-0.188,1.501,89.593,0.002,0.000,4.0
219,-0.668,-0.191,1.501,89.044,0.002,-0.001,4.0
220,-0.670,-0.195,1.501,89.160,0.002,-0.001,4.0
221,-0.671,-0.198,1.501,89.412,0.002,-0.001,4.0
222,-0.672,-0.202,1.501,89.777,0.001,-0.000,4.0
223,-0.673,-0.205,1.501,90.221,0.001,0.001,4.0
224,-0.674,-0.209,1.501,90.728,0.001,0.002,4.0
225,-0.676,-0.212,1.501,91.287,0.001,0.002,4.0
226,-0.677,-0.216,1.501,91.892,0.001,0.002,4.0
227,-0.678,-0.219,1.501,91.826,0.001,0.001,4.0
228,-0.679,-0.222,1.501,91.624,0.002,0.000,4.0
229,-0.680,-0.226,1.501,91.311,0.002,-0.001,4.0
230,-0.681,-0.229,1.501,90.916,0.002,-0.001,4.0
231,-0.683,-0.233,1.501,90.455,0.002,-0.001,4.0
232,-0.684,-0.236,1.501,89.938,0.002,-0.001,4.0
233,-0.685,-0.240,1.501,89.369,0.002,-0.001,4.0
234,-0.686,-0.243,1.501,89.467,0.002,0.000,4.0
235,-0.687,-0.247,1.501,89.701,0.001,0.001,4.0
236,-0.689,-0.250,1.501,90.044,0.001,0.002,4.0
237,-0.690,-0.254,1.501,90.465,0.001,0.002,4.0
238,-0.691,-0.257,1.501,90.951,0.001,0.001,4.0
239,-0.692,-0.261,1.501,91.492,0.002,0.001,4.0
240,-0.694,-0.264,1.501,92.082,0.002,0.001,4.0
241,-0.695,-0.267,1.501,92.005,0.002,0.000,4.0
242,-0.696,-0.271,1.501,91.797,0.002,-0.000,4.0
243,-0.697,-0.274,1.501,91.481,0.002,-0.000,4.0
244,-0.698,-0.278,1.501,91.085,0.002,-0.001,4.0
245,-0.700,-0.281,1.501,90.623,0.002,-0.000,4.0
246,-0.701,-0.285,1.501,90.106,0.002,-0.000,4.0
247,-0.702,-0.288,1.501,89.534,0.002,-0.000,4.0
248,-0.703,-0.292,1.501,89.631,0.002,0.000,4.0
249,-0.704,-0.295,1.501,89.866,0.002,0.001,4.0
250,-0.706,-0.299,1.501,90.217,0.001,0.002,4.0
251,-0.707,-0.302,1.501,90.644,0.001,0.002,4.0
252,-0.708,-0.306,1.501,91.122,0.001,0.002,4.0
253,-0.709,-0.309,1.501,91.645,0.001,0.002,4.0
254,-0.711,-0.313,1.501,92.206,0.002,0.001,4.0
255,-0.712,-0.316,1.501,92.148,0.002,-0.000,4.0
256,-0.713,-0.319,1.501,91.966,0.003,-0.001,4.0
257,-0.714,-0.323,1.501,91.681,0.003,-0.002,4.0
258,-0.715,-0.326,1.501,91.317,0.003,-0.002,4.0
259,-0.717,-0.330,1.501,90.887,0.002,-0.001,4.0
260,-0.718,-0.333,1.501,90.397,0.002,-0.001,4.0
261,-0.719,-0.337,1.501,89.850,0.002,0.000,4.0
262,-0.720,-0.340,1.501,89.246,-0.003,0.005,4.0
263,-0.722,-0.344,1.501,89.304,-0.007,0.010,4.0
264,-0.723,-0.347,1.501,89.494,-0.008,0.012,4.0
265,-0.724,-0.351,1.501,89.797,-0.007,0.007,4.0
266,-0.725,-0.354,1.501,90.184,-0.004,0.002,4.0
267,-0.726,-0.358,1.501,90.639,-0.000,-0.002,4.0
268,-0.727,-0.362,1.501,91.152,0.003,-0.004,4.0
269,-0.729,-0.365,1.501,91.715,0.005,-0.004,4.0
270,-0.730,-0.369,1.501,91.616,0.006,-0.003,4.0
271,-0.731,-0.372,1.501,91.385,0.005,-0.001,4.0
272,-0.732,-0.376,1.501,91.048,0.004,0.000,4.0
273,-0.733,-0.379,1.501,90.634,0.003,0.001,4.0
274,-0.735,-0.383,1.501,90.158,0.002,0.002,4.0
275,-0.736,-0.387,1.501,89.628,0.001,0.002,4.0
276,-0.737,-0.390,1.501,89.047,0.001,0.001,4.0
277,-0.738,-0.394,1.501,89.130,0.001,0.001,4.0
278,-0.739,-0.397,1.501,89.353,0.001,0.001,4.0
279,-0.740,-0.401,1.501,89.692,0.002,0.001,4.0
280,-0.742,-0.404,1.501,90.112,0.002,0.001,4.0
281,-0.743,-0.408,1.501,90.597,0.002,0.002,4.0
282,-0.744,-0.411,1.501,91.135,0.002,0.002,4.0
283,-0.745,-0.415,1.501,91.001,0.002,0.002,4.0
284,-0.746,-0.419,1.501,90.749,0.002,0.001,4.0
285,-0.747,-0.422,1.501,90.417,0.003,-0.002,4.0
286,-0.749,-0.426,1.501,90.727,0.004,-0.004,4.0
287,-0.750,-0.429,1.501,91.163,0.000,-0.009,4.0
288,-0.751,-0.433,1.501,91.690,-0.002,-0.010,4.0
289,-0.752,-0.436,1.501,92.274,-0.004,-0.007,4.0
290,-0.754,-0.440,1.501,92.901,-0.003,-0.002,4.0
291,-0.755,-0.444,1.501,93.567,-0.002,0.003,4.0
292,-0.756,-0.447,1.501,93.552,-0.000,0.006,4.0
293,-0.758,-0.451,1.501,93.384,0.002,0.007,4.0
294,-0.759,-0.454,1.501,93.081,0.003,0.007,4.0
295,-0.760,-0.458,1.501,92.677,0.003,0.005,4.0
296,-0.761,-0.462,1.501,92.194,0.003,0.003,4.0
297,-0.762,-0.465,1.501,91.649,0.003,0.001,4.0
298,-0.764,-0.469,1.501,91.054,0.002,-0.001,4.0
299,-0.765,-0.472,1.501,90.418,0.002,-0.001,4.0
300,-0.766,-0.476,1.501,89.732,0.005,0.004,4.0
301,-0.767,-0.480,1.501,89.011,0.007,0.006,4.0
302,-0.768,-0.483,1.501,88.971,0.007,0.007,4.0
303,-0.770,-0.487,1.501,89.079,0.007,0.005,4.0
304,-0.771,-0.490,1.501,89.316,0.005,0.003,4.0
305,-0.772,-0.494,1.501,89.651,0.004,-0.000,4.0
306,-0.773,-0.497,1.501,90.067,0.003,-0.002,4.0
307,-0.774,-0.501,1.501,90.549,0.002,-0.003,4.0
308,-0.775,-0.504,1.501,91.087,0.002,-0.003,4.0
309,-0.777,-0.508,1.501,91.673,0.002,-0.002,4.0
310,-0.778,-0.511,1.501,91.587,0.003,-0.002,4.0
311,-0.779,-0.515,1.501,91.371,0.003,-0.001,4.0
312,-0.780,-0.518,1.501,91.052,0.004,-0.000,4.0
313,-0.781,-0.522,1.501,90.654,0.003,0.001,4.0
314,-0.783,-0.525,1.501,90.192,0.003,0.001,4.0
315,-0.784,-0.529,1.501,89.673,0.002,0.001,4.0
316,-0.785,-0.532,1.501,89.101,0.002,0.001,4.0
317,-0.786,-0.536,1.501,89.197,0.001,0.002,4.0
318,-0.787,-0.539,1.501,89.435,0.001,0.003,4.0
319,-0.789,-0.543,1.501,89.788,0.001,0.003,4.0
320,-0.790,-0.546,1.501,90.221,0.001,0.004,4.0
321,-0.791,-0.550,1.501,90.717,0.001,0.004,4.0
322,-0.792,-0.553,1.501,91.263,0.001,0.004,4.0
323,-0.793,-0.557,1.501,91.856,0.001,0.004,4.0
324,-0.794,-0.561,1.501,91.780,0.001,0.003,4.0
325,-0.795,-0.564,1.501,91.561,0.001,0.002,4.0
326,-0.797,-0.568,1.501,91.222,0.002,0.001,4.0
327,-0.798,-0.571,1.501,90.798,0.002,0.001,4.0
328,-0.799,-0.575,1.501,90.306,0.002,-0.000,4.0
329,-0.800,-0.578,1.501,89.761,0.002,-0.001,4.0
330,-0.801,-0.582,1.501,89.172,0.003,-0.001,4.0
331,-0.802,-0.585,1.501,88.538,0.003,-0.001,4.0
332,-0.803,-0.589,1.501,88.574,0.002,-0.001,4.0
333,-0.804,-0.592,1.501,88.757,0.002,0.000,4.0
334,-0.806,-0.596,1.501,89.066,0.002,0.001,4.0
335,-0.807,-0.599,1.501,89.465,0.002,0.001,4.0
336,-0.808,-0.603,1.501,89.934,0.002,0.001,4.0
337,-0.809,-0.606,1.501,90.460,0.002,0.001,4.0
338,-0.810,-0.610,1.501,91.032,0.002,0.001,4.0
339,-0.811,-0.613,1.501,91.649,0.002,0.002,4.0
340,-0.812,-0.617,1.501,91.599,0.002,0.001,4.0
341,-0.814,-0.620,1.501,91.406,0.002,0.000,4.0
342,-0.815,-0.624,1.501,91.094,0.002,-0.000,4.0
343,-0.816,-0.627,1.501,90.696,0.002,-0.000,4.0
344,-0.817,-0.631,1.501,90.229,0.002,-0.001,4.0
345,-0.818,-0.634,1.501,89.707,0.002,-0.001,4.0
346,-0.819,-0.638,1.501,89.137,0.002,-0.001,4.0
347,-0.820,-0.641,1.501,88.520,0.002,-0.001,4.0
348,-0.822,-0.645,1.501,88.572,0.002,0.000,4.0
349,-0.823,-0.648,1.501,88.770,0.002,0.001,4.0
350,-0.824,-0.652,1.501,89.093,0.002,0.001,4.0
351,-0.825,-0.655,1.501,89.503,0.002,0.002,4.0
352,-0.826,-0.659,1.501,89.983,0.001,0.002,4.0
353,-0.827,-0.662,1.501,90.516,0.001,0.002,4.0
354,-0.828,-0.666,1.501,91.095,0.001,0.002,4.0
355,-0.830,-0.669,1.501,91.719,0.001,0.002,4.0
356,-0.831,-0.673,1.501,91.674,0.002,0.002,4.0
357,-0.832,-0.676,1.501,91.482,0.002,0.001,4.0
358,-0.833,-0.680,1.501,91.167,0.002,0.000,4.0
359,-0.834,-0.683,1.501,90.763,0.002,-0.000,4.0
360,-0.835,-0.687,1.501,90.289,0.002,-0.001,4.0
361,-0.836,-0.690,1.501,89.759,0.002,-0.001,4.0
362,-0.837,-0.694,1.501,89.183,0.002,-0.001,4.0
363,-0.839,-0.697,1.501,88.563,0.003,-0.001,4.0
364,-0.840,-0.701,1.501,88.610,0.002,-0.000,4.0
365,-0.841,-0.704,1.501,88.800,0.002,0.000,4.0
366,-0.842,-0.708,1.501,89.112,0.002,0.001,4.0
367,-0.843,-0.711,1.501,89.510,0.002,0.001,4.0
368,-0.844,-0.715,1.501,89.978,0.002,0.001,4.0
369,-0.845,-0.718,1.501,90.501,0.002,0.002,4.0
370,-0.847,-0.722,1.501,91.072,0.001,0.002,4.0
371,-0.848,-0.725,1.501,91.689,0.001,0.002,4.0
372,-0.849,-0.729,1.501,91.637,0.003,0.002,4.0
373,-0.850,-0.732,1.501,91.439,0.007,0.003,4.0
374,-0.851,-0.736,1.501,91.117,0.010,0.003,4.0
375,-0.852,-0.739,1.501,90.707,0.013,0.004,4.0
376,-0.853,-0.743,1.501,90.228,0.014,0.004,4.0
377,-0.854,-0.746,1.501,89.693,0.014,0.004,4.0
378,-0.855,-0.749,1.501,89.111,0.014,0.003,4.0
379,-0.856,-0.753,1.501,88.485,0.013,0.003,4.0
380,-0.858,-0.756,1.501,88.530,0.011,0.003,4.0
381,-0.859,-0.759,1.501,88.721,0.010,0.003,4.0
382,-0.860,-0.762,1.501,89.034,0.010,0.003,4.0
383,-0.861,-0.765,1.501,89.435,0.010,0.003,4.0
384,-0.862,-0.768,1.501,89.906,0.010,0.004,4.0
385,-0.863,-0.772,1.501,90.432,0.011,0.005,4.0
386,-0.864,-0.775,1.501,91.006,0.011,0.005,4.0
387,-0.865,-0.778,1.501,91.626,0.011,0.006,4.0
388,-0.866,-0.781,1.501,91.574,0.011,0.005,4.0
389,-0.867,-0.784,1.501,91.377,0.011,0.005,4.0
390,-0.868,-0.787,1.501,91.056,0.011,0.004,4.0
391,-0.868,-0.789,1.501,90.646,0.011,0.003,4.0
392,-0.869,-0.792,1.501,90.167,0.011,0.003,4.0
393,-0.870,-0.795,1.501,89.633,0.011,0.002,4.0
394,-0.871,-0.798,1.501,89.053,0.011,0.002,4.0
395,-0.872,-0.801,1.501,88.428,0.011,0.001,4.0
396,-0.873,-0.803,1.501,88.474,0.010,0.002,4.0
397,-0.874,-0.806,1.501,88.665,0.010,0.002,4.0
398,-0.875,-0.809,1.501,88.979,0.010,0.003,4.0
399,-0.876,-0.811,1.501,89.382,0.010,0.003,4.0
400,-0.876,-0.814,1.501,89.854,0.009,0.004,4.0
401,-0.877,-0.817,1.501,90.382,0.009,0.004,4.0
402,-0.878,-0.819,1.501,90.957,0.009,0.005,4.0
403,-0.879,-0.822,1.501,91.577,0.009,0.005,4.0
404,-0.880,-0.824,1.501,91.527,0.009,0.005,4.0
405,-0.881,-0.827,1.501,91.331,0.009,0.004,4.0
406,-0.881,-0.829,1.501,91.012,0.009,0.004,4.0
407,-0.882,-0.832,1.501,90.605,0.009,0.003,4.0
408,-0.883,-0.834,1.501,90.128,0.009,0.002,4.0
409,-0.884,-0.836,1.501,89.596,0.009,0.002,4.0
410,-0.884,-0.839,1.501,89.017,0.009,0.001,4.0
411,-0.885,-0.841,1.501,88.394,0.009,0.001,4.0
412,-0.886,-0.843,1.501,88.441,0.009,0.001,4.0
413,-0.887,-0.846,1.501,88.633,0.008,0.002,4.0
414,-0.887,-0.848,1.501,88.949,0.008,0.002,4.0
415,-0.888,-0.850,1.501,89.352,0.008,0.002,4.0
416,-0.889,-0.852,1.501,89.825,0.008,0.003,4.0
417,-0.890,-0.854,1.501,90.353,0.008,0.004,4.0
418,-0.890,-0.856,1.501,90.928,0.008,0.004,4.0
419,-0.891,-0.859,1.501,91.549,0.008,0.004,4.0
420,-0.892,-0.861,1.501,91.499,0.008,0.004,4.0
421,-0.892,-0.863,1.501,91.304,0.008,0.004,4.0
422,-0.893,-0.865,1.501,90.986,0.008,0.003,4.0
423,-0.894,-0.867,1.501,90.579,0.008,0.003,4.0
424,-0.894,-0.869,1.501,90.103,0.008,0.002,4.0
425,-0.895,-0.871,1.501,89.572,0.008,0.001,4.0
426,-0.895,-0.873,1.501,88.994,0.008,0.001,4.0
427,-0.896,-0.875,1.501,88.371,0.008,0.001,4.0
428,-0.897,-0.877,1.501,88.418,0.007,0.001,4.0
429,-0.897,-0.878,1.501,88.611,0.007,0.001,4.0
430,-0.898,-0.880,1.501,88.926,0.007,0.001,4.0
431,-0.899,-0.882,1.501,89.329,0.007,0.002,4.0
432,-0.899,-0.884,1.501,89.802,0.007,0.002,4.0
433,-0.900,-0.886,1.501,90.330,0.006,0.003,4.0
434,-0.900,-0.888,1.501,90.905,0.006,0.003,4.0
435,-0.901,-0.889,1.501,91.525,0.006,0.004,4.0
436,-0.902,-0.891,1.501,91.476,0.006,0.004,4.0
437,-0.902,-0.893,1.501,91.281,0.006,0.003,4.0
438,-0.903,-0.895,1.501,90.963,0.006,0.003,4.0
439,-0.903,-0.896,1.501,90.557,0.006,0.002,4.0
440,-0.904,-0.898,1.501,90.081,0.006,0.002,4.0
441,-0.904,-0.900,1.501,89.551,0.006,0.001,4.0
442,-0.905,-0.901,1.501,88.973,0.006,0.001,4.0
443,-0.905,-0.903,1.501,88.351,0.006,0.000,4.0
444,-0.906,-0.904,1.501,88.399,0.006,0.000,4.0
445,-0.906,-0.906,1.501,88.591,0.006,0.001,4.0
446,-0.907,-0.908,1.501,88.907,0.006,0.001,4.0
447,-0.907,-0.909,1.501,89.310,0.006,0.001,4.0
448,-0.908,-0.911,1.501,89.783,0.005,0.002,4.0
449,-0.908,-0.912,1.501,90.311,0.005,0.003,4.0
450,-0.909,-0.914,1.501,90.886,0.005,0.003,4.0
451,-0.909,-0.915,1.501,91.506,0.005,0.003,4.0
452,-0.910,-0.917,1.501,91.457,0.005,0.003,4.0
453,-0.910,-0.918,1.501,91.263,0.005,0.003,4.0
454,-0.911,-0.920,1.501,90.945,0.005,0.003,4.0
455,-0.911,-0.921,1.501,90.540,0.005,0.002,4.0
456,-0.912,-0.922,1.501,90.065,0.005,0.002,4.0
457,-0.912,-0.924,1.501,89.535,0.005,0.001,4.0
458,-0.913,-0.925,1.501,88.958,0.005,0.000,4.0
459,-0.913,-0.926,1.501,88.337,0.005,0.000,4.0
460,-0.914,-0.928,1.501,88.384,0.005,0.000,4.0
461,-0.914,-0.929,1.501,88.577,0.005,0.000,4.0
462,-0.914,-0.930,1.501,88.893,0.005,0.001,4.0
463,-0.915,-0.932,1.501,89.297,0.005,0.001,4.0
464,-0.915,-0.933,1.501,89.770,0.005,0.002,4.0
465,-0.916,-0.934,1.501,90.298,0.005,0.002,4.0
466,-0.916,-0.935,1.501,90.873,0.004,0.003,4.0
467,-0.917,-0.937,1.501,91.493,0.004,0.003,4.0
468,-0.917,-0.938,1.501,91.444,0.004,0.003,4.0
469,-0.917,-0.939,1.501,91.250,0.004,0.003,4.0
470,-0.918,-0.940,1.501,90.932,0.004,0.003,4.0
471,-0.918,-0.942,1.501,90.525,0.004,0.002,4.0
472,-0.918,-0.943,1.501,90.048,0.004,0.002,4.0
473,-0.919,-0.944,1.501,89.512,0.004,0.001,4.0
474,-0.919,-0.945,1.501,88.932,0.004,0.001,4.0
475,-0.920,-0.946,1.501,88.307,0.004,0.000,4.0
476,-0.920,-0.947,1.501,88.356,0.004,-0.000,4.0
477,-0.920,-0.948,1.501,88.554,0.004,0.000,4.0
478,-0.921,-0.949,1.501,88.874,0.004,0.000,4.0
479,-0.921,-0.951,1.501,89.284,0.004,0.001,4.0
480,-0.921,-0.952,1.501,89.764,0.004,0.001,4.0
481,-0.922,-0.953,1.501,90.300,0.004,0.002,4.0
482,-0.922,-0.954,1.501,90.882,0.004,0.003,4.0
483,-0.922,-0.955,1.501,91.510,0.004,0.003,4.0
484,-0.923,-0.956,1.501,91.462,0.004,0.003,4.0
485,-0.923,-0.957,1.501,91.268,0.004,0.003,4.0
486,-0.923,-0.958,1.501,90.950,0.004,0.002,4.0
487,-0.924,-0.959,1.501,90.542,0.004,0.002,4.0
488,-0.924,-0.960,1.501,90.065,0.004,0.001,4.0
489,-0.924,-0.961,1.501,89.532,0.004,0.001,4.0
490,-0.925,-0.962,1.501,88.952,0.004,0.000,4.0
491,-0.925,-0.963,1.501,88.326,0.004,-0.000,4.0
492,-0.925,-0.964,1.501,88.376,0.004,-0.000,4.0
493,-0.926,-0.965,1.501,88.572,0.003,-0.000,4.0
494,-0.926,-0.965,1.501,88.892,0.003,-0.000,4.0
495,-0.926,-0.966,1.501,89.302,0.003,0.000,4.0
496,-0.926,-0.967,1.501,89.781,0.003,0.001,4.0
497,-0.927,-0.968,1.501,90.316,0.003,0.002,4.0
498,-0.927,-0.969,1.501,90.898,0.003,0.002,4.0
499,-0.927,-0.970,1.501,91.526,0.003,0.003,4.0
500,-0.928,-0.971,1.501,91.478,0.003,0.003,4.0
501,-0.928,-0.972,1.501,91.283,0.003,0.002,4.0
502,-0.928,-0.972,1.501,90.965,0.003,0.002,4.0
503,-0.928,-0.973,1.501,90.558,0.003,0.002,4.0
504,-0.929,-0.974,1.501,90.080,0.003,0.001,4.0
505,-0.929,-0.975,1.501,89.547,0.003,0.000,4.0
506,-0.929,-0.976,1.501,88.966,0.003,-0.000,4.0
507,-0.929,-0.976,1.501,88.341,0.003,-0.001,4.0
508,-0.930,-0.977,1.501,88.390,0.003,-0.001,4.0
509,-0.930,-0.978,1.501,88.586,0.003,-0.000,4.0
510,-0.930,-0.979,1.501,88.906,0.003,-0.000,4.0
511,-0.930,-0.980,1.501,89.315,0.003,0.000,4.0
512,-0.931,-0.980,1.501,89.793,0.003,0.001,4.0
513,-0.931,-0.981,1.501,90.328,0.003,0.001,4.0
514,-0.931,-0.982,1.501,90.910,0.003,0.002,4.0
515,-0.931,-0.983,1.501,91.537,0.003,0.002,4.0
516,-0.932,-0.983,1.501,91.488,0.003,0.002,4.0
517,-0.932,-0.984,1.501,91.293,0.003,0.002,4.0
518,-0.932,-0.985,1.501,90.975,0.003,0.002,4.0
519,-0.932,-0.985,1.501,90.567,0.003,0.002,4.0
520,-0.932,-0.986,1.501,90.090,0.003,0.001,4.0
521,-0.933,-0.987,1.501,89.557,0.003,0.000,4.0
522,-0.933,-0.987,1.501,88.976,0.003,-0.000,4.0
523,-0.933,-0.988,1.501,88.350,0.003,-0.001,4.0
524,-0.933,-0.989,1.501,88.399,0.002,-0.001,4.0
525,-0.933,-0.989,1.501,88.595,0.002,-0.001,4.0
526,-0.934,-0.990,1.501,88.916,0.002,-0.000,4.0
527,-0.934,-0.991,1.501,89.325,0.002,-0.000,4.0
528,-0.934,-0.991,1.501,89.804,0.002,0.001,4.0
529,-0.934,-0.992,1.501,90.339,0.002,0.001,4.0
530,-0.935,-0.993,1.501,90.922,0.002,0.002,4.0
531,-0.935,-0.993,1.501,91.549,0.002,0.002,4.0
532,-0.935,-0.994,1.501,91.501,0.002,0.002,4.0
533,-0.935,-0.994,1.501,91.307,0.002,0.002,4.0
534,-0.935,-0.995,1.501,90.989,0.002,0.002,4.0
535,-0.935,-0.996,1.501,90.583,0.002,0.002,4.0
536,-0.936,-0.996,1.501,90.107,0.002,0.001,4.0
537,-0.936,-0.997,1.501,89.575,0.002,0.000,4.0
538,-0.936,-0.997,1.501,88.995,0.002,-0.000,4.0
539,-0.936,-0.998,1.501,88.370,0.002,-0.001,4.0
540,-0.936,-0.998,1.501,88.420,0.002,-0.001,4.0
541,-0.936,-0.999,1.501,88.617,0.002,-0.001,4.0
542,-0.937,-0.999,1.501,88.937,0.002,-0.001,4.0
543,-0.937,-1.000,1.501,89.347,0.002,-0.000,4.0
544,-0.937,-1.000,1.501,89.827,0.002,0.000,4.0
545,-0.937,-1.001,1.501,90.362,0.002,0.001,4.0
546,-0.937,-1.002,1.501,90.944,0.002,0.002,4.0
547,-0.938,-1.002,1.501,91.572,0.002,0.002,4.0
548,-0.938,-1.003,1.501,91.524,0.002,0.002,4.0
549,-0.938,-1.003,1.501,91.330,0.002,0.002,4.0
550,-0.938,-1.004,1.501,91.012,0.002,0.002,4.0
551,-0.938,-1.004,1.501,90.606,0.002,0.002,4.0
552,-0.938,-1.005,1.501,90.129,0.002,0.001,4.0
553,-0.938,-1.005,1.501,89.597,0.002,0.000,4.0
554,-0.939,-1.005,1.501,89.017,0.002,-0.000,4.0
555,-0.939,-1.006,1.501,88.392,0.002,-0.001,4.0
556,-0.939,-1.006,1.501,88.441,0.002,-0.001,4.0
557,-0.939,-1.007,1.501,88.637,0.002,-0.001,4.0
558,-0.939,-1.007,1.501,88.958,0.002,-0.001,4.0
559,-0.939,-1.008,1.501,89.367,0.002,-0.000,4.0
560,-0.939,-1.008,1.501,89.845,0.002,0.000,4.0
561,-0.940,-1.009,1.501,90.380,0.002,0.001,4.0
562,-0.940,-1.009,1.501,90.962,0.002,0.001,4.0
563,-0.940,-1.010,1.501,91.588,0.001,0.002,4.0
564,-0.940,-1.010,1.501,91.540,0.001,0.002,4.0
565,-0.940,-1.010,1.501,91.346,0.001,0.002,4.0
566,-0.940,-1.011,1.501,91.028,0.001,0.002,4.0
567,-0.940,-1.011,1.501,90.621,0.001,0.001,4.0
568,-0.940,-1.012,1.501,90.143,0.002,0.001,4.0
569,-0.941,-1.012,1.501,89.610,0.002,0.000,4.0
570,-0.941,-1.012,1.501,89.030,0.002,-0.000,4.0
571,-0.941,-1.013,1.501,88.405,0.002,-0.001,4.0
572,-0.941,-1.013,1.501,88.454,0.002,-0.001,4.0
573,-0.941,-1.014,1.501,88.650,0.001,-0.001,4.0
574,-0.941,-1.014,1.501,88.969,0.001,-0.001,4.0
575,-0.941,-1.014,1.501,89.378,0.001,-0.001,4.0
576,-0.941,-1.015,1.501,89.856,0.001,0.000,4.0
577,-0.942,-1.015,1.501,90.390,0.001,0.001,4.0
578,-0.942,-1.015,1.501,90.971,0.001,0.001,4.0
579,-0.942,-1.016,1.501,91.598,0.001,0.002,4.0
580,-0.942,-1.016,1.501,91.549,0.001,0.002,4.0
581,-0.942,-1.016,1.501,91.355,0.001,0.002,4.0
582,-0.942,-1.017,1.501,91.036,0.001,0.002,4.0
583,-0.942,-1.017,1.501,90.629,0.001,0.001,4.0
584,-0.942,-1.018,1.501,90.151,0.001,0.001,4.0
585,-0.942,-1.018,1.501,89.618,0.001,0.000,4.0
586,-0.942,-1.018,1.501,89.038,0.001,-0.001,4.0
587,-0.943,-1.019,1.501,88.412,0.001,-0.001,4.0
588,-0.943,-1.019,1.501,88.461,0.001,-0.001,4.0
589,-0.943,-1.019,1.501,88.656,0.001,-0.001,4.0
590,-0.943,-1.020,1.501,88.976,0.001,-0.001,4.0
591,-0.943,-1.020,1.501,89.384,0.001,-0.001,4.0
592,-0.943,-1.020,1.501,89.862,0.001,-0.000,4.0
593,-0.943,-1.020,1.501,90.396,0.001,0.001,4.0
594,-0.943,-1.021,1.501,90.977,0.001,0.001,4.0
595,-0.943,-1.021,1.501,91.603,0.001,0.002,4.0
596,-0.944,-1.021,1.501,91.555,0.001,0.002,4.0
597,-0.944,-1.022,1.501,91.360,0.001,0.002,4.0
598,-0.944,-1.022,1.501,91.041,0.001,0.002,4.0
599,-0.944,-1.022,1.501,90.634,0.001,0.001,4.0
600,-0.944,-1.023,1.501,90.156,0.001,0.001,4.0
601,-0.944,-1.023,1.501,89.623,0.001,0.000,4.0
602,-0.944,-1.023,1.501,89.042,0.001,-0.001,4.0
603,-0.944,-1.023,1.501,88.417,0.001,-0.001,4.0
604,-0.944,-1.024,1.501,88.465,0.001,-0.001,4.0
605,-0.944,-1.024,1.501,88.661,0.001,-0.001,4.0
606,-0.944,-1.024,1.501,88.980,0.001,-0.001,4.0
607,-0.944,-1.024,1.501,89.388,0.001,-0.001,4.0
608,-0.944,-1.025,1.501,89.866,0.001,-0.000,4.0
609,-0.945,-1.025,1.501,90.400,0.001,0.001,4.0
610,-0.945,-1.025,1.501,90.980,0.001,0.001,4.0
611,-0.945,-1.025,1.501,91.606,0.001,0.002,4.0
612,-0.945,-1.026,1.501,91.558,0.001,0.002,4.0
613,-0.945,-1.026,1.501,91.363,0.001,0.002,4.0
614,-0.945,-1.026,1.501,91.044,0.001,0.002,4.0
615,-0.945,-1.026,1.501,90.636,0.001,0.001,4.0
616,-0.945,-1.027,1.501,90.159,0.001,0.001,4.0
617,-0.945,-1.027,1.501,89.625,0.001,-0.000,4.0
618,-0.945,-1.027,1.501,89.045,0.001,-0.001,4.0
619,-0.945,-1.027,1.501,88.419,0.001,-0.001,4.0
620,-0.945,-1.028,1.501,88.468,0.001,-0.001,4.0
621,-0.945,-1.028,1.501,88.663,0.001,-0.001,4.0
622,-0.945,-1.028,1.501,88.982,0.001,-0.001,4.0
623,-0.946,-1.028,1.501,89.390,0.001,-0.001,4.0
624,-0.946,-1.028,1.501,89.867,0.001,-0.000,4.0
625,-0.946,-1.029,1.501,90.401,0.001,0.001,4.0
626,-0.946,-1.029,1.501,90.981,0.001,0.001,4.0
627,-0.946,-1.029,1.501,91.607,0.001,0.002,4.0
628,-0.946,-1.029,1.501,91.559,0.001,0.002,4.0
629,-0.946,-1.030,1.501,91.364,0.001,0.002,4.0
630,-0.946,-1.030,1.501,91.045,0.001,0.002,4.0
631,-0.946,-1.030,1.501,90.637,0.001,0.001,4.0
632,-0.946,-1.030,1.501,90.159,0.001,0.001,4.0
633,-0.946,-1.030,1.501,89.626,0.001,-0.000,4.0
634,-0.946,-1.031,1.501,89.045,0.001,-0.001,4.0
635,-0.946,-1.031,1.501,88.420,0.001,-0.001,4.0
636,-0.946,-1.031,1.501,88.468,0.001,-0.001,4.0
637,-0.946,-1.031,1.501,88.664,0.001,-0.001,4.0
638,-0.946,-1.031,1.501,88.983,0.001,-0.001,4.0
639,-0.947,-1.032,1.501,89.390,0.001,-0.001,4.0
640,-0.947,-1.032,1.501,89.868,0.001,-0.000,4.0
641,-0.947,-1.032,1.501,90.401,0.001,0.000,4.0
642,-0.947,-1.032,1.501,90.982,0.001,0.001,4.0
643,-0.947,-1.032,1.501,91.608,0.001,0.001,4.0
644,-0.947,-1.032,1.501,91.559,0.001,0.002,4.0
645,-0.947,-1.033,1.501,91.364,0.001,0.002,4.0
646,-0.947,-1.033,1.501,91.045,0.001,0.002,4.0
647,-0.947,-1.033,1.501,90.637,0.001,0.001,4.0
648,-0.947,-1.033,1.501,90.160,0.001,0.001,4.0
649,-0.947,-1.033,1.501,89.626,0.001,-0.000,4.0
650,-0.947,-1.033,1.501,89.046,0.001,-0.001,4.0
651,-0.947,-1.034,1.501,88.420,0.001,-0.001,4.0
652,-0.947,-1.034,1.501,88.469,0.001,-0.001,4.0
653,-0.947,-1.034,1.501,88.664,0.001,-0.001,4.0
654,-0.947,-1.034,1.501,88.983,0.001,-0.001,4.0
655,-0.947,-1.034,1.501,89.390,0.001,-0.001,4.0
656,-0.947,-1.034,1.501,89.868,0.001,-0.000,4.0
657,-0.947,-1.035,1.501,90.401,0.001,0.000,4.0
658,-0.948,-1.035,1.501,90.981,0.001,0.001,4.0
659,-0.948,-1.035,1.501,91.607,0.000,0.001,4.0
660,-0.948,-1.035,1.501,91.558,0.000,0.002,4.0
661,-0.948,-1.035,1.501,91.363,0.000,0.002,4.0
662,-0.948,-1.035,1.501,91.044,0.000,0.002,4.0
663,-0.948,-1.035,1.501,90.636,0.000,0.001,4.0
664,-0.948,-1.036,1.501,90.159,0.000,0.001,4.0
665,-0.948,-1.036,1.501,89.625,0.001,-0.000,4.0
666,-0.948,-1.036,1.501,89.044,0.001,-0.001,4.0
667,-0.948,-1.036,1.501,88.419,0.001,-0.001,4.0
668,-0.948,-1.036,1.501,88.467,0.001,-0.001,4.0
669,-0.948,-1.036,1.501,88.662,0.001,-0.001,4.0
670,-0.948,-1.036,1.501,88.981,0.001,-0.001,4.0
671,-0.948,-1.036,1.501,89.388,0.001,-0.001,4.0
672,-0.948,-1.037,1.501,89.866,0.001,-0.000,4.0
673,-0.948,-1.037,1.501,90.399,0.000,0.000,4.0
674,-0.948,-1.037,1.501,90.979,0.000,0.001,4.0
675,-0.948,-1.037,1.501,91.605,0.000,0.001,4.0
676,-0.948,-1.037,1.501,91.556,0.000,0.002,4.0
677,-0.948,-1.037,1.501,91.361,0.000,0.002,4.0
678,-0.948,-1.037,1.501,91.042,0.000,0.002,4.0
679,-0.948,-1.037,1.501,90.634,0.000,0.001,4.0
680,-0.948,-1.038,1.501,90.156,0.000,0.001,4.0
681,-0.948,-1.038,1.501,89.623,0.000,-0.000,4.0
682,-0.948,-1.038,1.501,89.042,0.000,-0.001,4.0
683,-0.948,-1.038,1.501,88.416,0.000,-0.001,4.0
684,-0.949,-1.038,1.501,88.464,0.000,-0.001,4.0
685,-0.949,-1.038,1.501,88.659,0.000,-0.001,4.0
686,-0.949,-1.038,1.501,88.978,0.000,-0.001,4.0
687,-0.949,-1.038,1.501,89.385,0.000,-0.001,4.0
688,-0.949,-1.038,1.501,89.863,0.000,-0.000,4.0
689,-0.949,-1.039,1.501,90.396,0.000,0.000,4.0
690,-0.949,-1.039,1.501,90.976,0.000,0.001,4.0
691,-0.949,-1.039,1.501,91.602,0.000,0.001,4.0
692,-0.949,-1.039,1.501,91.553,0.000,0.002,4.0
693,-0.949,-1.039,1.501,91.358,0.000,0.002,4.0
694,-0.949,-1.039,1.501,91.038,0.000,0.002,4.0
695,-0.949,-1.039,1.501,90.631,0.000,0.001,4.0
696,-0.949,-1.039,1.501,90.153,0.000,0.001,4.0
697,-0.949,-1.039,1.501,89.619,0.000,-0.000,4.0
698,-0.949,-1.039,1.501,89.038,0.000,-0.001,4.0
699,-0.949,-1.040,1.501,88.413,0.000,-0.001,4.0
700,-0.949,-1.040,1.501,88.461,0.000,-0.001,4.0
701,-0.949,-1.040,1.501,88.656,0.000,-0.001,4.0
702,-0.949,-1.040,1.501,88.975,0.000,-0.001,4.0
703,-0.949,-1.040,1.501,89.382,0.000,-0.001,4.0
704,-0.949,-1.040,1.501,89.859,0.000,-0.000,4.0
705,-0.949,-1.040,1.501,90.392,0.000,0.000,4.0
706,-0.949,-1.040,1.501,90.973,0.000,0.001,4.0
707,-0.949,-1.040,1.501,91.598,0.000,0.001,4.0
708,-0.949,-1.040,1.501,91.549,0.000,0.002,4.0
709,-0.949,-1.040,1.501,91.354,0.000,0.002,4.0
710,-0.949,-1.041,1.501,91.035,0.000,0.002,4.0
711,-0.949,-1.041,1.501,90.627,0.000,0.001,4.0
712,-0.949,-1.041,1.501,90.149,0.000,0.001,4.0
713,-0.949,-1.041,1.501,89.615,0.000,-0.000,4.0
714,-0.949,-1.041,1.501,89.035,0.000,-0.001,4.0
715,-0.949,-1.041,1.501,88.409,0.000,-0.001,4.0
716,-0.949,-1.041,1.501,88.457,0.000,-0.001,4.0
717,-0.949,-1.041,1.501,88.652,0.000,-0.001,4.0
718,-0.950,-1.041,1.501,88.971,0.000,-0.001,4.0
719,-0.950,-1.041,1.501,89.378,0.000,-0.001,4.0
720,-0.950,-1.041,1.501,89.855,0.000,-0.000,4.0
721,-0.950,-1.041,1.501,90.388,0.000,0.000,4.0
722,-0.950,-1.041,1.501,90.969,0.000,0.001,4.0
723,-0.950,-1.042,1.501,91.594,0.000,0.001,4.0
724,-0.950,-1.042,1.501,91.545,0.000,0.002,4.0
725,-0.950,-1.042,1.501,91.350,0.000,0.002,4.0
726,-0.950,-1.042,1.501,91.031,0.000,0.002,4.0
727,-0.950,-1.042,1.501,90.623,0.000,0.001,4.0
728,-0.950,-1.042,1.501,90.145,0.000,0.001,4.0
729,-0.950,-1.042,1.501,89.611,0.000,-0.000,4.0
730,-0.950,-1.042,1.501,89.031,0.000,-0.001,4.0
731,-0.950,-1.042,1.501,88.405,0.000,-0.001,4.0
732,-0.950,-1.042,1.501,88.453,0.000,-0.001,4.0
733,-0.950,-1.042,1.501,88.648,0.000,-0.001,4.0
734,-0.950,-1.042,1.501,88.967,0.000,-0.001,4.0
735,-0.950,-1.042,1.501,89.374,0.000,-0.001,4.0
736,-0.950,-1.042,1.501,89.851,0.000,-0.000,4.0
737,-0.950,-1.042,1.501,90.384,0.000,0.000,4.0
738,-0.950,-1.043,1.501,90.965,0.000,0.001,4.0
739,-0.950,-1.043,1.501,91.590,0.000,0.001,4.0
740,-0.950,-1.043,1.501,91.541,0.000,0.002,4.0
741,-0.950,-1.043,1.501,91.346,0.000,0.002,4.0
742,-0.950,-1.043,1.501,91.027,0.000,0.002,4.0
743,-0.950,-1.043,1.501,90.619,0.000,0.001,4.0
744,-0.950,-1.043,1.501,90.141,0.000,0.001,4.0
745,-0.950,-1.043,1.501,89.607,0.000,-0.000,4.0
746,-0.950,-1.043,1.501,89.027,0.000,-0.001,4.0
747,-0.950,-1.043,1.501,88.401,0.000,-0.001,4.0
748,-0.950,-1.043,1.501,88.449,0.000,-0.001,4.0
749,-0.950,-1.043,1.501,88.644,0.000,-0.001,4.0
750,-0.950,-1.043,1.501,88.963,0.000,-0.001,4.0
751,-0.950,-1.043,1.501,89.370,0.000,-0.001,4.0
752,-0.950,-1.043,1.501,89.847,0.000,-0.000,4.0
753,-0.950,-1.043,1.501,90.380,0.000,0.000,4.0
754,-0.950,-1.043,1.501,90.961,0.000,0.001,4.0
755,-0.950,-1.043,1.501,91.586,0.000,0.001,4.0
756,-0.950,-1.044,1.501,91.537,0.000,0.002,4.0
757,-0.950,-1.044,1.501,91.342,0.000,0.002,4.0
758,-0.950,-1.044,1.501,91.023,0.000,0.002,4.0
759,-0.950,-1.044,1.501,90.615,0.000,0.001,4.0
760,-0.950,-1.044,1.501,90.137,0.000,0.001,4.0
761,-0.950,-1.044,1.501,89.603,0.000,-0.000,4.0
762,-0.950,-1.044,1.501,89.023,0.000,-0.001,4.0
763,-0.950,-1.044,1.501,88.397,0.000,-0.001,4.0
764,-0.950,-1.044,1.501,88.445,0.000,-0.001,4.0
765,-0.950,-1.044,1.501,88.640,0.000,-0.001,4.0
766,-0.950,-1.044,1.501,88.959,0.000,-0.001,4.0
767,-0.950,-1.044,1.501,89.366,0.000,-0.001,4.0
768,-0.950,-1.044,1.501,89.843,0.000,-0.000,4.0
769,-0.950,-1.044,1.501,90.376,0.000,0.000,4.0
770,-0.951,-1.044,1.501,90.957,0.000,0.001,4.0
771,-0.951,-1.044,1.501,91.582,0.000,0.001,4.0
772,-0.951,-1.044,1.501,91.533,0.000,0.002,4.0
773,-0.951,-1.044,1.501,91.338,0.000,0.002,4.0
774,-0.951,-1.044,1.501,91.019,0.000,0.002,4.0
775,-0.951,-1.044,1.501,90.611,0.000,0.001,4.0
776,-0.951,-1.044,1.501,90.133,0.000,0.001,4.0
777,-0.951,-1.044,1.501,89.600,0.000,-0.000,4.0
778,-0.951,-1.044,1.501,89.019,0.000,-0.001,4.0
779,-0.951,-1.044,1.501,88.393,0.000,-0.001,4.0
780,-0.951,-1.045,1.501,88.441,0.000,-0.001,4.0
781,-0.951,-1.045,1.501,88.636,0.000,-0.001,4.0
782,-0.951,-1.045,1.501,88.955,0.000,-0.001,4.0
783,-0.951,-1.045,1.501,89.362,0.000,-0.001,4.0
784,-0.951,-1.045,1.501,89.840,0.000,-0.000,4.0
785,-0.951,-1.045,1.501,90.373,0.000,0.000,4.0
786,-0.951,-1.045,1.501,90.953,0.000,0.001,4.0
787,-0.951,-1.045,1.501,91.578,0.000,0.001,4.0
788,-0.951,-1.045,1.501,91.529,0.000,0.002,4.0
789,-0.951,-1.045,1.501,91.334,-0.000,0.002,4.0
790,-0.951,-1.045,1.501,91.015,0.000,0.002,4.0
791,-0.951,-1.045,1.501,90.607,0.000,0.001,4.0
792,-0.951,-1.045,1.501,90.130,0.000,0.001,4.0
793,-0.951,-1.045,1.501,89.596,0.000,-0.000,4.0
794,-0.951,-1.045,1.501,89.015,0.000,-0.001,4.0
795,-0.951,-1.045,1.501,88.389,0.000,-0.001,4.0
796,-0.951,-1.045,1.501,88.438,0.000,-0.001,4.0
797,-0.951,-1.045,1.501,88.633,0.000,-0.002,4.0
798,-0.951,-1.045,1.501,88.952,0.000,-0.001,4.0
799,-0.951,-1.045,1.501,89.359,0.000,-0.001,4.0
800,-0.951,-1.045,1.501,89.836,0.000,-0.000,4.0
801,-0.951,-1.045,1.501,90.369,0.000,0.000,4.0
802,-0.951,-1.045,1.501,90.949,0.000,0.001,4.0
803,-0.951,-1.045,1.501,91.575,0.000,0.001,4.0
804,-0.951,-1.045,1.501,91.526,-0.000,0.002,4.0
805,-0.951,-1.045,1.501,91.331,-0.000,0.002,4.0
806,-0.951,-1.045,1.501,91.012,-0.000,0.002,4.0
807,-0.951,-1.045,1.501,90.604,0.000,0.001,4.0
808,-0.951,-1.045,1.501,90.126,0.000,0.001,4.0
809,-0.951,-1.045,1.501,89.593,0.000,-0.000,4.0
810,-0.951,-1.045,1.501,89.012,0.000,-0.001,4.0
811,-0.951,-1.045,1.501,88.386,0.000,-0.001,4.0
812,-0.951,-1.046,1.501,88.435,0.000,-0.001,4.0
813,-0.951,-1.046,1.501,88.630,0.000,-0.002,4.0
814,-0.951,-1.046,1.501,88.948,0.000,-0.001,4.0
815,-0.951,-1.046,1.501,89.356,0.000,-0.001,4.0
816,-0.951,-1.046,1.501,89.833,0.000,-0.000,4.0
817,-0.951,-1.046,1.501,90.366,0.000,0.000,4.0
818,-0.951,-1.046,1.501,90.946,0.000,0.001,4.0
819,-0.951,-1.046,1.501,91.572,0.000,0.001,4.0
820,-0.951,-1.046,1.501,91.523,-0.000,0.002,4.0
821,-0.951,-1.046,1.501,91.328,-0.000,0.002,4.0
822,-0.951,-1.046,1.501,91.009,-0.000,0.002,4.0
823,-0.951,-1.046,1.501,90.601,-0.000,0.001,4.0
824,-0.951,-1.046,1.501,90.123,0.000,0.001,4.0
825,-0.951,-1.046,1.501,89.590,0.000,-0.000,4.0
826,-0.951,-1.046,1.501,89.009,0.000,-0.001,4.0
827,-0.951,-1.046,1.501,88.383,0.000,-0.001,4.0
828,-0.951,-1.046,1.501,88.432,0.000,-0.001,4.0
829,-0.951,-1.046,1.501,88.627,0.000,-0.002,4.0
830,-0.951,-1.046,1.501,88.945,0.000,-0.001,4.0
831,-0.951,-1.046,1.501,89.353,0.000,-0.001,4.0
832,-0.951,-1.046,1.501,89.830,0.000,-0.000,4.0
833,-0.951,-1.046,1.501,90.363,0.000,0.000,4.0
834,-0.951,-1.046,1.501,90.943,0.000,0.001,4.0
835,-0.951,-1.046,1.501,91.569,-0.000,0.001,4.0
836,-0.951,-1.046,1.501,91.520,-0.000,0.002,4.0
837,-0.951,-1.046,1.501,91.325,-0.000,0.002,4.0
838,-0.951,-1.046,1.501,91.006,-0.000,0.002,4.0
839,-0.951,-1.046,1.501,90.598,-0.000,0.001,4.0
840,-0.951,-1.046,1.501,90.120,0.000,0.001,4.0
841,-0.951,-1.046,1.501,89.587,0.000,-0.000,4.0
842,-0.951,-1.046,1.501,89.006,0.000,-0.001,4.0
843,-0.951,-1.046,1.501,88.380,0.000,-0.001,4.0
844,-0.951,-1.046,1.501,88.429,0.000,-0.001,4.0
845,-0.951,-1.046,1.501,88.624,0.000,-0.002,4.0
846,-0.951,-1.046,1.501,88.943,0.000,-0.001,4.0
847,-0.951,-1.046,1.501,89.350,0.000,-0.001,4.0
848,-0.951,-1.046,1.501,89.827,0.000,-0.000,4.0
849,-0.951,-1.046,1.501,90.361,0.000,0.000,4.0
850,-0.951,-1.046,1.501,90.941,0.000,0.001,4.0
851,-0.951,-1.046,1.501,91.566,-0.000,0.001,4.0
852,-0.951,-1.046,1.501,91.517,-0.000,0.002,4.0
853,-0.951,-1.046,1.501,91.322,-0.000,0.002,4.0
854,-0.951,-1.046,1.501,91.003,-0.000,0.002,4.0
855,-0.951,-1.046,1.501,90.596,-0.000,0.001,4.0
856,-0.951,-1.046,1.501,90.118,-0.000,0.001,4.0
857,-0.951,-1.046,1.501,89.584,0.000,-0.000,4.0
858,-0.951,-1.046,1.501,89.004,0.000,-0.001,4.0
859,-0.951,-1.046,1.501,88.378,0.000,-0.001,4.0
860,-0.951,-1.046,1.501,88.427,0.000,-0.001,4.0
861,-0.951,-1.046,1.501,88.622,0.000,-0.002,4.0
862,-0.951,-1.046,1.501,88.940,0.000,-0.001,4.0
863,-0.951,-1.046,1.501,89.348,0.000,-0.001,4.0
864,-0.951,-1.047,1.501,89.825,0.000,-0.000,4.0
865,-0.951,-1.047,1.501,90.358,0.000,0.000,4.0
866,-0.951,-1.047,1.501,90.938,0.000,0.001,4.0
867,-0.951,-1.047,1.501,91.564,-0.000,0.001,4.0
868,-0.951,-1.047,1.501,91.515,-0.000,0.002,4.0
869,-0.951,-1.047,1.501,91.320,-0.000,0.002,4.0
870,-0.951,-1.047,1.501,91.001,-0.000,0.002,4.0
871,-0.951,-1.047,1.501,90.593,-0.000,0.001,4.0
872,-0.951,-1.047,1.501,90.116,-0.000,0.001,4.0
873,-0.951,-1.047,1.501,89.582,0.000,-0.000,4.0
874,-0.951,-1.047,1.501,89.002,0.000,-0.001,4.0
875,-0.951,-1.047,1.501,88.376,0.000,-0.001,4.0
876,-0.951,-1.047,1.501,88.425,0.000,-0.001,4.0
877,-0.951,-1.047,1.501,88.620,0.000,-0.002,4.0
878,-0.951,-1.047,1.501,88.938,0.000,-0.001,4.0
879,-0.951,-1.047,1.501,89.346,0.000,-0.001,4.0
880,-0.951,-1.047,1.501,89.823,0.000,-0.000,4.0
881,-0.952,-1.047,1.501,90.356,0.000,0.000,4.0
882,-0.952,-1.047,1.501,90.937,0.000,0.001,4.0
883,-0.952,-1.047,1.501,91.562,-0.000,0.001,4.0
884,-0.952,-1.047,1.501,91.513,-0.000,0.002,4.0
885,-0.952,-1.047,1.501,91.318,-0.000,0.002,4.0
886,-0.952,-1.047,1.501,90.999,-0.000,0.002,4.0
887,-0.952,-1.047,1.501,90.592,-0.000,0.001,4.0
888,-0.952,-1.047,1.501,90.114,-0.000,0.001,4.0
889,-0.952,-1.047,1.501,89.581,0.000,-0.000,4.0
890,-0.952,-1.047,1.501,89.000,0.000,-0.001,4.0
891,-0.952,-1.047,1.501,88.374,0.000,-0.001,4.0
892,-0.952,-1.047,1.501,88.423,0.000,-0.001,4.0
893,-0.952,-1.047,1.501,88.618,0.000,-0.002,4.0
894,-0.952,-1.047,1.501,88.937,0.000,-0.001,4.0
895,-0.952,-1.047,1.501,89.344,0.000,-0.001,4.0
896,-0.952,-1.047,1.501,89.821,0.000,-0.001,4.0
897,-0.952,-1.047,1.501,90.355,0.000,0.000,4.0
898,-0.952,-1.047,1.501,90.935,0.000,0.001,4.0
899,-0.952,-1.047,1.501,91.560,-0.000,0.001,4.0
900,-0.952,-1.047,1.501,91.512,-0.000,0.001,4.0
901,-0.952,-1.047,1.501,91.316,-0.000,0.002,4.0
902,-0.952,-1.047,1.501,90.998,-0.000,0.002,4.0
903,-0.952,-1.047,1.501,90.590,-0.000,0.001,4.0
904,-0.952,-1.047,1.501,90.112,-0.000,0.001,4.0
905,-0.952,-1.047,1.501,89.579,0.000,-0.000,4.0
906,-0.952,-1.047,1.501,88.998,0.000,-0.001,4.0
907,-0.952,-1.047,1.501,88.373,0.000,-0.001,4.0
908,-0.952,-1.047,1.501,88.421,0.000,-0.001,4.0
909,-0.952,-1.047,1.501,88.616,0.000,-0.002,4.0
910,-0.952,-1.047,1.501,88.935,0.000,-0.001,4.0
911,-0.952,-1.047,1.501,89.343,0.000,-0.001,4.0
912,-0.952,-1.047,1.501,89.820,0.000,-0.001,4.0
913,-0.952,-1.047,1.501,90.353,0.000,0.000,4.0
914,-0.952,-1.047,1.501,90.933,-0.000,0.001,4.0
915,-0.952,-1.047,1.501,91.559,-0.000,0.001,4.0
916,-0.952,-1.047,1.501,91.510,-0.000,0.001,4.0
917,-0.952,-1.047,1.501,91.315,-0.000,0.002,4.0
918,-0.952,-1.047,1.501,90.996,-0.000,0.002,4.0
919,-0.952,-1.047,1.501,90.589,-0.000,0.001,4.0
920,-0.952,-1.047,1.501,90.111,-0.000,0.001,4.0
921,-0.952,-1.047,1.501,89.578,-0.000,-0.000,4.0
922,-0.952,-1.047,1.501,88.997,0.000,-0.001,4.0
923,-0.952,-1.047,1.501,88.371,0.000,-0.001,4.0
924,-0.952,-1.047,1.501,88.420,0.000,-0.001,4.0
925,-0.952,-1.047,1.501,88.615,0.000,-0.002,4.0
926,-0.952,-1.047,1.501,88.934,0.000,-0.001,4.0
927,-0.952,-1.047,1.501,89.341,0.000,-0.001,4.0
928,-0.952,-1.047,1.501,89.819,0.000,-0.001,4.0
929,-0.952,-1.047,1.501,90.352,0.000,0.000,4.0
930,-0.952,-1.047,1.501,90.932,-0.000,0.001,4.0
931,-0.952,-1.047,1.501,91.558,-0.000,0.001,4.0
932,-0.952,-1.047,1.501,91.509,-0.000,0.001,4.0
933,-0.952,-1.047,1.501,91.314,-0.000,0.002,4.0
934,-0.952,-1.047,1.501,90.995,-0.000,0.002,4.0
935,-0.952,-1.047,1.501,90.587,-0.000,0.001,4.0
936,-0.952,-1.047,1.501,90.110,-0.000,0.001,4.0
937,-0.952,-1.047,1.501,89.577,-0.000,-0.000,4.0
938,-0.952,-1.047,1.501,88.996,0.000,-0.001,4.0
939,-0.952,-1.047,1.501,88.370,0.000,-0.001,4.0
940,-0.952,-1.047,1.501,88.419,0.000,-0.001,4.0
941,-0.952,-1.047,1.501,88.614,0.000,-0.002,4.0
942,-0.952,-1.047,1.501,88.933,0.000,-0.001,4.0
943,-0.952,-1.047,1.501,89.340,0.000,-0.001,4.0
944,-0.952,-1.047,1.501,89.818,0.000,-0.001,4.0
945,-0.952,-1.047,1.501,90.351,0.000,0.000,4.0
946,-0.952,-1.047,1.501,90.931,-0.000,0.001,4.0
947,-0.952,-1.047,1.501,91.557,-0.000,0.001,4.0
948,-0.952,-1.047,1.501,91.508,-0.000,0.001,4.0
949,-0.952,-1.047,1.501,91.313,-0.000,0.002,4.0
950,-0.952,-1.047,1.501,90.994,-0.000,0.002,4.0
951,-0.952,-1.047,1.501,90.587,-0.000,0.001,4.0
952,-0.952,-1.047,1.501,90.109,-0.000,0.001,4.0
953,-0.952,-1.047,1.501,89.576,-0.000,-0.000,4.0
954,-0.952,-1.047,1.501,88.995,0.000,-0.001,4.0
955,-0.952,-1.047,1.501,88.370,0.000,-0.001,4.0
956,-0.952,-1.047,1.501,88.418,0.000,-0.001,4.0
957,-0.952,-1.047,1.501,88.613,0.000,-0.002,4.0
958,-0.952,-1.047,1.501,88.932,0.000,-0.002,4.0
959,-0.952,-1.047,1.501,89.340,0.000,-0.001,4.0
960,-0.952,-1.047,1.501,89.817,0.000,-0.001,4.0
961,-0.952,-1.047,1.501,90.350,0.000,0.000,4.0
962,-0.952,-1.047,1.501,90.931,-0.000,0.001,4.0
963,-0.952,-1.047,1.501,91.556,-0.000,0.001,4.0
964,-0.952,-1.047,1.501,91.507,-0.000,0.001,4.0
965,-0.952,-1.047,1.501,91.312,-0.000,0.002,4.0
966,-0.952,-1.047,1.501,90.993,-0.000,0.002,4.0
967,-0.952,-1.047,1.501,90.586,-0.000,0.001,4.0
968,-0.952,-1.047,1.501,90.108,-0.000,0.001,4.0
969,-0.952,-1.047,1.501,89.575,-0.000,-0.000,4.0
970,-0.952,-1.047,1.501,88.994,0.000,-0.001,4.0
971,-0.952,-1.047,1.501,88.369,0.000,-0.001,4.0
972,-0.952,-1.047,1.501,88.417,0.000,-0.001,4.0
973,-0.952,-1.047,1.501,88.612,0.000,-0.002,4.0
974,-0.952,-1.047,1.501,88.931,0.000,-0.002,4.0
975,-0.952,-1.047,1.501,89.339,0.000,-0.001,4.0
976,-0.952,-1.047,1.501,89.816,0.000,-0.001,4.0
977,-0.952,-1.047,1.501,90.350,0.000,0.000,4.0
978,-0.952,-1.047,1.501,90.930,-0.000,0.001,4.0
979,-0.952,-1.047,1.501,91.555,-0.000,0.001,4.0
980,-0.952,-1.047,1.501,91.507,-0.000,0.001,4.0
981,-0.952,-1.047,1.501,91.312,-0.000,0.002,4.0
982,-0.952,-1.047,1.501,90.993,-0.000,0.002,4.0
983,-0.952,-1.047,1.501,90.585,-0.000,0.001,4.0
984,-0.952,-1.047,1.501,90.108,-0.000,0.001,4.0
985,-0.952,-1.047,1.501,89.574,-0.000,-0.000,4.0
986,-0.952,-1.047,1.501,88.994,0.000,-0.001,4.0
987,-0.952,-1.047,1.501,88.368,0.000,-0.001,4.0
988,-0.952,-1.047,1.501,88.417,0.000,-0.001,4.0
989,-0.952,-1.047,1.501,88.612,0.000,-0.002,4.0
990,-0.952,-1.047,1.501,88.931,0.000,-0.002,4.0
991,-0.952,-1.047,1.501,89.338,0.000,-0.001,4.0
992,-0.952,-1.047,1.501,89.816,0.000,-0.001,4.0
993,-0.952,-1.047,1.501,90.349,0.000,0.000,4.0
994,-0.952,-1.047,1.501,90.929,-0.000,0.001,4.0
995,-0.952,-1.047,1.501,91.555,-0.000,0.001,4.0
996,-0.952,-1.047,1.501,91.506,-0.000,0.001,4.0
997,-0.952,-1.047,1.501,91.311,-0.000,0.002,4.0
998,-0.952,-1.047,1.501,90.992,-0.000,0.002,4.0
999,-0.952,-1.047,1.501,90.585,-0.000,0.001,4.0
1000,-0.952,-1.047,1.501,90.107,-0.000,0.001,4.0
1001,-0.952,-1.047,1.501,89.574,-0.000,-0.000,4.0
1002,-0.952,-1.047,1.501,88.994,0.000,-0.001,4.0
1003,-0.952,-1.047,1.501,88.368,0.000,-0.001,4.0
1004,-0.952,-1.047,1.501,88.417,0.000,-0.001,4.0
1005,-0.952,-1.047,1.501,88.612,0.000,-0.002,4.0
1006,-0.952,-1.047,1.501,88.931,0.000,-0.002,4.0
1007,-0.952,-1.047,1.501,89.338,0.000,-0.001,4.0
1008,-0.952,-1.047,1.501,89.816,0.000,-0.001,4.0
1009,-0.952,-1.047,1.501,90.349,0.000,0.000,4.0
1010,-0.952,-1.047,1.501,90.929,-0.000,0.001,4.0
1011,-0.952,-1.047,1.501,91.555,-0.000,0.001,4.0
1012,-0.952,-1.047,1.501,91.506,-0.000,0.001,4.0
1013,-0.952,-1.047,1.501,91.311,-0.000,0.002,4.0
1014,-0.952,-1.047,1.501,90.992,-0.000,0.002,4.0
1015,-0.952,-1.047,1.501,90.585,-0.000,0.001,4.0
1016,-0.952,-1.047,1.501,90.107,-0.000,0.001,4.0
1017,-0.952,-1.047,1.501,89.574,-0.000,-0.000,4.0
1018,-0.952,-1.047,1.501,88.993,0.000,-0.001,4.0
1019,-0.952,-1.047,1.501,88.368,0.000,-0.001,4.0
1020,-0.952,-1.047,1.501,88.416,0.000,-0.001,4.0
1021,-0.952,-1.047,1.501,88.611,0.000,-0.002,4.0
1022,-0.952,-1.047,1.501,88.930,0.000,-0.002,4.0
1023,-0.952,-1.047,1.501,89.338,0.000,-0.001,4.0
1024,-0.952,-1.047,1.501,89.815,0.000,-0.001,4.0
1025,-0.952,-1.047,1.501,90.349,0.000,0.000,4.0
1026,-0.952,-1.047,1.501,90.929,-0.000,0.001,4.0
1027,-0.952,-1.047,1.501,91.554,-0.000,0.001,4.0
1028,-0.952,-1.047,1.501,91.506,-0.000,0.001,4.0
1029,-0.952,-1.047,1.501,91.311,-0.000,0.002,4.0
1030,-0.952,-1.047,1.501,90.992,-0.000,0.002,4.0
1031,-0.952,-1.047,1.501,90.584,-0.000,0.001,4.0
1032,-0.952,-1.047,1.501,90.107,-0.000,0.001,4.0
1033,-0.952,-1.047,1.501,89.574,-0.000,-0.000,4.0
1034,-0.952,-1.048,1.501,88.993,0.000,-0.001,4.0
1035,-0.952,-1.048,1.501,88.367,0.000,-0.001,4.0
1036,-0.952,-1.048,1.501,88.416,0.000,-0.001,4.0
1037,-0.952,-1.048,1.501,88.611,0.000,-0.002,4.0
1038,-0.952,-1.048,1.501,88.930,0.000,-0.002,4.0
1039,-0.952,-1.048,1.501,89.338,0.000,-0.001,4.0
1040,-0.952,-1.048,1.501,89.815,0.000,-0.001,4.0
1041,-0.952,-1.048,1.501,90.348,0.000,0.000,4.0
1042,-0.952,-1.048,1.501,90.929,-0.000,0.001,4.0
1043,-0.952,-1.048,1.501,91.554,-0.000,0.001,4.0
1044,-0.952,-1.048,1.501,91.506,-0.000,0.001,4.0
1045,-0.952,-1.048,1.501,91.311,-0.000,0.002,4.0
1046,-0.952,-1.048,1.501,90.992,-0.000,0.002,4.0
1047,-0.952,-1.048,1.501,90.584,-0.000,0.001,4.0
1048,-0.952,-1.048,1.501,90.107,-0.000,0.001,4.0
1049,-0.952,-1.048,1.501,89.573,-0.000,-0.000,4.0
1050,-0.952,-1.048,1.501,88.993,0.000,-0.001,4.0
1051,-0.952,-1.048,1.501,88.367,0.000,-0.001,4.0
1052,-0.952,-1.048,1.501,88.416,0.000,-0.001,4.0
1053,-0.952,-1.048,1.501,88.611,0.000,-0.002,4.0
1054,-0.952,-1.048,1.501,88.930,0.000,-0.002,4.0
1055,-0.952,-1.048,1.501,89.338,0.000,-0.001,4.0
1056,-0.952,-1.048,1.501,89.815,0.000,-0.001,4.0
1057,-0.952,-1.048,1.501,90.348,0.000,0.000,4.0
1058,-0.952,-1.048,1.501,90.929,-0.000,0.001,4.0
1059,-0.952,-1.048,1.501,91.554,-0.000,0.001,4.0
1060,-0.952,-1.048,1.501,91.506,-0.000,0.001,4.0
1061,-0.952,-1.048,1.501,91.310,-0.000,0.002,4.0
1062,-0.952,-1.048,1.501,90.992,-0.000,0.002,4.0
1063,-0.952,-1.048,1.501,90.584,-0.000,0.001,4.0
1064,-0.952,-1.048,1.501,90.107,-0.000,0.001,4.0
1065,-0.952,-1.048,1.501,89.573,-0.000,-0.000,4.0
1066,-0.952,-1.048,1.501,88.993,0.000,-0.001,4.0
1067,-0.952,-1.048,1.501,88.367,0.000,-0.001,4.0
1068,-0.952,-1.048,1.501,88.416,0.000,-0.001,4.0
1069,-0.952,-1.048,1.501,88.611,0.000,-0.002,4.0
1070,-0.952,-1.048,1.501,88.930,0.000,-0.002,4.0
1071,-0.952,-1.048,1.501,89.338,0.000,-0.001,4.0
1072,-0.952,-1.048,1.501,89.815,0.000,-0.001,4.0
1073,-0.952,-1.048,1.501,90.348,0.000,0.000,4.0
1074,-0.952,-1.048,1.501,90.929,-0.000,0.001,4.0
1075,-0.952,-1.048,1.501,91.554,-0.000,0.001,4.0
1076,-0.952,-1.048,1.501,91.506,-0.000,0.001,4.0
1077,-0.952,-1.048,1.501,91.310,-0.000,0.002,4.0
1078,-0.952,-1.048,1.501,90.992,-0.000,0.002,4.0
1079,-0.952,-1.048,1.501,90.584,-0.000,0.001,4.0
1080,-0.952,-1.048,1.501,90.107,-0.000,0.001,4.0
1081,-0.952,-1.048,1.501,89.573,-0.000,-0.000,4.0
1082,-0.952,-1.048,1.501,88.993,0.000,-0.001,4.0
1083,-0.952,-1.048,1.501,88.367,0.000,-0.001,4.0
1084,-0.952,-1.048,1.501,88.416,0.000,-0.001,4.0
1085,-0.952,-1.048,1.501,88.611,0.000,-0.002,4.0
1086,-0.952,-1.048,1.501,88.930,0.000,-0.002,4.0
1087,-0.952,-1.048,1.501,89.338,0.000,-0.001,4.0
1088,-0.952,-1.048,1.501,89.815,0.000,-0.001,4.0
1089,-0.952,-1.048,1.501,90.348,0.000,0.000,4.0
1090,-0.952,-1.048,1.501,90.929,-0.000,0.001,4.0
1091,-0.952,-1.048,1.501,91.554,-0.000,0.001,4.0
1092,-0.952,-1.048,1.501,91.506,-0.000,0.001,4.0
1093,-0.952,-1.048,1.501,91.310,-0.000,0.002,4.0
1094,-0.952,-1.048,1.501,90.992,-0.000,0.002,4.0
1095,-0.952,-1.048,1.501,90.584,-0.000,0.001,4.0
1096,-0.952,-1.048,1.501,90.107,-0.000,0.001,4.0
1097,-0.952,-1.048,1.501,89.573,-0.000,-0.000,4.0
1098,-0.952,-1.048,1.501,88.993,0.000,-0.001,4.0
1099,-0.952,-1.048,1.501,88.367,0.000,-0.001,4.0
1100,-0.952,-1.048,1.501,88.416,0.000,-0.001,4.0
1101,-0.952,-1.048,1.501,88.611,0.000,-0.002,4.0
1102,-0.952,-1.048,1.501,88.930,0.000,-0.002,4.0
1103,-0.952,-1.048,1.501,89.338,0.000,-0.001,4.0
1104,-0.952,-1.048,1.501,89.815,0.000,-0.001,4.0
1105,-0.952,-1.048,1.501,90.348,0.000,0.000,4.0
1106,-0.952,-1.048,1.501,90.929,-0.000,0.001,4.0
1107,-0.952,-1.048,1.501,91.554,-0.000,0.001,4.0
1108,-0.952,-1.048,1.501,91.506,-0.000,0.001,4.0
1109,-0.952,-1.048,1.501,91.311,-0.000,0.002,4.0
1110,-0.952,-1.048,1.501,90.992,-0.000,0.002,4.0
1111,-0.952,-1.048,1.501,90.584,-0.000,0.001,4.0
1112,-0.952,-1.048,1.501,90.107,-0.000,0.001,4.0
1113,-0.952,-1.048,1.501,89.573,-0.000,-0.000,4.0
1114,-0.952,-1.048,1.501,88.993,0.000,-0.001,4.0
1115,-0.952,-1.048,1.501,88.367,0.000,-0.001,4.0
1116,-0.952,-1.048,1.501,88.416,0.000,-0.001,4.0
1117,-0.952,-1.048,1.501,88.611,0.000,-0.002,4.0
1118,-0.952,-1.048,1.501,88.930,0.000,-0.002,4.0
1119,-0.952,-1.048,1.501,89.338,0.000,-0.001,4.0
1120,-0.952,-1.048,1.501,89.815,0.000,-0.001,4.0
1121,-0.952,-1.048,1.501,90.348,0.000,0.000,4.0
1122,-0.952,-1.048,1.501,90.929,-0.000,0.001,4.0
1123,-0.952,-1.048,1.501,91.554,-0.000,0.001,4.0
1124,-0.952,-1.048,1.501,91.506,-0.000,0.001,4.0
1125,-0.952,-1.048,1.501,91.311,-0.000,0.002,4.0
1126,-0.952,-1.048,1.501,90.992,-0.000,0.002,4.0
1127,-0.952,-1.048,1.501,90.584,-0.000,0.001,4.0
1128,-0.952,-1.048,1.501,90.107,-0.000,0.001,4.0
1129,-0.952,-1.048,1.501,89.574,-0.000,-0.000,4.0
1130,-0.952,-1.048,1.501,88.993,0.000,-0.001,4.0
1131,-0.952,-1.048,1.501,88.367,0.000,-0.001,4.0
1132,-0.952,-1.048,1.501,88.416,0.000,-0.001,4.0
1133,-0.952,-1.048,1.501,88.611,0.000,-0.002,4.0
1134,-0.952,-1.048,1.501,88.930,0.000,-0.002,4.0
1135,-0.952,-1.048,1.501,89.338,0.000,-0.001,4.0
1136,-0.952,-1.048,1.501,89.815,0.000,-0.001,4.0
1137,-0.952,-1.048,1.501,90.348,0.000,0.000,4.0
1138,-0.952,-1.048,1.501,90.929,-0.000,0.001,4.0
1139,-0.952,-1.048,1.501,91.554,-0.000,0.001,4.0
1140,-0.952,-1.048,1.501,91.506,-0.000,0.001,4.0
1141,-0.952,-1.048,1.501,91.311,-0.000,0.002,4.0
1142,-0.952,-1.048,1.501,90.992,-0.000,0.002,4.0
1143,-0.952,-1.048,1.501,90.584,-0.000,0.001,4.0
1144,-0.952,-1.048,1.501,90.107,-0.000,0.001,4.0
1145,-0.952,-1.048,1.501,89.574,-0.000,-0.000,4.0
1146,-0.952,-1.048,1.501,88.993,0.000,-0.001,4.0
1147,-0.952,-1.048,1.501,88.368,0.000,-0.001,4.0
1148,-0.952,-1.048,1.501,88.416,0.000,-0.001,4.0
1149,-0.952,-1.048,1.501,88.611,0.000,-0.002,4.0
1150,-0.952,-1.048,1.501,88.930,0.000,-0.002,4.0
1151,-0.952,-1.048,1.501,89.338,0.000,-0.001,4.0
1152,-0.952,-1.048,1.501,89.815,0.000,-0.001,4.0
1153,-0.952,-1.048,1.501,90.349,0.000,0.000,4.0
1154,-0.952,-1.048,1.501,90.929,-0.000,0.001,4.0
1155,-0.952,-1.048,1.501,91.554,-0.000,0.001,4.0
1156,-0.952,-1.048,1.501,91.506,-0.000,0.001,4.0
1157,-0.952,-1.048,1.501,91.311,-0.000,0.002,4.0
1158,-0.952,-1.048,1.501,90.992,-0.000,0.002,4.0
1159,-0.952,-1.048,1.501,90.584,-0.000,0.001,4.0
1160,-0.952,-1.048,1.501,90.107,-0.000,0.001,4.0
1161,-0.952,-1.048,1.501,89.574,-0.000,-0.000,4.0
1162,-0.952,-1.048,1.501,88.993,0.000,-0.001,4.0
1163,-0.952,-1.048,1.501,88.368,0.000,-0.001,4.0
1164,-0.952,-1.048,1.501,88.416,0.000,-0.001,4.0
1165,-0.952,-1.048,1.501,88.611,0.000,-0.002,4.0
1166,-0.952,-1.048,1.501,88.930,0.000,-0.002,4.0
1167,-0.952,-1.048,1.501,89.338,0.000,-0.001,4.0
1168,-0.952,-1.048,1.501,89.815,0.000,-0.001,4.0
1169,-0.952,-1.048,1.501,90.349,0.000,0.000,4.0
1170,-0.952,-1.048,1.501,90.929,-0.000,0.001,4.0
1171,-0.952,-1.048,1.501,91.555,-0.000,0.001,4.0
1172,-0.952,-1.048,1.501,91.506,-0.000,0.001,4.0
1173,-0.952,-1.048,1.501,91.311,-0.000,0.002,4.0
1174,-0.952,-1.048,1.501,90.992,-0.000,0.002,4.0
1175,-0.952,-1.048,1.501,90.585,-0.000,0.001,4.0
1176,-0.952,-1.048,1.501,90.107,-0.000,0.001,4.0
1177,-0.952,-1.048,1.501,89.574,-0.000,-0.000,4.0
1178,-0.952,-1.048,1.501,88.993,0.000,-0.001,4.0
1179,-0.952,-1.048,1.501,88.368,0.000,-0.001,4.0
1180,-0.952,-1.048,1.501,88.416,0.000,-0.001,4.0
1181,-0.952,-1.048,1.501,88.611,0.000,-0.002,4.0
1182,-0.952,-1.048,1.501,88.930,0.000,-0.002,4.0
1183,-0.952,-1.048,1.501,89.338,0.000,-0.001,4.0
1184,-0.952,-1.048,1.501,89.816,0.000,-0.001,4.0
1185,-0.952,-1.048,1.501,90.349,0.000,0.000,4.0
1186,-0.952,-1.048,1.501,90.929,-0.000,0.001,4.0
1187,-0.952,-1.048,1.501,91.555,-0.000,0.001,4.0
1188,-0.952,-1.048,1.501,91.506,-0.000,0.001,4.0
1189,-0.952,-1.048,1.501,91.311,-0.000,0.002,4.0
1190,-0.952,-1.048,1.501,90.992,-0.000,0.002,4.0
1191,-0.952,-1.048,1.501,90.585,-0.000,0.001,4.0
1192,-0.952,-1.048,1.501,90.107,-0.000,0.001,4.0
1193,-0.952,-1.048,1.501,89.574,-0.000,-0.000,4.0
1194,-0.952,-1.048,1.501,88.993,0.000,-0.001,4.0
1195,-0.952,-1.048,1.501,88.368,0.000,-0.001,4.0
1196,-0.952,-1.048,1.501,88.416,0.000,-0.001,4.0
1197,-0.952,-1.048,1.501,88.612,0.000,-0.002,4.0
1198,-0.952,-1.048,1.501,88.931,0.000,-0.002,4.0
1199,-0.952,-1.048,1.501,89.338,0.000,-0.001,4.0
1200,-0.952,-1.048,1.501,89.816,0.000,-0.001,4.0
1201,-0.952,-1.048,1.501,90.349,0.000,0.000,4.0
1202,-0.952,-1.048,1.501,90.929,-0.000,0.001,4.0
1203,-0.952,-1.048,1.501,91.555,-0.000,0.001,4.0
1204,-0.952,-1.048,1.501,91.506,-0.000,0.001,4.0
1205,-0.952,-1.048,1.501,91.311,-0.000,0.002,4.0
1206,-0.952,-1.048,1.501,90.992,-0.000,0.002,4.0
1207,-0.952,-1.048,1.501,90.585,-0.000,0.001,4.0
1208,-0.952,-1.048,1.501,90.107,-0.000,0.001,4.0
1209,-0.952,-1.048,1.501,89.574,-0.000,-0.000,4.0
1210,-0.952,-1.048,1.501,88.994,0.000,-0.001,4.0
1211,-0.952,-1.048,1.501,88.368,0.000,-0.001,4.0
1212,-0.952,-1.048,1.501,88.417,0.000,-0.001,4.0
1213,-0.952,-1.048,1.501,88.612,0.000,-0.002,4.0
1214,-0.952,-1.048,1.501,88.931,0.000,-0.002,4.0
1215,-0.952,-1.048,1.501,89.338,0.000,-0.001,4.0
1216,-0.952,-1.048,1.501,89.816,0.000,-0.001,4.0
1217,-0.952,-1.048,1.501,90.349,0.000,0.000,4.0
1218,-0.952,-1.048,1.501,90.929,-0.000,0.001,4.0
1219,-0.952,-1.048,1.501,91.555,-0.000,0.001,4.0
1220,-0.952,-1.048,1.501,91.506,-0.000,0.001,4.0
1221,-0.952,-1.048,1.501,91.311,-0.000,0.002,4.0
1222,-0.952,-1.048,1.501,90.992,-0.000,0.002,4.0
1223,-0.952,-1.048,1.501,90.585,-0.000,0.001,4.0
1224,-0.952,-1.048,1.501,90.107,-0.000,0.001,4.0
1225,-0.952,-1.048,1.501,89.574,-0.000,-0.000,4.0
1226,-0.952,-1.048,1.501,88.994,0.000,-0.001,4.0
1227,-0.952,-1.048,1.501,88.368,0.000,-0.001,4.0
1228,-0.952,-1.048,1.501,88.417,0.000,-0.001,4.0
1229,-0.952,-1.048,1.501,88.612,0.000,-0.002,4.0
1230,-0.952,-1.048,1.501,88.931,0.000,-0.002,4.0
1231,-0.952,-1.048,1.501,89.338,0.000,-0.001,4.0
1232,-0.952,-1.048,1.501,89.816,0.000,-0.001,4.0
1233,-0.952,-1.048,1.501,90.349,0.000,0.000,4.0
1234,-0.952,-1.048,1.501,90.929,-0.000,0.001,4.0
1235,-0.952,-1.048,1.501,91.555,-0.000,0.001,4.0
1236,-0.952,-1.048,1.501,91.506,-0.000,0.001,4.0
1237,-0.952,-1.048,1.501,91.311,-0.000,0.002,4.0
1238,-0.952,-1.048,1.501,90.992,-0.000,0.002,4.0
1239,-0.952,-1.048,1.501,90.585,-0.000,0.001,4.0
1240,-0.952,-1.048,1.501,90.107,-0.000,0.001,4.0
1241,-0.952,-1.048,1.501,89.574,-0.000,-0.000,4.0
1242,-0.952,-1.048,1.501,88.994,0.000,-0.001,4.0
1243,-0.952,-1.048,1.501,88.368,0.000,-0.001,4.0
1244,-0.952,-1.048,1.501,88.417,0.000,-0.001,4.0
1245,-0.952,-1.048,1.501,88.612,0.000,-0.002,4.0
1246,-0.952,-1.048,1.501,88.931,0.000,-0.002,4.0
1247,-0.952,-1.048,1.501,89.338,0.000,-0.001,4.0
1248,-0.952,-1.048,1.501,89.816,0.000,-0.001,4.0
1249,-0.952,-1.048,1.501,90.349,0.000,0.000,4.0
1250,-0.952,-1.048,1.501,90.929,-0.000,0.001,4.0
1251,-0.952,-1.048,1.501,91.555,-0.000,0.001,4.0
1252,-0.952,-1.048,1.501,91.506,-0.000,0.001,4.0
1253,-0.952,-1.048,1.501,91.311,-0.000,0.002,4.0
1254,-0.952,-1.048,1.501,90.993,-0.000,0.002,4.0
1255,-0.952,-1.048,1.501,90.585,-0.000,0.001,4.0
1256,-0.952,-1.048,1.501,90.108,-0.000,0.001,4.0
1257,-0.952,-1.048,1.501,89.574,-0.000,-0.000,4.0
1258,-0.952,-1.048,1.501,88.994,-0.000,-0.001,4.0
1259,-0.952,-1.048,1.501,88.368,0.000,-0.001,4.0
1260,-0.952,-1.048,1.501,88.417,0.000,-0.001,4.0
1261,-0.952,-1.048,1.501,88.612,0.000,-0.002,4.0
1262,-0.952,-1.048,1.501,88.931,0.000,-0.002,4.0
1263,-0.952,-1.048,1.501,89.338,0.000,-0.001,4.0
1264,-0.952,-1.048,1.501,89.816,0.000,-0.001,4.0
1265,-0.952,-1.048,1.501,90.349,0.000,0.000,4.0
1266,-0.952,-1.048,1.501,90.930,-0.000,0.001,4.0
1267,-0.952,-1.048,1.501,91.555,-0.000,0.001,4.0
1268,-0.952,-1.048,1.501,91.506,-0.000,0.001,4.0
1269,-0.952,-1.048,1.501,91.311,-0.000,0.002,4.0
1270,-0.952,-1.048,1.501,90.993,-0.000,0.002,4.0
1271,-0.952,-1.048,1.501,90.585,-0.000,0.001,4.0
1272,-0.952,-1.048,1.501,90.108,-0.000,0.001,4.0
1273,-0.952,-1.048,1.501,89.574,-0.000,-0.000,4.0
1274,-0.952,-1.048,1.501,88.994,-0.000,-0.001,4.0
1275,-0.952,-1.048,1.501,88.368,0.000,-0.001,4.0
1276,-0.952,-1.048,1.501,88.417,0.000,-0.001,4.0
1277,-0.952,-1.048,1.501,88.612,0.000,-0.002,4.0
1278,-0.952,-1.048,1.501,88.931,0.000,-0.002,4.0
1279,-0.952,-1.048,1.501,89.339,0.000,-0.001,4.0
1280,-0.952,-1.048,1.501,89.816,0.000,-0.001,4.0
1281,-0.952,-1.048,1.501,90.349,0.000,0.000,4.0
1282,-0.952,-1.048,1.501,90.930,-0.000,0.001,4.0
1283,-0.952,-1.048,1.501,91.555,-0.000,0.001,4.0
1284,-0.952,-1.048,1.501,91.507,-0.000,0.001,4.0
1285,-0.952,-1.048,1.501,91.311,-0.000,0.002,4.0
1286,-0.952,-1.048,1.501,90.993,-0.000,0.002,4.0
1287,-0.952,-1.048,1.501,90.585,-0.000,0.001,4.0
1288,-0.952,-1.048,1.501,90.108,-0.000,0.001,4.0
1289,-0.952,-1.048,1.501,89.574,-0.000,-0.000,4.0
1290,-0.952,-1.048,1.501,88.994,-0.000,-0.001,4.0
1291,-0.952,-1.048,1.501,88.368,0.000,-0.001,4.0
1292,-0.952,-1.048,1.501,88.417,0.000,-0.001,4.0
1293,-0.952,-1.048,1.501,88.612,0.000,-0.002,4.0
1294,-0.952,-1.048,1.501,88.931,0.000,-0.002,4.0
1295,-0.952,-1.048,1.501,89.339,0.000,-0.001,4.0
1296,-0.952,-1.048,1.501,89.816,0.000,-0.001,4.0
1297,-0.952,-1.048,1.501,90.349,0.000,0.000,4.0
1298,-0.952,-1.048,1.501,90.930,-0.000,0.001,4.0
1299,-0.952,-1.048,1.501,91.555,-0.000,0.001,4.0
1300,-0.952,-1.048,1.501,91.507,-0.000,0.001,4.0
1301,-0.952,-1.048,1.501,91.312,-0.000,0.002,4.0
1302,-0.952,-1.048,1.501,90.993,-0.000,0.002,4.0
1303,-0.952,-1.048,1.501,90.585,-0.000,0.001,4.0
1304,-0.952,-1.048,1.501,90.108,-0.000,0.001,4.0
1305,-0.952,-1.048,1.501,89.574,-0.000,-0.000,4.0
1306,-0.952,-1.048,1.501,88.994,-0.000,-0.001,4.0
1307,-0.952,-1.048,1.501,88.368,0.000,-0.001,4.0
1308,-0.952,-1.048,1.501,88.417,0.000,-0.001,4.0
1309,-0.952,-1.048,1.501,88.612,0.000,-0.002,4.0
1310,-0.952,-1.048,1.501,88.931,0.000,-0.002,4.0
1311,-0.952,-1.048,1.501,89.339,0.000,-0.001,4.0
1312,-0.952,-1.048,1.501,89.816,0.000,-0.001,4.0
1313,-0.952,-1.048,1.501,90.349,0.000,0.000,4.0
1314,-0.952,-1.048,1.501,90.930,-0.000,0.001,4.0
1315,-0.952,-1.048,1.501,91.555,-0.000,0.001,4.0
1316,-0.952,-1.048,1.501,91.507,-0.000,0.001,4.0
1317,-0.952,-1.048,1.501,91.312,-0.000,0.002,4.0
1318,-0.952,-1.048,1.501,90.993,-0.000,0.002,4.0
1319,-0.952,-1.048,1.501,90.585,-0.000,0.001,4.0
1320,-0.952,-1.048,1.501,90.108,-0.000,0.001,4.0
1321,-0.952,-1.048,1.501,89.575,-0.000,-0.000,4.0
1322,-0.952,-1.048,1.501,88.994,-0.000,-0.001,4.0
1323,-0.952,-1.048,1.501,88.368,0.000,-0.001,4.0
1324,-0.952,-1.048,1.501,88.417,0.000,-0.001,4.0
1325,-0.952,-1.048,1.501,88.612,0.000,-0.002,4.0
1326,-0.952,-1.048,1.501,88.931,0.000,-0.002,4.0
1327,-0.952,-1.048,1.501,89.339,0.000,-0.001,4.0
1328,-0.952,-1.048,1.501,89.816,0.000,-0.001,4.0
1329,-0.952,-1.048,1.501,90.349,0.000,0.000,4.0
1330,-0.952,-1.048,1.501,90.930,-0.000,0.001,4.0
1331,-0.952,-1.048,1.501,91.555,-0.000,0.001,4.0
1332,-0.952,-1.048,1.501,91.507,-0.000,0.001,4.0
1333,-0.952,-1.048,1.501,91.312,-0.000,0.002,4.0
1334,-0.952,-1.048,1.501,90.993,-0.000,0.002,4.0
1335,-0.952,-1.048,1.501,90.585,-0.000,0.001,4.0
1336,-0.952,-1.048,1.501,90.108,-0.000,0.001,4.0
1337,-0.952,-1.048,1.501,89.575,-0.000,-0.000,4.0
1338,-0.952,-1.048,1.501,88.994,-0.000,-0.001,4.0
1339,-0.952,-1.048,1.501,88.369,0.000,-0.001,4.0
1340,-0.952,-1.048,1.501,88.417,0.000,-0.001,4.0
1341,-0.952,-1.048,1.501,88.612,0.000,-0.002,4.0
1342,-0.952,-1.048,1.501,88.931,0.000,-0.002,4.0
1343,-0.952,-1.048,1.501,89.339,0.000,-0.001,4.0
1344,-0.952,-1.048,1.501,89.816,0.000,-0.001,4.0
1345,-0.952,-1.048,1.501,90.349,0.000,0.000,4.0
1346,-0.952,-1.048,1.501,90.930,-0.000,0.001,4.0
1347,-0.952,-1.048,1.501,91.555,-0.000,0.001,4.0
1348,-0.952,-1.048,1.501,91.507,-0.000,0.001,4.0
1349,-0.952,-1.048,1.501,91.312,-0.000,0.002,4.0
1350,-0.952,-1.048,1.501,90.993,-0.000,0.002,4.0
1351,-0.952,-1.048,1.501,90.585,-0.000,0.001,4.0
1352,-0.952,-1.048,1.501,90.108,-0.000,0.001,4.0
1353,-0.952,-1.048,1.501,89.575,-0.000,-0.000,4.0
1354,-0.952,-1.048,1.501,88.994,-0.000,-0.001,4.0
1355,-0.952,-1.048,1.501,88.369,0.000,-0.001,4.0
1356,-0.952,-1.048,1.501,88.417,0.000,-0.001,4.0
1357,-0.952,-1.048,1.501,88.612,0.000,-0.002,4.0
1358,-0.952,-1.048,1.501,88.931,0.000,-0.002,4.0
1359,-0.952,-1.048,1.501,89.339,0.000,-0.001,4.0
1360,-0.952,-1.048,1.501,89.816,0.000,-0.001,4.0
1361,-0.952,-1.048,1.501,90.349,0.000,0.000,4.0
1362,-0.952,-1.048,1.501,90.930,-0.000,0.001,4.0
1363,-0.952,-1.048,1.501,91.555,-0.000,0.001,4.0
1364,-0.952,-1.048,1.501,91.507,-0.000,0.001,4.0
1365,-0.952,-1.048,1.501,91.312,-0.000,0.002,4.0
1366,-0.952,-1.048,1.501,90.993,-0.000,0.002,4.0
1367,-0.952,-1.048,1.501,90.585,-0.000,0.001,4.0
1368,-0.952,-1.048,1.501,90.108,-0.000,0.001,4.0
1369,-0.952,-1.048,1.501,89.575,-0.000,-0.000,4.0
1370,-0.952,-1.048,1.501,88.994,-0.000,-0.001,4.0
1371,-0.952,-1.048,1.501,88.369,0.000,-0.001,4.0
1372,-0.952,-1.048,1.501,88.417,0.000,-0.001,4.0
1373,-0.952,-1.048,1.501,88.612,0.000,-0.002,4.0
1374,-0.952,-1.048,1.501,88.931,0.000,-0.002,4.0
1375,-0.952,-1.048,1.501,89.339,0.000,-0.001,4.0
1376,-0.952,-1.048,1.501,89.816,0.000,-0.001,4.0
1377,-0.952,-1.048,1.501,90.350,0.000,0.000,4.0
1378,-0.952,-1.048,1.501,90.930,-0.000,0.001,4.0
1379,-0.952,-1.048,1.501,91.555,-0.000,0.001,4.0
1380,-0.952,-1.048,1.501,91.507,-0.000,0.001,4.0
1381,-0.952,-1.048,1.501,91.312,-0.000,0.002,4.0
1382,-0.952,-1.048,1.501,90.993,-0.000,0.002,4.0
1383,-0.952,-1.048,1.501,90.585,-0.000,0.001,4.0
1384,-0.952,-1.048,1.501,90.108,-0.000,0.001,4.0
1385,-0.952,-1.048,1.501,89.575,-0.000,-0.000,4.0
1386,-0.952,-1.048,1.501,88.994,-0.000,-0.001,4.0
1387,-0.952,-1.048,1.501,88.369,0.000,-0.001,4.0
1388,-0.952,-1.048,1.501,88.417,0.000,-0.001,4.0
1389,-0.952,-1.048,1.501,88.612,0.000,-0.002,4.0
1390,-0.952,-1.048,1.501,88.931,0.000,-0.002,4.0
1391,-0.952,-1.048,1.501,89.339,0.000,-0.001,4.0
1392,-0.952,-1.048,1.501,89.816,0.000,-0.001,4.0
1393,-0.952,-1.048,1.501,90.350,0.000,0.000,4.0
1394,-0.952,-1.048,1.501,90.930,-0.000,0.001,4.0
1395,-0.952,-1.048,1.501,91.555,-0.000,0.001,4.0
1396,-0.952,-1.048,1.501,91.507,-0.000,0.001,4.0
1397,-0.952,-1.048,1.501,91.312,-0.000,0.002,4.0
1398,-0.952,-1.048,1.501,90.993,-0.000,0.002,4.0
1399,-0.952,-1.048,1.501,90.585,-0.000,0.001,4.0
1400,-0.952,-1.048,1.501,90.108,-0.000,0.001,4.0
1401,-0.952,-1.048,1.501,89.575,-0.000,-0.000,4.0
1402,-0.952,-1.048,1.501,88.994,-0.000,-0.001,4.0
1403,-0.952,-1.048,1.501,88.369,0.000,-0.001,4.0
1404,-0.952,-1.048,1.501,88.417,0.000,-0.001,4.0
1405,-0.952,-1.048,1.501,88.612,0.000,-0.002,4.0
1406,-0.952,-1.048,1.501,88.931,0.000,-0.002,4.0
1407,-0.952,-1.048,1.501,89.339,0.000,-0.001,4.0
1408,-0.952,-1.048,1.501,89.816,0.000,-0.001,4.0
1409,-0.952,-1.048,1.501,90.350,0.000,0.000,4.0
1410,-0.952,-1.048,1.501,90.930,-0.000,0.001,4.0
1411,-0.952,-1.048,1.501,91.555,-0.000,0.001,4.0
1412,-0.952,-1.048,1.501,91.507,-0.000,0.001,4.0
1413,-0.952,-1.048,1.501,91.312,-0.000,0.002,4.0
1414,-0.952,-1.048,1.501,90.993,-0.000,0.002,4.0
1415,-0.952,-1.048,1.501,90.585,-0.000,0.001,4.0
1416,-0.952,-1.048,1.501,90.108,-0.000,0.001,4.0
1417,-0.952,-1.048,1.501,89.575,-0.000,-0.000,4.0
1418,-0.952,-1.048,1.501,88.994,-0.000,-0.001,4.0
1419,-0.952,-1.048,1.501,88.369,0.000,-0.001,4.0
1420,-0.952,-1.048,1.501,88.417,0.000,-0.001,4.0
1421,-0.952,-1.048,1.501,88.612,0.000,-0.002,4.0
1422,-0.952,-1.048,1.501,88.931,0.000,-0.002,4.0
1423,-0.952,-1.048,1.501,89.339,0.000,-0.001,4.0
1424,-0.952,-1.048,1.501,89.816,0.000,-0.001,4.0
1425,-0.952,-1.048,1.501,90.350,0.000,0.000,4.0
1426,-0.952,-1.048,1.501,90.930,-0.000,0.001,4.0
1427,-0.952,-1.048,1.501,91.555,-0.000,0.001,4.0
1428,-0.952,-1.048,1.501,91.507,-0.000,0.001,4.0
1429,-0.952,-1.048,1.501,91.312,-0.000,0.002,4.0
1430,-0.952,-1.048,1.501,90.993,-0.000,0.002,4.0
1431,-0.952,-1.048,1.501,90.585,-0.000,0.001,4.0
1432,-0.952,-1.048,1.501,90.108,-0.000,0.001,4.0
1433,-0.952,-1.048,1.501,89.575,-0.000,-0.000,4.0
1434,-0.952,-1.048,1.501,88.994,-0.000,-0.001,4.0
1435,-0.952,-1.048,1.501,88.369,0.000,-0.001,4.0
1436,-0.952,-1.048,1.501,88.417,0.000,-0.001,4.0
1437,-0.952,-1.048,1.501,88.612,0.000,-0.002,4.0
1438,-0.952,-1.048,1.501,88.931,0.000,-0.002,4.0
1439,-0.952,-1.048,1.501,89.339,0.000,-0.001,4.0
1440,-0.952,-1.048,1.501,89.816,0.000,-0.001,4.0
1441,-0.952,-1.048,1.501,90.350,0.000,0.000,4.0
1442,-0.952,-1.048,1.501,90.930,-0.000,0.001,4.0
1443,-0.952,-1.048,1.501,91.555,-0.000,0.001,4.0
1444,-0.952,-1.048,1.501,91.507,-0.000,0.001,4.0
1445,-0.952,-1.048,1.501,91.312,-0.000,0.002,4.0
1446,-0.952,-1.048,1.501,90.993,-0.000,0.002,4.0
1447,-0.952,-1.048,1.501,90.585,-0.000,0.001,4.0
1448,-0.952,-1.048,1.501,90.108,-0.000,0.001,4.0
1449,-0.952,-1.048,1.501,89.575,-0.000,-0.000,4.0
1450,-0.952,-1.048,1.501,88.994,-0.000,-0.001,4.0
1451,-0.952,-1.048,1.501,88.369,0.000,-0.001,4.0
1452,-0.952,-1.048,1.501,88.417,0.000,-0.001,4.0
1453,-0.952,-1.048,1.501,88.612,0.000,-0.002,4.0
1454,-0.952,-1.048,1.501,88.931,0.000,-0.002,4.0
1455,-0.952,-1.048,1.501,89.339,0.000,-0.001,4.0
1456,-0.952,-1.048,1.501,89.816,0.000,-0.001,4.0
1457,-0.952,-1.048,1.501,90.350,0.000,0.000,4.0
1458,-0.952,-1.048,1.501,90.930,-0.000,0.001,4.0
1459,-0.952,-1.048,1.501,91.555,-0.000,0.001,4.0
1460,-0.952,-1.048,1.501,91.507,-0.000,0.001,4.0
1461,-0.952,-1.048,1.501,91.312,-0.000,0.002,4.0
1462,-0.952,-1.048,1.501,90.993,-0.000,0.002,4.0
1463,-0.952,-1.048,1.501,90.585,-0.000,0.001,4.0
1464,-0.952,-1.048,1.501,90.108,-0.000,0.001,4.0
1465,-0.952,-1.048,1.501,89.575,-0.000,-0.000,4.0
1466,-0.952,-1.048,1.501,88.994,-0.000,-0.001,4.0
1467,-0.952,-1.048,1.501,88.369,0.000,-0.001,4.0
1468,-0.952,-1.048,1.501,88.417,0.000,-0.001,4.0
1469,-0.952,-1.048,1.501,88.612,0.000,-0.002,4.0
1470,-0.952,-1.048,1.501,88.931,0.000,-0.002,4.0
1471,-0.952,-1.048,1.501,89.339,0.000,-0.001,4.0
1472,-0.952,-1.048,1.501,89.816,0.000,-0.001,4.0
1473,-0.952,-1.048,1.501,90.350,0.000,0.000,4.0
1474,-0.952,-1.048,1.501,90.930,-0.000,0.001,4.0
1475,-0.952,-1.048,1.501,91.555,-0.000,0.001,4.0
1476,-0.952,-1.048,1.501,91.507,-0.000,0.001,4.0
1477,-0.952,-1.048,1.501,91.312,-0.000,0.002,4.0
1478,-0.952,-1.048,1.501,90.993,-0.000,0.002,4.0
1479,-0.952,-1.048,1.501,90.585,-0.000,0.001,4.0
1480,-0.952,-1.048,1.501,90.108,-0.000,0.001,4.0
1481,-0.952,-1.048,1.501,89.575,-0.000,-0.000,4.0
1482,-0.952,-1.048,1.501,88.994,-0.000,-0.001,4.0
1483,-0.952,-1.048,1.501,88.369,0.000,-0.001,4.0
1484,-0.952,-1.048,1.501,88.417,0.000,-0.001,4.0
1485,-0.952,-1.048,1.501,88.612,0.000,-0.002,4.0
1486,-0.952,-1.048,1.501,88.931,0.000,-0.002,4.0
1487,-0.952,-1.048,1.501,89.339,0.000,-0.001,4.0
1488,-0.952,-1.048,1.501,89.816,0.000,-0.001,4.0
1489,-0.952,-1.048,1.501,90.350,0.000,0.000,4.0
1490,-0.952,-1.048,1.501,90.930,-0.000,0.001,4.0
1491,-0.952,-1.048,1.501,91.555,-0.000,0.001,4.0
1492,-0.952,-1.048,1.501,91.507,-0.000,0.001,4.0
1493,-0.952,-1.048,1.501,91.312,-0.000,0.002,4.0
1494,-0.952,-1.048,1.501,90.993,-0.000,0.002,4.0
1495,-0.952,-1.048,1.501,90.585,-0.000,0.001,4.0
1496,-0.952,-1.048,1.501,90.108,-0.000,0.001,4.0
1497,-0.952,-1.048,1.501,89.575,-0.000,-0.000,4.0
1498,-0.952,-1.048,1.501,88.994,-0.000,-0.001,4.0
1499,-0.952,-1.048,1.501,88.369,0.000,-0.001,4.0
1500,-0.952,-1.048,1.501,88.417,0.000,-0.001,4.0
1501,-0.952,-1.048,1.501,88.612,0.000,-0.002,4.0
1502,-0.952,-1.048,1.501,88.931,0.000,-0.002,4.0
1503,-0.952,-1.048,1.501,89.339,0.000,-0.001,4.0
1504,-0.952,-1.048,1.501,89.816,0.000,-0.001,4.0
1505,-0.952,-1.048,1.501,90.350,0.000,0.000,4.0
1506,-0.952,-1.048,1.501,90.930,-0.000,0.001,4.0
1507,-0.952,-1.048,1.501,91.555,-0.000,0.001,4.0
1508,-0.952,-1.048,1.501,91.507,-0.000,0.001,4.0
1509,-0.952,-1.048,1.501,91.312,-0.000,0.002,4.0
1510,-0.952,-1.048,1.501,90.993,-0.000,0.002,4.0
1511,-0.952,-1.048,1.501,90.585,-0.000,0.001,4.0
1512,-0.952,-1.048,1.501,90.108,-0.000,0.001,4.0
1513,-0.952,-1.048,1.501,89.575,-0.000,-0.000,4.0
1514,-0.952,-1.048,1.501,88.994,-0.000,-0.001,4.0
1515,-0.952,-1.048,1.501,88.369,0.000,-0.001,4.0
1516,-0.952,-1.048,1.501,88.417,0.000,-0.001,4.0
1517,-0.952,-1.048,1.501,88.612,0.000,-0.002,4.0
1518,-0.952,-1.048,1.501,88.931,0.000,-0.002,4.0
1519,-0.952,-1.048,1.501,89.339,0.000,-0.001,4.0
1520,-0.952,-1.048,1.501,89.816,0.000,-0.001,4.0
1521,-0.952,-1.048,1.501,90.350,0.000,0.000,4.0
1522,-0.952,-1.048,1.501,90.930,-0.000,0.001,4.0
1523,-0.952,-1.048,1.501,91.555,-0.000,0.001,4.0
1524,-0.952,-1.048,1.501,91.507,-0.000,0.001,4.0
1525,-0.952,-1.048,1.501,91.312,-0.000,0.002,4.0
1526,-0.952,-1.048,1.501,90.993,-0.000,0.002,4.0
1527,-0.952,-1.048,1.501,90.585,-0.000,0.001,4.0
1528,-0.952,-1.048,1.501,90.108,-0.000,0.001,4.0
1529,-0.952,-1.048,1.501,89.575,-0.000,-0.000,4.0
1530,-0.952,-1.048,1.501,88.994,-0.000,-0.001,4.0
1531,-0.952,-1.048,1.501,88.369,0.000,-0.001,4.0
1532,-0.952,-1.048,1.501,88.417,0.000,-0.001,4.0
1533,-0.952,-1.048,1.501,88.612,0.000,-0.002,4.0
1534,-0.952,-1.048,1.501,88.931,0.000,-0.002,4.0
1535,-0.952,-1.048,1.501,89.339,0.000,-0.001,4.0
1536,-0.952,-1.048,1.501,89.816,0.000,-0.001,4.0
1537,-0.952,-1.048,1.501,90.350,0.000,0.000,4.0
1538,-0.952,-1.048,1.501,90.930,-0.000,0.001,4.0
1539,-0.952,-1.048,1.501,91.555,-0.000,0.001,4.0
1540,-0.952,-1.048,1.501,91.507,-0.000,0.001,4.0
1541,-0.952,-1.048,1.501,91.312,-0.000,0.002,4.0
1542,-0.952,-1.048,1.501,90.993,-0.000,0.002,4.0
1543,-0.952,-1.048,1.501,90.585,-0.000,0.001,4.0
1544,-0.952,-1.048,1.501,90.108,-0.000,0.001,4.0
1545,-0.952,-1.048,1.501,89.575,-0.000,-0.000,4.0
1546,-0.952,-1.048,1.501,88.994,-0.000,-0.001,4.0
1547,-0.952,-1.048,1.501,88.369,0.000,-0.001,4.0
1548,-0.952,-1.048,1.501,88.417,0.000,-0.001,4.0
1549,-0.952,-1.048,1.501,88.612,0.000,-0.002,4.0
1550,-0.952,-1.048,1.501,88.931,0.000,-0.002,4.0
1551,-0.952,-1.048,1.501,89.339,0.000,-0.001,4.0
1552,-0.952,-1.048,1.501,89.816,0.000,-0.001,4.0
1553,-0.952,-1.048,1.501,90.350,0.000,0.000,4.0
1554,-0.952,-1.048,1.501,90.930,-0.000,0.001,4.0
1555,-0.952,-1.048,1.501,91.555,-0.000,0.001,4.0
1556,-0.952,-1.048,1.501,91.507,-0.000,0.001,4.0
1557,-0.952,-1.048,1.501,91.312,-0.000,0.002,4.0
1558,-0.952,-1.048,1.501,90.993,-0.000,0.002,4.0
1559,-0.952,-1.048,1.501,90.585,-0.000,0.001,4.0
1560,-0.952,-1.048,1.501,90.108,-0.000,0.001,4.0
1561,-0.952,-1.048,1.501,89.575,-0.000,-0.000,4.0
1562,-0.952,-1.048,1.501,88.994,-0.000,-0.001,4.0
1563,-0.952,-1.048,1.501,88.369,0.000,-0.001,4.0
1564,-0.952,-1.048,1.501,88.417,0.000,-0.001,4.0
1565,-0.952,-1.048,1.501,88.612,0.000,-0.002,4.0
1566,-0.952,-1.048,1.501,88.931,0.000,-0.002,4.0
1567,-0.952,-1.048,1.501,89.339,0.000,-0.001,4.0
1568,-0.952,-1.048,1.501,89.816,0.000,-0.001,4.0
1569,-0.952,-1.048,1.501,90.350,0.000,0.000,4.0
1570,-0.952,-1.048,1.501,90.930,-0.000,0.001,4.0
1571,-0.952,-1.048,1.501,91.555,-0.000,0.001,4.0
1572,-0.952,-1.048,1.501,91.507,-0.000,0.001,4.0
1573,-0.952,-1.048,1.501,91.312,-0.000,0.002,4.0
1574,-0.952,-1.048,1.501,90.993,-0.000,0.002,4.0
1575,-0.952,-1.048,1.501,90.585,-0.000,0.001,4.0
1576,-0.952,-1.048,1.501,90.108,-0.000,0.001,4.0
1577,-0.952,-1.048,1.501,89.575,-0.000,-0.000,4.0
1578,-0.952,-1.048,1.501,88.994,-0.000,-0.001,4.0
1579,-0.952,-1.048,1.501,88.369,0.000,-0.001,4.0
1580,-0.952,-1.048,1.501,88.417,0.000,-0.001,4.0
1581,-0.952,-1.048,1.501,88.612,0.000,-0.002,4.0
1582,-0.952,-1.048,1.501,88.931,0.000,-0.002,4.0
1583,-0.952,-1.048,1.501,89.339,0.000,-0.001,4.0
1584,-0.952,-1.048,1.501,89.816,0.000,-0.001,4.0
1585,-0.952,-1.048,1.501,90.350,0.000,0.000,4.0
1586,-0.952,-1.048,1.501,90.930,-0.000,0.001,4.0
1587,-0.952,-1.048,1.501,91.555,-0.000,0.001,4.0
1588,-0.952,-1.048,1.501,91.507,-0.000,0.001,4.0
1589,-0.952,-1.048,1.501,91.312,-0.000,0.002,4.0
1590,-0.952,-1.048,1.501,90.993,-0.000,0.002,4.0
1591,-0.952,-1.048,1.501,90.585,-0.000,0.001,4.0
1592,-0.952,-1.048,1.501,90.108,-0.000,0.001,4.0
1593,-0.952,-1.048,1.501,89.575,-0.000,-0.000,4.0
1594,-0.952,-1.048,1.501,88.994,-0.000,-0.001,4.0
1595,-0.952,-1.048,1.501,88.369,0.000,-0.001,4.0
1596,-0.952,-1.048,1.501,88.417,0.000,-0.001,4.0
1597,-0.952,-1.048,1.501,88.612,0.000,-0.002,4.0
1598,-0.952,-1.048,1.501,88.931,0.000,-0.002,4.0
1599,-0.952,-1.048,1.501,89.339,0.000,-0.001,4.0
1600,-0.952,-1.048,1.501,89.816,0.000,-0.001,4.0
1601,-0.952,-1.048,1.501,90.350,0.000,0.000,4.0
1602,-0.952,-1.048,1.501,90.930,-0.000,0.001,4.0
1603,-0.952,-1.048,1.501,91.555,-0.000,0.001,4.0
1604,-0.952,-1.048,1.501,91.507,-0.000,0.001,4.0
1605,-0.952,-1.048,1.501,91.312,-0.000,0.002,4.0
1606,-0.952,-1.048,1.501,90.993,-0.000,0.002,4.0
1607,-0.952,-1.048,1.501,90.585,-0.000,0.001,4.0
1608,-0.952,-1.048,1.501,90.108,-0.000,0.001,4.0
1609,-0.952,-1.048,1.501,89.575,-0.000,-0.000,4.0
1610,-0.952,-1.048,1.501,88.994,-0.000,-0.001,4.0
1611,-0.952,-1.048,1.501,88.369,0.000,-0.001,4.0
1612,-0.952,-1.048,1.501,88.417,0.000,-0.001,4.0
1613,-0.952,-1.048,1.501,88.612,0.000,-0.002,4.0
1614,-0.952,-1.048,1.501,88.931,0.000,-0.002,4.0
1615,-0.952,-1.048,1.501,89.339,0.000,-0.001,4.0
1616,-0.952,-1.048,1.501,89.816,0.000,-0.001,4.0
1617,-0.952,-1.048,1.501,90.350,0.000,0.000,4.0
1618,-0.952,-1.048,1.501,90.930,-0.000,0.001,4.0
1619,-0.952,-1.048,1.501,91.555,-0.000,0.001,4.0
1620,-0.952,-1.048,1.501,91.507,-0.000,0.001,4.0
1621,-0.952,-1.048,1.501,91.312,-0.000,0.002,4.0
1622,-0.952,-1.048,1.501,90.993,-0.000,0.002,4.0
1623,-0.952,-1.048,1.501,90.585,-0.000,0.001,4.0
1624,-0.952,-1.048,1.501,90.108,-0.000,0.001,4.0
1625,-0.952,-1.048,1.501,89.575,-0.000,-0.000,4.0
1626,-0.952,-1.048,1.501,88.994,-0.000,-0.001,4.0
1627,-0.952,-1.048,1.501,88.369,0.000,-0.001,4.0
1628,-0.952,-1.048,1.501,88.417,0.000,-0.001,4.0
1629,-0.952,-1.048,1.501,88.612,0.000,-0.002,4.0
1630,-0.952,-1.048,1.501,88.931,0.000,-0.002,4.0
1631,-0.952,-1.048,1.501,89.339,0.000,-0.001,4.0
1632,-0.952,-1.048,1.501,89.816,0.000,-0.001,4.0
1633,-0.952,-1.048,1.501,90.350,0.000,0.000,4.0
1634,-0.952,-1.048,1.501,90.930,-0.000,0.001,4.0
1635,-0.952,-1.048,1.501,91.555,-0.000,0.001,4.0
1636,-0.952,-1.048,1.501,91.507,-0.000,0.001,4.0
1637,-0.952,-1.048,1.501,91.312,-0.000,0.002,4.0
1638,-0.952,-1.048,1.501,90.993,-0.000,0.002,4.0
1639,-0.952,-1.048,1.501,90.585,-0.000,0.001,4.0
1640,-0.952,-1.048,1.501,90.108,-0.000,0.001,4.0
1641,-0.952,-1.048,1.501,89.575,-0.000,-0.000,4.0
1642,-0.952,-1.048,1.501,88.994,-0.000,-0.001,4.0
1643,-0.952,-1.048,1.501,88.369,0.000,-0.001,4.0
1644,-0.952,-1.048,1.501,88.417,0.000,-0.001,4.0
1645,-0.952,-1.048,1.501,88.612,0.000,-0.002,4.0
1646,-0.952,-1.048,1.501,88.931,0.000,-0.002,4.0
1647,-0.952,-1.048,1.501,89.339,0.000,-0.001,4.0
1648,-0.952,-1.048,1.501,89.816,0.000,-0.001,4.0
1649,-0.952,-1.048,1.501,90.350,0.000,0.000,4.0
1650,-0.952,-1.048,1.501,90.930,-0.000,0.001,4.0
1651,-0.952,-1.048,1.501,91.555,-0.000,0.001,4.0
1652,-0.952,-1.048,1.501,91.507,-0.000,0.001,4.0
1653,-0.952,-1.048,1.501,91.312,-0.000,0.002,4.0
1654,-0.952,-1.048,1.501,90.993,-0.000,0.002,4.0
1655,-0.952,-1.048,1.501,90.585,-0.000,0.001,4.0
1656,-0.952,-1.048,1.501,90.108,-0.000,0.001,4.0
1657,-0.952,-1.048,1.501,89.575,-0.000,-0.000,4.0
1658,-0.952,-1.048,1.501,88.994,-0.000,-0.001,4.0
1659,-0.952,-1.048,1.501,88.369,0.000,-0.001,4.0
1660,-0.952,-1.048,1.501,88.417,0.000,-0.001,4.0
1661,-0.952,-1.048,1.501,88.612,0.000,-0.002,4.0
1662,-0.952,-1.048,1.501,88.931,0.000,-0.002,4.0
1663,-0.952,-1.048,1.501,89.339,0.000,-0.001,4.0
1664,-0.952,-1.048,1.501,89.816,0.000,-0.001,4.0
1665,-0.952,-1.048,1.501,90.350,0.000,0.000,4.0
1666,-0.952,-1.048,1.501,90.930,-0.000,0.001,4.0
1667,-0.952,-1.048,1.501,91.555,-0.000,0.001,4.0
1668,-0.952,-1.048,1.501,91.507,-0.000,0.001,4.0
1669,-0.952,-1.048,1.501,91.312,-0.000,0.002,4.0
1670,-0.952,-1.048,1.501,90.993,-0.000,0.002,4.0
1671,-0.952,-1.048,1.501,90.585,-0.000,0.001,4.0
1672,-0.952,-1.048,1.501,90.108,-0.000,0.001,4.0
1673,-0.952,-1.048,1.501,89.575,-0.000,-0.000,4.0
1674,-0.952,-1.048,1.501,88.994,-0.000,-0.001,4.0
1675,-0.952,-1.048,1.501,88.369,0.000,-0.001,4.0
1676,-0.952,-1.048,1.501,88.417,0.000,-0.001,4.0
1677,-0.952,-1.048,1.501,88.612,0.000,-0.002,4.0
1678,-0.952,-1.048,1.501,88.931,0.000,-0.002,4.0
1679,-0.952,-1.048,1.501,89.339,0.000,-0.001,4.0
1680,-0.952,-1.048,1.501,89.816,0.000,-0.001,4.0
1681,-0.952,-1.048,1.501,90.350,0.000,0.000,4.0
1682,-0.952,-1.048,1.501,90.930,-0.000,0.001,4.0
1683,-0.952,-1.048,1.501,91.555,-0.000,0.001,4.0
1684,-0.952,-1.048,1.501,91.507,-0.000,0.001,4.0
1685,-0.952,-1.048,1.501,91.312,-0.000,0.002,4.0
1686,-0.952,-1.048,1.501,90.993,-0.000,0.002,4.0
1687,-0.952,-1.048,1.501,90.585,-0.000,0.001,4.0
1688,-0.952,-1.048,1.501,90.108,-0.000,0.001,4.0
1689,-0.952,-1.048,1.501,89.575,-0.000,-0.000,4.0
1690,-0.952,-1.048,1.501,88.994,-0.000,-0.001,4.0
1691,-0.952,-1.048,1.501,88.369,0.000,-0.001,4.0
1692,-0.952,-1.048,1.501,88.417,0.000,-0.001,4.0
1693,-0.952,-1.048,1.501,88.612,0.000,-0.002,4.0
1694,-0.952,-1.048,1.501,88.931,0.000,-0.002,4.0
1695,-0.952,-1.048,1.501,89.339,0.000,-0.001,4.0
1696,-0.952,-1.048,1.501,89.816,0.000,-0.001,4.0
1697,-0.952,-1.048,1.501,90.350,0.000,0.000,4.0
1698,-0.952,-1.048,1.501,90.930,-0.000,0.001,4.0
1699,-0.952,-1.048,1.501,91.555,-0.000,0.001,4.0
1700,-0.952,-1.048,1.501,91.507,-0.000,0.001,4.0
1701,-0.952,-1.048,1.501,91.312,-0.000,0.002,4.0
1702,-0.952,-1.048,1.501,90.993,-0.000,0.002,4.0
1703,-0.952,-1.048,1.501,90.585,-0.000,0.001,4.0
1704,-0.952,-1.048,1.501,90.108,-0.000,0.001,4.0
1705,-0.952,-1.048,1.501,89.575,-0.000,-0.000,4.0
1706,-0.952,-1.048,1.501,88.994,-0.000,-0.001,4.0
1707,-0.952,-1.048,1.501,88.369,0.000,-0.001,4.0
1708,-0.952,-1.048,1.501,88.417,0.000,-0.001,4.0
1709,-0.952,-1.048,1.501,88.612,0.000,-0.002,4.0
1710,-0.952,-1.048,1.501,88.931,0.000,-0.002,4.0
1711,-0.952,-1.048,1.501,89.339,0.000,-0.001,4.0
1712,-0.952,-1.048,1.501,89.816,0.000,-0.001,4.0
1713,-0.952,-1.048,1.501,90.350,0.000,0.000,4.0
1714,-0.952,-1.048,1.501,90.930,-0.000,0.001,4.0
1715,-0.952,-1.048,1.501,91.555,-0.000,0.001,4.0
1716,-0.952,-1.048,1.501,91.507,-0.000,0.001,4.0
1717,-0.952,-1.048,1.501,91.312,-0.000,0.002,4.0
1718,-0.952,-1.048,1.501,90.993,-0.000,0.002,4.0
1719,-0.952,-1.048,1.501,90.585,-0.000,0.001,4.0
1720,-0.952,-1.048,1.501,90.108,-0.000,0.001,4.0
1721,-0.952,-1.048,1.501,89.575,-0.000,-0.000,4.0
1722,-0.952,-1.048,1.501,88.994,-0.000,-0.001,4.0
1723,-0.952,-1.048,1.501,88.369,0.000,-0.001,4.0
1724,-0.952,-1.048,1.501,88.417,0.000,-0.001,4.0
1725,-0.952,-1.048,1.501,88.612,0.000,-0.002,4.0
1726,-0.952,-1.048,1.501,88.931,0.000,-0.002,4.0
1727,-0.952,-1.048,1.501,89.339,0.000,-0.001,4.0
1728,-0.952,-1.048,1.501,89.816,0.000,-0.001,4.0
1729,-0.952,-1.048,1.501,90.350,0.000,0.000,4.0
1730,-0.952,-1.048,1.501,90.930,-0.000,0.001,4.0
1731,-0.952,-1.048,1.501,91.555,-0.000,0.001,4.0
1732,-0.952,-1.048,1.501,91.507,-0.000,0.001,4.0
1733,-0.952,-1.048,1.501,91.312,-0.000,0.002,4.0
1734,-0.952,-1.048,1.501,90.993,-0.000,0.002,4.0
1735,-0.952,-1.048,1.501,90.585,-0.000,0.001,4.0
1736,-0.952,-1.048,1.501,90.108,-0.000,0.001,4.0
1737,-0.952,-1.048,1.501,89.575,-0.000,-0.000,4.0
1738,-0.952,-1.048,1.501,88.994,-0.000,-0.001,4.0
1739,-0.952,-1.048,1.501,88.369,0.000,-0.001,4.0
1740,-0.952,-1.048,1.501,88.417,0.000,-0.001,4.0
1741,-0.952,-1.048,1.501,88.612,0.000,-0.002,4.0
1742,-0.952,-1.048,1.501,88.931,0.000,-0.002,4.0
1743,-0.952,-1.048,1.501,89.339,0.000,-0.001,4.0
1744,-0.952,-1.048,1.501,89.816,0.000,-0.001,4.0
1745,-0.952,-1.048,1.501,90.350,0.000,0.000,4.0
1746,-0.952,-1.048,1.501,90.930,-0.000,0.001,4.0
1747,-0.952,-1.048,1.501,91.555,-0.000,0.001,4.0
1748,-0.952,-1.048,1.501,91.507,-0.000,0.001,4.0
1749,-0.952,-1.048,1.501,91.312,-0.000,0.002,4.0
1750,-0.952,-1.048,1.501,90.993,-0.000,0.002,4.0
1751,-0.952,-1.048,1.501,90.585,-0.000,0.001,4.0
1752,-0.952,-1.048,1.501,90.108,-0.000,0.001,4.0
1753,-0.952,-1.048,1.501,89.575,-0.000,-0.000,4.0
1754,-0.952,-1.048,1.501,88.994,-0.000,-0.001,4.0
1755,-0.952,-1.048,1.501,88.369,0.000,-0.001,4.0
1756,-0.952,-1.048,1.501,88.417,0.000,-0.001,4.0
1757,-0.952,-1.048,1.501,88.612,0.000,-0.002,4.0
1758,-0.952,-1.048,1.501,88.931,0.000,-0.002,4.0
1759,-0.952,-1.048,1.501,89.339,0.000,-0.001,4.0
1760,-0.952,-1.048,1.501,89.816,0.000,-0.001,4.0
1761,-0.952,-1.048,1.501,90.350,0.000,0.000,4.0
1762,-0.952,-1.048,1.501,90.930,-0.000,0.001,4.0
1763,-0.952,-1.048,1.501,91.555,-0.000,0.001,4.0
1764,-0.952,-1.048,1.501,91.507,-0.000,0.001,4.0
1765,-0.952,-1.048,1.501,91.312,-0.000,0.002,4.0
1766,-0.952,-1.048,1.501,90.993,-0.000,0.002,4.0
1767,-0.952,-1.048,1.501,90.585,-0.000,0.001,4.0
1768,-0.952,-1.048,1.501,90.108,-0.000,0.001,4.0
1769,-0.952,-1.048,1.501,89.575,-0.000,-0.000,4.0
1770,-0.952,-1.048,1.501,88.994,-0.000,-0.001,4.0
1771,-0.952,-1.048,1.501,88.369,0.000,-0.001,4.0
1772,-0.952,-1.048,1.501,88.417,0.000,-0.001,4.0
1773,-0.952,-1.048,1.501,88.612,0.000,-0.002,4.0
1774,-0.952,-1.048,1.501,88.931,0.000,-0.002,4.0
1775,-0.952,-1.048,1.501,89.339,0.000,-0.001,4.0
1776,-0.952,-1.048,1.501,89.816,0.000,-0.001,4.0
1777,-0.952,-1.048,1.501,90.350,0.000,0.000,4.0
1778,-0.952,-1.048,1.501,90.930,-0.000,0.001,4.0
1779,-0.952,-1.048,1.501,91.555,-0.000,0.001,4.0
1780,-0.952,-1.048,1.501,91.507,-0.000,0.001,4.0
1781,-0.952,-1.048,1.501,91.312,-0.000,0.002,4.0
1782,-0.952,-1.048,1.501,90.993,-0.000,0.002,4.0
1783,-0.952,-1.048,1.501,90.585,-0.000,0.001,4.0
1784,-0.952,-1.048,1.501,90.108,-0.000,0.001,4.0
1785,-0.952,-1.048,1.501,89.575,-0.000,-0.000,4.0
1786,-0.952,-1.048,1.501,88.994,-0.000,-0.001,4.0
1787,-0.952,-1.048,1.501,88.369,0.000,-0.001,4.0
1788,-0.952,-1.048,1.501,88.417,0.000,-0.001,4.0
1789,-0.952,-1.048,1.501,88.612,0.000,-0.002,4.0
1790,-0.952,-1.048,1.501,88.931,0.000,-0.002,4.0
1791,-0.952,-1.048,1.501,89.339,0.000,-0.001,4.0
1792,-0.952,-1.048,1.501,89.816,0.000,-0.001,4.0
1793,-0.952,-1.048,1.501,90.350,0.000,0.000,4.0
1794,-0.952,-1.048,1.501,90.930,-0.000,0.001,4.0
1795,-0.952,-1.048,1.501,91.555,-0.000,0.001,4.0
1796,-0.952,-1.048,1.501,91.507,-0.000,0.001,4.0
1797,-0.952,-1.048,1.501,91.312,-0.000,0.002,4.0
1798,-0.952,-1.048,1.501,90.993,-0.000,0.002,4.0
1799,-0.952,-1.048,1.501,90.585,-0.000,0.001,4.0
1800,-0.952,-1.048,1.501,90.108,-0.000,0.001,4.0
1801,-0.952,-1.048,1.501,89.575,-0.000,-0.000,4.0
1802,-0.952,-1.048,1.501,88.994,-0.000,-0.001,4.0
1803,-0.952,-1.048,1.501,88.369,0.000,-0.001,4.0
1804,-0.952,-1.048,1.501,88.417,0.000,-0.001,4.0
1805,-0.952,-1.048,1.501,88.612,0.000,-0.002,4.0
1806,-0.952,-1.048,1.501,88.931,0.000,-0.002,4.0
1807,-0.952,-1.048,1.501,89.339,0.000,-0.001,4.0
1808,-0.952,-1.048,1.501,89.816,0.000,-0.001,4.0
1809,-0.952,-1.048,1.501,90.350,0.000,0.000,4.0
1810,-0.952,-1.048,1.501,90.930,-0.000,0.001,4.0
1811,-0.952,-1.048,1.501,91.555,-0.000,0.001,4.0
1812,-0.952,-1.048,1.501,91.507,-0.000,0.001,4.0
1813,-0.952,-1.048,1.501,91.312,-0.000,0.002,4.0
1814,-0.952,-1.048,1.501,90.993,-0.000,0.002,4.0
1815,-0.952,-1.048,1.501,90.585,-0.000,0.001,4.0
1816,-0.952,-1.048,1.501,90.108,-0.000,0.001,4.0
1817,-0.952,-1.048,1.501,89.575,-0.000,-0.000,4.0
1818,-0.952,-1.048,1.501,88.994,-0.000,-0.001,4.0
1819,-0.952,-1.048,1.501,88.369,0.000,-0.001,4.0
1820,-0.952,-1.048,1.501,88.417,0.000,-0.001,4.0
1821,-0.952,-1.048,1.501,88.612,0.000,-0.002,4.0
1822,-0.952,-1.048,1.501,88.931,0.000,-0.002,4.0
1823,-0.952,-1.048,1.501,89.339,0.000,-0.001,4.0
1824,-0.952,-1.048,1.501,89.816,0.000,-0.001,4.0
1825,-0.952,-1.048,1.501,90.350,0.000,0.000,4.0
1826,-0.952,-1.048,1.501,90.930,-0.000,0.001,4.0
1827,-0.952,-1.048,1.501,91.555,-0.000,0.001,4.0
1828,-0.952,-1.048,1.501,91.507,-0.000,0.001,4.0
1829,-0.952,-1.048,1.501,91.312,-0.000,0.002,4.0
1830,-0.952,-1.048,1.501,90.993,-0.000,0.002,4.0
1831,-0.952,-1.048,1.501,90.585,-0.000,0.001,4.0
1832,-0.952,-1.048,1.501,90.108,-0.000,0.001,4.0
1833,-0.952,-1.048,1.501,89.575,-0.000,-0.000,4.0
1834,-0.952,-1.048,1.501,88.994,-0.000,-0.001,4.0
1835,-0.952,-1.048,1.501,88.369,0.000,-0.001,4.0
1836,-0.952,-1.048,1.501,88.417,0.000,-0.001,4.0
1837,-0.952,-1.048,1.501,88.612,0.000,-0.002,4.0
1838,-0.952,-1.048,1.501,88.931,0.000,-0.002,4.0
1839,-0.952,-1.048,1.501,89.339,0.000,-0.001,4.0
1840,-0.952,-1.048,1.501,89.816,0.000,-0.001,4.0
1841,-0.952,-1.048,1.501,90.350,0.000,0.000,4.0
1842,-0.952,-1.048,1.501,90.930,-0.000,0.001,4.0
1843,-0.952,-1.048,1.501,91.555,-0.000,0.001,4.0
1844,-0.952,-1.048,1.501,91.507,-0.000,0.001,4.0
1845,-0.952,-1.048,1.501,91.312,-0.000,0.002,4.0
1846,-0.952,-1.048,1.501,90.993,-0.000,0.002,4.0
1847,-0.952,-1.048,1.501,90.585,-0.000,0.001,4.0
1848,-0.952,-1.048,1.501,90.108,-0.000,0.001,4.0
1849,-0.952,-1.048,1.501,89.575,-0.000,-0.000,4.0
1850,-0.952,-1.048,1.501,88.994,-0.000,-0.001,4.0
1851,-0.952,-1.048,1.501,88.369,0.000,-0.001,4.0
1852,-0.952,-1.048,1.501,88.417,0.000,-0.001,4.0
1853,-0.952,-1.048,1.501,88.612,0.000,-0.002,4.0
1854,-0.952,-1.048,1.501,88.931,0.000,-0.002,4.0
1855,-0.952,-1.048,1.501,89.339,0.000,-0.001,4.0
1856,-0.952,-1.048,1.501,89.816,0.000,-0.001,4.0
1857,-0.952,-1.048,1.501,90.350,0.000,0.000,4.0
1858,-0.952,-1.048,1.501,90.930,-0.000,0.001,4.0
1859,-0.952,-1.048,1.501,91.555,-0.000,0.001,4.0
1860,-0.952,-1.048,1.501,91.507,-0.000,0.001,4.0
1861,-0.952,-1.048,1.501,91.312,-0.000,0.002,4.0
1862,-0.952,-1.048,1.501,90.993,-0.000,0.002,4.0
1863,-0.952,-1.048,1.501,90.585,-0.000,0.001,4.0
1864,-0.952,-1.048,1.501,90.108,-0.000,0.001,4.0
1865,-0.952,-1.048,1.501,89.575,-0.000,-0.000,4.0
1866,-0.952,-1.048,1.501,88.994,-0.000,-0.001,4.0
1867,-0.952,-1.048,1.501,88.369,0.000,-0.001,4.0
1868,-0.952,-1.048,1.501,88.417,0.000,-0.001,4.0
1869,-0.952,-1.048,1.501,88.612,0.000,-0.002,4.0
1870,-0.952,-1.048,1.501,88.931,0.000,-0.002,4.0
1871,-0.952,-1.048,1.501,89.339,0.000,-0.001,4.0
1872,-0.952,-1.048,1.501,89.816,0.000,-0.001,4.0
1873,-0.952,-1.048,1.501,90.350,0.000,0.000,4.0
1874,-0.952,-1.048,1.501,90.930,-0.000,0.001,4.0
1875,-0.952,-1.048,1.501,91.555,-0.000,0.001,4.0
1876,-0.952,-1.048,1.501,91.507,-0.000,0.001,4.0
1877,-0.952,-1.048,1.501,91.312,-0.000,0.002,4.0
1878,-0.952,-1.048,1.501,90.993,-0.000,0.002,4.0
1879,-0.952,-1.048,1.501,90.585,-0.000,0.001,4.0
1880,-0.952,-1.048,1.501,90.108,-0.000,0.001,4.0
1881,-0.952,-1.048,1.501,89.575,-0.000,-0.000,4.0
1882,-0.952,-1.048,1.501,88.994,-0.000,-0.001,4.0
1883,-0.952,-1.048,1.501,88.369,0.000,-0.001,4.0
1884,-0.952,-1.048,1.501,88.417,0.000,-0.001,4.0
1885,-0.952,-1.048,1.501,88.612,0.000,-0.002,4.0
1886,-0.952,-1.048,1.501,88.931,0.000,-0.002,4.0
1887,-0.952,-1.048,1.501,89.339,0.000,-0.001,4.0
1888,-0.952,-1.048,1.501,89.816,0.000,-0.001,4.0
1889,-0.952,-1.048,1.501,90.350,0.000,0.000,4.0
1890,-0.952,-1.048,1.501,90.930,-0.000,0.001,4.0
1891,-0.952,-1.048,1.501,91.555,-0.000,0.001,4.0
1892,-0.952,-1.048,1.501,91.507,-0.000,0.001,4.0
1893,-0.952,-1.048,1.501,91.312,-0.000,0.002,4.0
1894,-0.952,-1.048,1.501,90.993,-0.000,0.002,4.0
1895,-0.952,-1.048,1.501,90.585,-0.000,0.001,4.0
1896,-0.952,-1.048,1.501,90.108,-0.000,0.001,4.0
1897,-0.952,-1.048,1.501,89.575,-0.000,-0.000,4.0
1898,-0.952,-1.048,1.501,88.994,-0.000,-0.001,4.0
1899,-0.952,-1.048,1.501,88.369,0.000,-0.001,4.0
1900,-0.952,-1.048,1.501,88.417,0.000,-0.001,4.0
1901,-0.952,-1.048,1.501,88.612,0.000,-0.002,4.0
1902,-0.952,-1.048,1.501,88.931,0.000,-0.002,4.0
1903,-0.952,-1.048,1.501,89.339,0.000,-0.001,4.0
1904,-0.952,-1.048,1.501,89.816,0.000,-0.001,4.0
1905,-0.952,-1.048,1.501,90.350,0.000,0.000,4.0
1906,-0.952,-1.048,1.501,90.930,-0.000,0.001,4.0
1907,-0.952,-1.048,1.501,91.555,-0.000,0.001,4.0
1908,-0.952,-1.048,1.501,91.507,-0.000,0.001,4.0
1909,-0.952,-1.048,1.501,91.312,-0.000,0.002,4.0
1910,-0.952,-1.048,1.501,90.993,-0.000,0.002,4.0
1911,-0.952,-1.048,1.501,90.585,-0.000,0.001,4.0
1912,-0.952,-1.048,1.501,90.108,-0.000,0.001,4.0
1913,-0.952,-1.048,1.501,89.575,-0.000,-0.000,4.0
1914,-0.952,-1.048,1.501,88.994,-0.000,-0.001,4.0
1915,-0.952,-1.048,1.501,88.369,0.000,-0.001,4.0
1916,-0.952,-1.048,1.501,88.417,0.000,-0.001,4.0
1917,-0.952,-1.048,1.501,88.612,0.000,-0.002,4.0
1918,-0.952,-1.048,1.501,88.931,0.000,-0.002,4.0
1919,-0.952,-1.048,1.501,89.339,0.000,-0.001,4.0
1920,-0.952,-1.048,1.501,89.816,0.000,-0.001,4.0
1921,-0.952,-1.048,1.501,90.350,0.000,0.000,4.0
1922,-0.952,-1.048,1.501,90.930,-0.000,0.001,4.0
1923,-0.952,-1.048,1.501,91.555,-0.000,0.001,4.0
1924,-0.952,-1.048,1.501,91.507,-0.000,0.001,4.0
1925,-0.952,-1.048,1.501,91.312,-0.000,0.002,4.0
1926,-0.952,-1.048,1.501,90.993,-0.000,0.002,4.0
1927,-0.952,-1.048,1.501,90.585,-0.000,0.001,4.0
1928,-0.952,-1.048,1.501,90.108,-0.000,0.001,4.0
1929,-0.952,-1.048,1.501,89.575,-0.000,-0.000,4.0
1930,-0.952,-1.048,1.501,88.994,-0.000,-0.001,4.0
1931,-0.952,-1.048,1.501,88.369,0.000,-0.001,4.0
1932,-0.952,-1.048,1.501,88.417,0.000,-0.001,4.0
1933,-0.952,-1.048,1.501,88.612,0.000,-0.002,4.0
1934,-0.952,-1.048,1.501,88.931,0.000,-0.002,4.0
1935,-0.952,-1.048,1.501,89.339,0.000,-0.001,4.0
1936,-0.952,-1.048,1.501,89.816,0.000,-0.001,4.0
1937,-0.952,-1.048,1.501,90.350,0.000,0.000,4.0
1938,-0.952,-1.048,1.501,90.930,-0.000,0.001,4.0
1939,-0.952,-1.048,1.501,91.555,-0.000,0.001,4.0
1940,-0.952,-1.048,1.501,91.507,-0.000,0.001,4.0
1941,-0.952,-1.048,1.501,91.312,-0.000,0.002,4.0
1942,-0.952,-1.048,1.501,90.993,-0.000,0.002,4.0
1943,-0.952,-1.048,1.501,90.585,-0.000,0.001,4.0
1944,-0.952,-1.048,1.501,90.108,-0.000,0.001,4.0
1945,-0.952,-1.048,1.501,89.575,-0.000,-0.000,4.0
1946,-0.952,-1.048,1.501,88.994,-0.000,-0.001,4.0
1947,-0.952,-1.048,1.501,88.369,0.000,-0.001,4.0
1948,-0.952,-1.048,1.501,88.417,0.000,-0.001,4.0
1949,-0.952,-1.048,1.501,88.612,0.000,-0.002,4.0
1950,-0.952,-1.048,1.501,88.931,0.000,-0.002,4.0
1951,-0.952,-1.048,1.501,89.339,0.000,-0.001,4.0
1952,-0.952,-1.048,1.501,89.816,0.000,-0.001,4.0
1953,-0.952,-1.048,1.501,90.350,0.000,0.000,4.0
1954,-0.952,-1.048,1.501,90.930,-0.000,0.001,4.0
1955,-0.952,-1.048,1.501,91.555,-0.000,0.001,4.0
1956,-0.952,-1.048,1.501,91.507,-0.000,0.001,4.0
1957,-0.952,-1.048,1.501,91.312,-0.000,0.002,4.0
1958,-0.952,-1.048,1.501,90.993,-0.000,0.002,4.0
1959,-0.952,-1.048,1.501,90.585,-0.000,0.001,4.0
1960,-0.952,-1.048,1.501,90.108,-0.000,0.001,4.0
1961,-0.952,-1.048,1.501,89.575,-0.000,-0.000,4.0
1962,-0.952,-1.048,1.501,88.994,-0.000,-0.001,4.0
1963,-0.952,-1.048,1.501,88.369,0.000,-0.001,4.0
1964,-0.952,-1.048,1.501,88.417,0.000,-0.001,4.0
1965,-0.952,-1.048,1.501,88.612,0.000,-0.002,4.0
1966,-0.952,-1.048,1.501,88.931,0.000,-0.002,4.0
1967,-0.952,-1.048,1.501,89.339,0.000,-0.001,4.0
1968,-0.952,-1.048,1.501,89.816,0.000,-0.001,4.0
1969,-0.952,-1.048,1.501,90.350,0.000,0.000,4.0
1970,-0.952,-1.048,1.501,90.930,-0.000,0.001,4.0
1971,-0.952,-1.048,1.501,91.555,-0.000,0.001,4.0
1972,-0.952,-1.048,1.501,91.507,-0.000,0.001,4.0
1973,-0.952,-1.048,1.501,91.312,-0.000,0.002,4.0
1974,-0.952,-1.048,1.501,90.993,-0.000,0.002,4.0
1975,-0.952,-1.048,1.501,90.585,-0.000,0.001,4.0
1976,-0.952,-1.048,1.501,90.108,-0.000,0.001,4.0
1977,-0.952,-1.048,1.501,89.575,-0.000,-0.000,4.0
1978,-0.952,-1.048,1.501,88.994,-0.000,-0.001,4.0
1979,-0.952,-1.048,1.501,88.369,0.000,-0.001,4.0
1980,-0.952,-1.048,1.501,88.417,0.000,-0.001,4.0
1981,-0.952,-1.048,1.501,88.612,0.000,-0.002,4.0
1982,-0.952,-1.048,1.501,88.931,0.000,-0.002,4.0
1983,-0.952,-1.048,1.501,89.339,0.000,-0.001,4.0
1984,-0.952,-1.048,1.501,89.816,0.000,-0.001,4.0
1985,-0.952,-1.048,1.501,90.350,0.000,0.000,4.0
1986,-0.952,-1.048,1.501,90.930,-0.000,0.001,4.0
1987,-0.952,-1.048,1.501,91.555,-0.000,0.001,4.0
1988,-0.952,-1.048,1.501,91.507,-0.000,0.001,4.0
1989,-0.952,-1.048,1.501,91.312,-0.000,0.002,4.0
1990,-0.952,-1.048,1.501,90.993,-0.000,0.002,4.0
1991,-0.952,-1.048,1.501,90.585,-0.000,0.001,4.0
1992,-0.952,-1.048,1.501,90.108,-0.000,0.001,4.0
1993,-0.952,-1.048,1.501,89.575,-0.000,-0.000,4.0
1994,-0.952,-1.048,1.501,88.994,-0.000,-0.001,4.0
1995,-0.952,-1.048,1.501,88.369,0.000,-0.001,4.0
1996,-0.952,-1.048,1.501,88.417,0.000,-0.001,4.0
1997,-0.952,-1.048,1.501,88.612,0.000,-0.002,4.0
1998,-0.952,-1.048,1.501,88.931,0.000,-0.002,4.0
1999,-0.952,-1.048,1.501,89.339,0.000,-0.001,4.0
2000,-0.952,-1.048,1.501,89.816,0.000,-0.001,4.0
2001,-0.952,-1.048,1.501,90.350,0.000,0.000,4.0
2002,-0.952,-1.048,1.501,90.930,-0.000,0.001,4.0
2003,-0.952,-1.048,1.501,91.555,-0.000,0.001,4.0
2004,-0.952,-1.048,1.501,91.507,-0.000,0.001,4.0
2005,-0.952,-1.048,1.501,91.312,-0.000,0.002,4.0
2006,-0.952,-1.048,1.501,90.993,-0.000,0.002,4.0
2007,-0.952,-1.048,1.501,90.585,-0.000,0.001,4.0
2008,-0.952,-1.048,1.501,90.108,-0.000,0.001,4.0
2009,-0.952,-1.048,1.501,89.575,-0.000,-0.000,4.0
2010,-0.952,-1.048,1.501,88.994,-0.000,-0.001,4.0
2011,-0.952,-1.048,1.501,88.369,0.000,-0.001,4.0
2012,-0.952,-1.048,1.501,88.417,0.000,-0.001,4.0
2013,-0.952,-1.048,1.501,88.612,0.000,-0.002,4.0
2014,-0.952,-1.048,1.501,88.931,0.000,-0.002,4.0
2015,-0.952,-1.048,1.501,89.339,0.000,-0.001,4.0
2016,-0.952,-1.048,1.501,89.816,0.000,-0.001,4.0
2017,-0.952,-1.048,1.501,90.350,0.000,0.000,4.0
2018,-0.952,-1.048,1.501,90.930,-0.000,0.001,4.0
2019,-0.952,-1.048,1.501,91.555,-0.000,0.001,4.0
2020,-0.952,-1.048,1.501,91.507,-0.000,0.001,4.0
2021,-0.952,-1.048,1.501,91.312,-0.000,0.002,4.0
2022,-0.952,-1.048,1.501,90.993,-0.000,0.002,4.0
2023,-0.952,-1.048,1.501,90.585,-0.000,0.001,4.0
2024,-0.952,-1.048,1.501,90.108,-0.000,0.001,4.0
2025,-0.952,-1.048,1.501,89.575,-0.000,-0.000,4.0
2026,-0.952,-1.048,1.501,88.994,-0.000,-0.001,4.0
2027,-0.952,-1.048,1.501,88.369,0.000,-0.001,4.0
2028,-0.952,-1.048,1.501,88.417,0.000,-0.001,4.0
2029,-0.952,-1.048,1.501,88.612,0.000,-0.002,4.0
2030,-0.952,-1.048,1.501,88.931,0.000,-0.002,4.0
2031,-0.952,-1.048,1.501,89.339,0.000,-0.001,4.0
2032,-0.952,-1.048,1.501,89.816,0.000,-0.001,4.0
2033,-0.952,-1.048,1.501,90.350,0.000,0.000,4.0
2034,-0.952,-1.048,1.501,90.930,-0.000,0.001,4.0
2035,-0.952,-1.048,1.501,91.555,-0.000,0.001,4.0
2036,-0.952,-1.048,1.501,91.507,-0.000,0.001,4.0
2037,-0.952,-1.048,1.501,91.312,-0.000,0.002,4.0
2038,-0.952,-1.048,1.501,90.993,-0.000,0.002,4.0
2039,-0.952,-1.048,1.501,90.585,-0.000,0.001,4.0
2040,-0.952,-1.048,1.501,90.108,-0.000,0.001,4.0
2041,-0.952,-1.048,1.501,89.575,-0.000,-0.000,4.0
2042,-0.952,-1.048,1.501,88.994,-0.000,-0.001,4.0
2043,-0.952,-1.048,1.501,88.369,0.000,-0.001,4.0
2044,-0.952,-1.048,1.501,88.417,0.000,-0.001,4.0
2045,-0.952,-1.048,1.501,88.612,0.000,-0.002,4.0
2046,-0.952,-1.048,1.501,88.931,0.000,-0.002,4.0
2047,-0.952,-1.048,1.501,89.339,0.000,-0.001,4.0
2048,-0.952,-1.048,1.501,89.816,0.000,-0.001,4.0
2049,-0.952,-1.048,1.501,90.350,0.000,0.000,4.0
2050,-0.952,-1.048,1.501,90.930,-0.000,0.001,4.0
2051,-0.952,-1.048,1.501,91.555,-0.000,0.001,4.0
2052,-0.952,-1.048,1.501,91.507,-0.000,0.001,4.0
2053,-0.952,-1.048,1.501,91.312,-0.000,0.002,4.0
2054,-0.952,-1.048,1.501,90.993,-0.000,0.002,4.0
2055,-0.952,-1.048,1.501,90.585,-0.000,0.001,4.0
2056,-0.952,-1.048,1.501,90.108,-0.000,0.001,4.0
2057,-0.952,-1.048,1.501,89.575,-0.000,-0.000,4.0
2058,-0.952,-1.048,1.501,88.994,-0.000,-0.001,4.0
2059,-0.952,-1.048,1.501,88.369,0.000,-0.001,4.0
2060,-0.952,-1.048,1.501,88.417,0.000,-0.001,4.0
2061,-0.952,-1.048,1.501,88.612,0.000,-0.002,4.0
2062,-0.952,-1.048,1.501,88.931,0.000,-0.002,4.0
2063,-0.952,-1.048,1.501,89.339,0.000,-0.001,4.0
2064,-0.952,-1.048,1.501,89.816,0.000,-0.001,4.0
2065,-0.952,-1.048,1.501,90.350,0.000,0.000,4.0
2066,-0.952,-1.048,1.501,90.930,-0.000,0.001,4.0
2067,-0.952,-1.048,1.501,91.555,-0.000,0.001,4.0
2068,-0.952,-1.048,1.501,91.507,-0.000,0.001,4.0
2069,-0.952,-1.048,1.501,91.312,-0.000,0.002,4.0
2070,-0.952,-1.048,1.501,90.993,-0.000,0.002,4.0
2071,-0.952,-1.048,1.501,90.585,-0.000,0.001,4.0
2072,-0.952,-1.048,1.501,90.108,-0.000,0.001,4.0
2073,-0.952,-1.048,1.501,89.575,-0.000,-0.000,4.0
2074,-0.952,-1.048,1.501,88.994,-0.000,-0.001,4.0
2075,-0.952,-1.048,1.501,88.369,0.000,-0.001,4.0
2076,-0.952,-1.048,1.501,88.417,0.000,-0.001,4.0
2077,-0.952,-1.048,1.501,88.612,0.000,-0.002,4.0
2078,-0.952,-1.048,1.501,88.931,0.000,-0.002,4.0
2079,-0.952,-1.048,1.501,89.339,0.000,-0.001,4.0
2080,-0.952,-1.048,1.501,89.816,0.000,-0.001,4.0
2081,-0.952,-1.048,1.501,90.350,0.000,0.000,4.0
2082,-0.952,-1.048,1.501,90.930,-0.000,0.001,4.0
2083,-0.952,-1.048,1.501,91.555,-0.000,0.001,4.0
2084,-0.952,-1.048,1.501,91.507,-0.000,0.001,4.0
2085,-0.952,-1.048,1.501,91.312,-0.000,0.002,4.0
2086,-0.952,-1.048,1.501,90.993,-0.000,0.002,4.0
2087,-0.952,-1.048,1.501,90.585,-0.000,0.001,4.0
2088,-0.952,-1.048,1.501,90.108,-0.000,0.001,4.0
2089,-0.952,-1.048,1.501,89.575,-0.000,-0.000,4.0
2090,-0.952,-1.048,1.501,88.994,-0.000,-0.001,4.0
2091,-0.952,-1.048,1.501,88.369,0.000,-0.001,4.0
2092,-0.952,-1.048,1.501,88.417,0.000,-0.001,4.0
2093,-0.952,-1.048,1.501,88.612,0.000,-0.002,4.0
2094,-0.952,-1.048,1.501,88.931,0.000,-0.002,4.0
2095,-0.952,-1.048,1.501,89.339,0.000,-0.001,4.0
2096,-0.952,-1.048,1.501,89.816,0.000,-0.001,4.0
2097,-0.952,-1.048,1.501,90.350,0.000,0.000,4.0
2098,-0.952,-1.048,1.501,90.930,-0.000,0.001,4.0
2099,-0.952,-1.048,1.501,91.555,-0.000,0.001,4.0
2100,-0.952,-1.048,1.501,91.507,-0.000,0.001,4.0
2101,-0.952,-1.048,1.501,91.312,-0.000,0.002,4.0
2102,-0.952,-1.048,1.501,90.993,-0.000,0.002,4.0
2103,-0.952,-1.048,1.501,90.585,-0.000,0.001,4.0
2104,-0.952,-1.048,1.501,90.108,-0.000,0.001,4.0
2105,-0.952,-1.048,1.501,89.575,-0.000,-0.000,4.0
2106,-0.952,-1.048,1.501,88.994,-0.000,-0.001,4.0
2107,-0.952,-1.048,1.501,88.369,0.000,-0.001,4.0
2108,-0.952,-1.048,1.501,88.417,0.000,-0.001,4.0
2109,-0.952,-1.048,1.501,88.612,0.000,-0.002,4.0
2110,-0.952,-1.048,1.501,88.931,0.000,-0.002,4.0
2111,-0.952,-1.048,1.501,89.339,0.000,-0.001,4.0
2112,-0.952,-1.048,1.501,89.816,0.000,-0.001,4.0
2113,-0.952,-1.048,1.501,90.350,0.000,0.000,4.0
2114,-0.952,-1.048,1.501,90.930,-0.000,0.001,4.0
2115,-0.952,-1.048,1.501,91.555,-0.000,0.001,4.0
2116,-0.952,-1.048,1.501,91.507,-0.000,0.001,4.0
2117,-0.952,-1.048,1.501,91.312,-0.000,0.002,4.0
2118,-0.952,-1.048,1.501,90.993,-0.000,0.002,4.0
2119,-0.952,-1.048,1.501,90.585,-0.000,0.001,4.0
2120,-0.952,-1.048,1.501,90.108,-0.000,0.001,4.0
2121,-0.952,-1.048,1.501,89.575,-0.000,-0.000,4.0
2122,-0.952,-1.048,1.501,88.994,-0.000,-0.001,4.0
2123,-0.952,-1.048,1.501,88.369,0.000,-0.001,4.0
2124,-0.952,-1.048,1.501,88.417,0.000,-0.001,4.0
2125,-0.952,-1.048,1.501,88.612,0.000,-0.002,4.0
2126,-0.952,-1.048,1.501,88.931,0.000,-0.002,4.0
2127,-0.952,-1.048,1.501,89.339,0.000,-0.001,4.0
2128,-0.952,-1.048,1.501,89.816,0.000,-0.001,4.0
2129,-0.952,-1.048,1.501,90.350,0.000,0.000,4.0
2130,-0.952,-1.048,1.501,90.930,-0.000,0.001,4.0
2131,-0.952,-1.048,1.501,91.555,-0.000,0.001,4.0
2132,-0.952,-1.048,1.501,91.507,-0.000,0.001,4.0
2133,-0.952,-1.048,1.501,91.312,-0.000,0.002,4.0
2134,-0.952,-1.048,1.501,90.993,-0.000,0.002,4.0
2135,-0.952,-1.048,1.501,90.585,-0.000,0.001,4.0
2136,-0.952,-1.048,1.501,90.108,-0.000,0.001,4.0
2137,-0.952,-1.048,1.501,89.575,-0.000,-0.000,4.0
2138,-0.952,-1.048,1.501,88.994,-0.000,-0.001,4.0
2139,-0.952,-1.048,1.501,88.369,0.000,-0.001,4.0
2140,-0.952,-1.048,1.501,88.417,0.000,-0.001,4.0
2141,-0.952,-1.048,1.501,88.612,0.000,-0.002,4.0
2142,-0.952,-1.048,1.501,88.931,0.000,-0.002,4.0
2143,-0.952,-1.048,1.501,89.339,0.000,-0.001,4.0
2144,-0.952,-1.048,1.501,89.816,0.000,-0.001,4.0
2145,-0.952,-1.048,1.501,90.350,0.000,0.000,4.0
2146,-0.952,-1.048,1.501,90.930,-0.000,0.001,4.0
2147,-0.952,-1.048,1.501,91.555,-0.000,0.001,4.0
2148,-0.952,-1.048,1.501,91.507,-0.000,0.001,4.0
2149,-0.952,-1.048,1.501,91.312,-0.000,0.002,4.0
2150,-0.952,-1.048,1.501,90.993,-0.000,0.002,4.0
2151,-0.952,-1.048,1.501,90.585,-0.000,0.001,4.0
2152,-0.952,-1.048,1.501,90.108,-0.000,0.001,4.0
2153,-0.952,-1.048,1.501,89.575,-0.000,-0.000,4.0
2154,-0.952,-1.048,1.501,88.994,-0.000,-0.001,4.0
2155,-0.952,-1.048,1.501,88.369,0.000,-0.001,4.0
2156,-0.952,-1.048,1.501,88.417,0.000,-0.001,4.0
2157,-0.952,-1.048,1.501,88.612,0.000,-0.002,4.0
2158,-0.952,-1.048,1.501,88.931,0.000,-0.002,4.0
2159,-0.952,-1.048,1.501,89.339,0.000,-0.001,4.0
2160,-0.952,-1.048,1.501,89.816,0.000,-0.001,4.0
2161,-0.952,-1.048,1.501,90.350,0.000,0.000,4.0
2162,-0.952,-1.048,1.501,90.930,-0.000,0.001,4.0
2163,-0.952,-1.048,1.501,91.555,-0.000,0.001,4.0
2164,-0.952,-1.048,1.501,91.507,-0.000,0.001,4.0
2165,-0.952,-1.048,1.501,91.312,-0.000,0.002,4.0
2166,-0.952,-1.048,1.501,90.993,-0.000,0.002,4.0
2167,-0.952,-1.048,1.501,90.585,-0.000,0.001,4.0
2168,-0.952,-1.048,1.501,90.108,-0.000,0.001,4.0
2169,-0.952,-1.048,1.501,89.575,-0.000,-0.000,4.0
2170,-0.952,-1.048,1.501,88.994,-0.000,-0.001,4.0
2171,-0.952,-1.048,1.501,88.369,0.000,-0.001,4.0
2172,-0.952,-1.048,1.501,88.417,0.000,-0.001,4.0
2173,-0.952,-1.048,1.501,88.612,0.000,-0.002,4.0
2174,-0.952,-1.048,1.501,88.931,0.000,-0.002,4.0
2175,-0.952,-1.048,1.501,89.339,0.000,-0.001,4.0
2176,-0.952,-1.048,1.501,89.816,0.000,-0.001,4.0
2177,-0.952,-1.048,1.501,90.350,0.000,0.000,4.0
2178,-0.952,-1.048,1.501,90.930,-0.000,0.001,4.0
2179,-0.952,-1.048,1.501,91.555,-0.000,0.001,4.0
2180,-0.952,-1.048,1.501,91.507,-0.000,0.001,4.0
2181,-0.952,-1.048,1.501,91.312,-0.000,0.002,4.0
2182,-0.952,-1.048,1.501,90.993,-0.000,0.002,4.0
2183,-0.952,-1.048,1.501,90.585,-0.000,0.001,4.0
2184,-0.952,-1.048,1.501,90.108,-0.000,0.001,4.0
2185,-0.952,-1.048,1.501,89.575,-0.000,-0.000,4.0
2186,-0.952,-1.048,1.501,88.994,-0.000,-0.001,4.0
2187,-0.952,-1.048,1.501,88.369,0.000,-0.001,4.0
2188,-0.952,-1.048,1.501,88.417,0.000,-0.001,4.0
2189,-0.952,-1.048,1.501,88.612,0.000,-0.002,4.0
2190,-0.952,-1.048,1.501,88.931,0.000,-0.002,4.0
2191,-0.952,-1.048,1.501,89.339,0.000,-0.001,4.0
2192,-0.952,-1.048,1.501,89.816,0.000,-0.001,4.0
2193,-0.952,-1.048,1.501,90.350,0.000,0.000,4.0
2194,-0.952,-1.048,1.501,90.930,-0.000,0.001,4.0
2195,-0.952,-1.048,1.501,91.555,-0.000,0.001,4.0
2196,-0.952,-1.048,1.501,91.507,-0.000,0.001,4.0
2197,-0.952,-1.048,1.501,91.312,-0.000,0.002,4.0
2198,-0.952,-1.048,1.501,90.993,-0.000,0.002,4.0
2199,-0.952,-1.048,1.501,90.585,-0.000,0.001,4.0
2200,-0.952,-1.048,1.501,90.108,-0.000,0.001,4.0
2201,-0.952,-1.048,1.501,89.575,-0.000,-0.000,4.0
2202,-0.952,-1.048,1.501,88.994,-0.000,-0.001,4.0
2203,-0.952,-1.048,1.501,88.369,0.000,-0.001,4.0
2204,-0.952,-1.048,1.501,88.417,0.000,-0.001,4.0
2205,-0.952,-1.048,1.501,88.612,0.000,-0.002,4.0
2206,-0.952,-1.048,1.501,88.931,0.000,-0.002,4.0
2207,-0.952,-1.048,1.501,89.339,0.000,-0.001,4.0
2208,-0.952,-1.048,1.501,89.816,0.000,-0.001,4.0
2209,-0.952,-1.048,1.501,90.350,0.000,0.000,4.0
2210,-0.952,-1.048,1.501,90.930,-0.000,0.001,4.0
2211,-0.952,-1.048,1.501,91.555,-0.000,0.001,4.0
2212,-0.952,-1.048,1.501,91.507,-0.000,0.001,4.0
2213,-0.952,-1.048,1.501,91.312,-0.000,0.002,4.0
2214,-0.952,-1.048,1.501,90.993,-0.000,0.002,4.0
2215,-0.952,-1.048,1.501,90.585,-0.000,0.001,4.0
2216,-0.952,-1.048,1.501,90.108,-0.000,0.001,4.0
2217,-0.952,-1.048,1.501,89.575,-0.000,-0.000,4.0
2218,-0.952,-1.048,1.501,88.994,-0.000,-0.001,4.0
2219,-0.952,-1.048,1.501,88.369,0.000,-0.001,4.0
2220,-0.952,-1.048,1.501,88.417,0.000,-0.001,4.0
2221,-0.952,-1.048,1.501,88.612,0.000,-0.002,4.0
2222,-0.952,-1.048,1.501,88.931,0.000,-0.002,4.0
2223,-0.952,-1.048,1.501,89.339,0.000,-0.001,4.0
2224,-0.952,-1.048,1.501,89.816,0.000,-0.001,4.0
2225,-0.952,-1.048,1.501,90.350,0.000,0.000,4.0
2226,-0.952,-1.048,1.501,90.930,-0.000,0.001,4.0
2227,-0.952,-1.048,1.501,91.555,-0.000,0.001,4.0
2228,-0.952,-1.048,1.501,91.507,-0.000,0.001,4.0
2229,-0.952,-1.048,1.501,91.312,-0.000,0.002,4.0
2230,-0.952,-1.048,1.501,90.993,-0.000,0.002,4.0
2231,-0.952,-1.048,1.501,90.585,-0.000,0.001,4.0
2232,-0.952,-1.048,1.501,90.108,-0.000,0.001,4.0
2233,-0.952,-1.048,1.501,89.575,-0.000,-0.000,4.0
2234,-0.952,-1.048,1.501,88.994,-0.000,-0.001,4.0
2235,-0.952,-1.048,1.501,88.369,0.000,-0.001,4.0
2236,-0.952,-1.048,1.501,88.417,0.000,-0.001,4.0
2237,-0.952,-1.048,1.501,88.612,0.000,-0.002,4.0
2238,-0.952,-1.048,1.501,88.931,0.000,-0.002,4.0
2239,-0.952,-1.048,1.501,89.339,0.000,-0.001,4.0
2240,-0.952,-1.048,1.501,89.816,0.000,-0.001,4.0
2241,-0.952,-1.048,1.501,90.350,0.000,0.000,4.0
2242,-0.952,-1.048,1.501,90.930,-0.000,0.001,4.0
2243,-0.952,-1.048,1.501,91.555,-0.000,0.001,4.0
2244,-0.952,-1.048,1.501,91.507,-0.000,0.001,4.0
2245,-0.952,-1.048,1.501,91.312,-0.000,0.002,4.0
2246,-0.952,-1.048,1.501,90.993,-0.000,0.002,4.0
2247,-0.952,-1.048,1.501,90.585,-0.000,0.001,4.0
2248,-0.952,-1.048,1.501,90.108,-0.000,0.001,4.0
2249,-0.952,-1.048,1.501,89.575,-0.000,-0.000,4.0
2250,-0.952,-1.048,1.501,88.994,-0.000,-0.001,4.0
2251,-0.952,-1.048,1.501,88.369,0.000,-0.001,4.0
2252,-0.952,-1.048,1.501,88.417,0.000,-0.001,4.0
2253,-0.952,-1.048,1.501,88.612,0.000,-0.002,4.0
2254,-0.952,-1.048,1.501,88.931,0.000,-0.002,4.0
2255,-0.952,-1.048,1.501,89.339,0.000,-0.001,4.0
2256,-0.952,-1.048,1.501,89.816,0.000,-0.001,4.0
2257,-0.952,-1.048,1.501,90.350,0.000,0.000,4.0
2258,-0.952,-1.048,1.501,90.930,-0.000,0.001,4.0
2259,-0.952,-1.048,1.501,91.555,-0.000,0.001,4.0
2260,-0.952,-1.048,1.501,91.507,-0.000,0.001,4.0
2261,-0.952,-1.048,1.501,91.312,-0.000,0.002,4.0
2262,-0.952,-1.048,1.501,90.993,-0.000,0.002,4.0
2263,-0.952,-1.048,1.501,90.585,-0.000,0.001,4.0
2264,-0.952,-1.048,1.501,90.108,-0.000,0.001,4.0
2265,-0.952,-1.048,1.501,89.575,-0.000,-0.000,4.0
2266,-0.952,-1.048,1.501,88.994,-0.000,-0.001,4.0
2267,-0.952,-1.048,1.501,88.369,0.000,-0.001,4.0
2268,-0.952,-1.048,1.501,88.417,0.000,-0.001,4.0
2269,-0.952,-1.048,1.501,88.612,0.000,-0.002,4.0
2270,-0.952,-1.048,1.501,88.931,0.000,-0.002,4.0
2271,-0.952,-1.048,1.501,89.339,0.000,-0.001,4.0
2272,-0.952,-1.048,1.501,89.816,0.000,-0.001,4.0
2273,-0.952,-1.048,1.501,90.350,0.000,0.000,4.0
2274,-0.952,-1.048,1.501,90.930,-0.000,0.001,4.0
2275,-0.952,-1.048,1.501,91.555,-0.000,0.001,4.0
2276,-0.952,-1.048,1.501,91.507,-0.000,0.001,4.0
2277,-0.952,-1.048,1.501,91.312,-0.000,0.002,4.0
2278,-0.952,-1.048,1.501,90.993,-0.000,0.002,4.0
2279,-0.952,-1.048,1.501,90.585,-0.000,0.001,4.0
2280,-0.952,-1.048,1.501,90.108,-0.000,0.001,4.0
2281,-0.952,-1.048,1.501,89.575,-0.000,-0.000,4.0
2282,-0.952,-1.048,1.501,88.994,-0.000,-0.001,4.0
2283,-0.952,-1.048,1.501,88.369,0.000,-0.001,4.0
2284,-0.952,-1.048,1.501,88.417,0.000,-0.001,4.0
2285,-0.952,-1.048,1.501,88.612,0.000,-0.002,4.0
2286,-0.952,-1.048,1.501,88.931,0.000,-0.002,4.0
2287,-0.952,-1.048,1.501,89.339,0.000,-0.001,4.0
2288,-0.952,-1.048,1.501,89.816,0.000,-0.001,4.0
2289,-0.952,-1.048,1.501,90.350,0.000,0.000,4.0
2290,-0.952,-1.048,1.501,90.930,-0.000,0.001,4.0
2291,-0.952,-1.048,1.501,91.555,-0.000,0.001,4.0
2292,-0.952,-1.048,1.501,91.507,-0.000,0.001,4.0
2293,-0.952,-1.048,1.501,91.312,-0.000,0.002,4.0
2294,-0.952,-1.048,1.501,90.993,-0.000,0.002,4.0
2295,-0.952,-1.048,1.501,90.585,-0.000,0.001,4.0
2296,-0.952,-1.048,1.501,90.108,-0.000,0.001,4.0
2297,-0.952,-1.048,1.501,89.575,-0.000,-0.000,4.0
2298,-0.952,-1.048,1.501,88.994,-0.000,-0.001,4.0
2299,-0.952,-1.048,1.501,88.369,0.000,-0.001,4.0
2300,-0.952,-1.048,1.501,88.417,0.000,-0.001,4.0
2301,-0.952,-1.048,1.501,88.612,0.000,-0.002,4.0
2302,-0.952,-1.048,1.501,88.931,0.000,-0.002,4.0
2303,-0.952,-1.048,1.501,89.339,0.000,-0.001,4.0
2304,-0.952,-1.048,1.501,89.816,0.000,-0.001,4.0
2305,-0.952,-1.048,1.501,90.350,0.000,0.000,4.0
2306,-0.952,-1.048,1.501,90.930,-0.000,0.001,4.0
2307,-0.952,-1.048,1.501,91.555,-0.000,0.001,4.0
2308,-0.952,-1.048,1.501,91.507,-0.000,0.001,4.0
2309,-0.952,-1.048,1.501,91.312,-0.000,0.002,4.0
2310,-0.952,-1.048,1.501,90.993,-0.000,0.002,4.0
2311,-0.952,-1.048,1.501,90.585,-0.000,0.001,4.0
2312,-0.952,-1.048,1.501,90.108,-0.000,0.001,4.0
2313,-0.952,-1.048,1.501,89.575,-0.000,-0.000,4.0
2314,-0.952,-1.048,1.501,88.994,-0.000,-0.001,4.0
2315,-0.952,-1.048,1.501,88.369,0.000,-0.001,4.0
2316,-0.952,-1.048,1.501,88.417,0.000,-0.001,4.0
2317,-0.952,-1.048,1.501,88.612,0.000,-0.002,4.0
2318,-0.952,-1.048,1.501,88.931,0.000,-0.002,4.0
2319,-0.952,-1.048,1.501,89.339,0.000,-0.001,4.0
2320,-0.952,-1.048,1.501,89.816,0.000,-0.001,4.0
2321,-0.952,-1.048,1.501,90.350,0.000,0.000,4.0
2322,-0.952,-1.048,1.501,90.930,-0.000,0.001,4.0
2323,-0.952,-1.048,1.501,91.555,-0.000,0.001,4.0
2324,-0.952,-1.048,1.501,91.507,-0.000,0.001,4.0
2325,-0.952,-1.048,1.501,91.312,-0.000,0.002,4.0
2326,-0.952,-1.048,1.501,90.993,-0.000,0.002,4.0
2327,-0.952,-1.048,1.501,90.585,-0.000,0.001,4.0
2328,-0.952,-1.048,1.501,90.108,-0.000,0.001,4.0
2329,-0.952,-1.048,1.501,89.575,-0.000,-0.000,4.0
2330,-0.952,-1.048,1.501,88.994,-0.000,-0.001,4.0
2331,-0.952,-1.048,1.501,88.369,0.000,-0.001,4.0
2332,-0.952,-1.048,1.501,88.417,0.000,-0.001,4.0
2333,-0.952,-1.048,1.501,88.612,0.000,-0.002,4.0
2334,-0.952,-1.048,1.501,88.931,0.000,-0.002,4.0
2335,-0.952,-1.048,1.501,89.339,0.000,-0.001,4.0
2336,-0.952,-1.048,1.501,89.816,0.000,-0.001,4.0
2337,-0.952,-1.048,1.501,90.350,0.000,0.000,4.0
2338,-0.952,-1.048,1.501,90.930,-0.000,0.001,4.0
2339,-0.952,-1.048,1.501,91.555,-0.000,0.001,4.0
2340,-0.952,-1.048,1.501,91.507,-0.000,0.001,4.0
2341,-0.952,-1.048,1.501,91.312,-0.000,0.002,4.0
2342,-0.952,-1.048,1.501,90.993,-0.000,0.002,4.0
2343,-0.952,-1.048,1.501,90.585,-0.000,0.001,4.0
2344,-0.952,-1.048,1.501,90.108,-0.000,0.001,4.0
2345,-0.952,-1.048,1.501,89.575,-0.000,-0.000,4.0
2346,-0.952,-1.048,1.501,88.994,-0.000,-0.001,4.0
2347,-0.952,-1.048,1.501,88.369,0.000,-0.001,4.0
2348,-0.952,-1.048,1.501,88.417,0.000,-0.001,4.0
2349,-0.952,-1.048,1.501,88.612,0.000,-0.002,4.0
2350,-0.952,-1.048,1.501,88.931,0.000,-0.002,4.0
2351,-0.952,-1.048,1.501,89.339,0.000,-0.001,4.0
2352,-0.952,-1.048,1.501,89.816,0.000,-0.001,4.0
2353,-0.952,-1.048,1.501,90.350,0.000,0.000,4.0
2354,-0.952,-1.048,1.501,90.930,-0.000,0.001,4.0
2355,-0.952,-1.048,1.501,91.555,-0.000,0.001,4.0
2356,-0.952,-1.048,1.501,91.507,-0.000,0.001,4.0
2357,-0.952,-1.048,1.501,91.312,-0.000,0.002,4.0
2358,-0.952,-1.048,1.501,90.993,-0.000,0.002,4.0
2359,-0.952,-1.048,1.501,90.585,-0.000,0.001,4.0
2360,-0.952,-1.048,1.501,90.108,-0.000,0.001,4.0
2361,-0.952,-1.048,1.501,89.575,-0.000,-0.000,4.0
2362,-0.952,-1.048,1.501,88.994,-0.000,-0.001,4.0
2363,-0.952,-1.048,1.501,88.369,0.000,-0.001,4.0
2364,-0.952,-1.048,1.501,88.417,0.000,-0.001,4.0
2365,-0.952,-1.048,1.501,88.612,0.000,-0.002,4.0
2366,-0.952,-1.048,1.501,88.931,0.000,-0.002,4.0
2367,-0.952,-1.048,1.501,89.339,0.000,-0.001,4.0
2368,-0.952,-1.048,1.501,89.816,0.000,-0.001,4.0
2369,-0.952,-1.048,1.501,90.350,0.000,0.000,4.0
2370,-0.952,-1.048,1.501,90.930,-0.000,0.001,4.0
2371,-0.952,-1.048,1.501,91.555,-0.000,0.001,4.0
2372,-0.952,-1.048,1.501,91.507,-0.000,0.001,4.0
2373,-0.952,-1.048,1.501,91.312,-0.000,0.002,4.0
2374,-0.952,-1.048,1.501,90.993,-0.000,0.002,4.0
2375,-0.952,-1.048,1.501,90.585,-0.000,0.001,4.0
2376,-0.952,-1.048,1.501,90.108,-0.000,0.001,4.0
2377,-0.952,-1.048,1.501,89.575,-0.000,-0.000,4.0
2378,-0.952,-1.048,1.501,88.994,-0.000,-0.001,4.0
2379,-0.952,-1.048,1.501,88.369,0.000,-0.001,4.0
2380,-0.952,-1.048,1.501,88.417,0.000,-0.001,4.0
2381,-0.952,-1.048,1.501,88.612,0.000,-0.002,4.0
2382,-0.952,-1.048,1.501,88.931,0.000,-0.002,4.0
2383,-0.952,-1.048,1.501,89.339,0.000,-0.001,4.0
2384,-0.952,-1.048,1.501,89.816,0.000,-0.001,4.0
2385,-0.952,-1.048,1.501,90.350,0.000,0.000,4.0
2386,-0.952,-1.048,1.501,90.930,-0.000,0.001,4.0
2387,-0.952,-1.048,1.501,91.555,-0.000,0.001,4.0
2388,-0.952,-1.048,1.501,91.507,-0.000,0.001,4.0
2389,-0.952,-1.048,1.501,91.312,-0.000,0.002,4.0
2390,-0.952,-1.048,1.501,90.993,-0.000,0.002,4.0
2391,-0.952,-1.048,1.501,90.585,-0.000,0.001,4.0
2392,-0.952,-1.048,1.501,90.108,-0.000,0.001,4.0
2393,-0.952,-1.048,1.501,89.575,-0.000,-0.000,4.0
2394,-0.952,-1.048,1.501,88.994,-0.000,-0.001,4.0
2395,-0.952,-1.048,1.501,88.369,0.000,-0.001,4.0
2396,-0.952,-1.048,1.501,88.417,0.000,-0.001,4.0
2397,-0.952,-1.048,1.501,88.612,0.000,-0.002,4.0
2398,-0.952,-1.048,1.501,88.931,0.000,-0.002,4.0
2399,-0.952,-1.048,1.501,89.339,0.000,-0.001,4.0
2400,-0.952,-1.048,1.501,89.816,0.000,-0.001,4.0
2401,-0.952,-1.048,1.501,90.350,0.000,0.000,4.0
2402,-0.952,-1.048,1.501,90.930,-0.000,0.001,4.0
2403,-0.952,-1.048,1.501,91.555,-0.000,0.001,4.0
2404,-0.952,-1.048,1.501,91.507,-0.000,0.001,4.0
2405,-0.952,-1.048,1.501,91.312,-0.000,0.002,4.0
2406,-0.952,-1.048,1.501,90.993,-0.000,0.002,4.0
2407,-0.952,-1.048,1.501,90.585,-0.000,0.001,4.0
2408,-0.952,-1.048,1.501,90.108,-0.000,0.001,4.0
2409,-0.952,-1.048,1.501,89.575,-0.000,-0.000,4.0
2410,-0.952,-1.048,1.501,88.994,-0.000,-0.001,4.0
2411,-0.952,-1.048,1.501,88.369,0.000,-0.001,4.0
2412,-0.952,-1.048,1.501,88.417,0.000,-0.001,4.0
2413,-0.952,-1.048,1.501,88.612,0.000,-0.002,4.0
2414,-0.952,-1.048,1.501,88.931,0.000,-0.002,4.0
2415,-0.952,-1.048,1.501,89.339,0.000,-0.001,4.0
2416,-0.952,-1.048,1.501,89.816,0.000,-0.001,4.0
2417,-0.952,-1.048,1.501,90.350,0.000,0.000,4.0
2418,-0.952,-1.048,1.501,90.930,-0.000,0.001,4.0
2419,-0.952,-1.048,1.501,91.555,-0.000,0.001,4.0
2420,-0.952,-1.048,1.501,91.507,-0.000,0.001,4.0
2421,-0.952,-1.048,1.501,91.312,-0.000,0.002,4.0
2422,-0.952,-1.048,1.501,90.993,-0.000,0.002,4.0
2423,-0.952,-1.048,1.501,90.585,-0.000,0.001,4.0
2424,-0.952,-1.048,1.501,90.108,-0.000,0.001,4.0
2425,-0.952,-1.048,1.501,89.575,-0.000,-0.000,4.0
2426,-0.952,-1.048,1.501,88.994,-0.000,-0.001,4.0
2427,-0.952,-1.048,1.501,88.369,0.000,-0.001,4.0
2428,-0.952,-1.048,1.501,88.417,0.000,-0.001,4.0
2429,-0.952,-1.048,1.501,88.612,0.000,-0.002,4.0
2430,-0.952,-1.048,1.501,88.931,0.000,-0.002,4.0
2431,-0.952,-1.048,1.501,89.339,0.000,-0.001,4.0
2432,-0.952,-1.048,1.501,89.816,0.000,-0.001,4.0
2433,-0.952,-1.048,1.501,90.350,0.000,0.000,4.0
2434,-0.952,-1.048,1.501,90.930,-0.000,0.001,4.0
2435,-0.952,-1.048,1.501,91.555,-0.000,0.001,4.0
2436,-0.952,-1.048,1.501,91.507,-0.000,0.001,4.0
2437,-0.952,-1.048,1.501,91.312,-0.000,0.002,4.0
2438,-0.952,-1.048,1.501,90.993,-0.000,0.002,4.0
2439,-0.952,-1.048,1.501,90.585,-0.000,0.001,4.0
2440,-0.952,-1.048,1.501,90.108,-0.000,0.001,4.0
2441,-0.952,-1.048,1.501,89.575,-0.000,-0.000,4.0
2442,-0.952,-1.048,1.501,88.994,-0.000,-0.001,4.0
2443,-0.952,-1.048,1.501,88.369,0.000,-0.001,4.0
2444,-0.952,-1.048,1.501,88.417,0.000,-0.001,4.0
2445,-0.952,-1.048,1.501,88.612,0.000,-0.002,4.0
2446,-0.952,-1.048,1.501,88.931,0.000,-0.002,4.0
2447,-0.952,-1.048,1.501,89.339,0.000,-0.001,4.0
2448,-0.952,-1.048,1.501,89.816,0.000,-0.001,4.0
2449,-0.952,-1.048,1.501,90.350,0.000,0.000,4.0
2450,-0.952,-1.048,1.501,90.930,-0.000,0.001,4.0
2451,-0.952,-1.048,1.501,91.555,-0.000,0.001,4.0
2452,-0.952,-1.048,1.501,91.507,-0.000,0.001,4.0
2453,-0.952,-1.048,1.501,91.312,-0.000,0.002,4.0
2454,-0.952,-1.048,1.501,90.993,-0.000,0.002,4.0
2455,-0.952,-1.048,1.501,90.585,-0.000,0.001,4.0
2456,-0.952,-1.048,1.501,90.108,-0.000,0.001,4.0
2457,-0.952,-1.048,1.501,89.575,-0.000,-0.000,4.0
2458,-0.952,-1.048,1.501,88.994,-0.000,-0.001,4.0
2459,-0.952,-1.048,1.501,88.369,0.000,-0.001,4.0
2460,-0.952,-1.048,1.501,88.417,0.000,-0.001,4.0
2461,-0.952,-1.048,1.501,88.612,0.000,-0.002,4.0
2462,-0.952,-1.048,1.501,88.931,0.000,-0.002,4.0
2463,-0.952,-1.048,1.501,89.339,0.000,-0.001,4.0
2464,-0.952,-1.048,1.501,89.816,0.000,-0.001,4.0
2465,-0.952,-1.048,1.501,90.350,0.000,0.000,4.0
2466,-0.952,-1.048,1.501,90.930,-0.000,0.001,4.0
2467,-0.952,-1.048,1.501,91.555,-0.000,0.001,4.0
2468,-0.952,-1.048,1.501,91.507,-0.000,0.001,4.0
2469,-0.952,-1.048,1.501,91.312,-0.000,0.002,4.0
2470,-0.952,-1.048,1.501,90.993,-0.000,0.002,4.0
2471,-0.952,-1.048,1.501,90.585,-0.000,0.001,4.0
2472,-0.952,-1.048,1.501,90.108,-0.000,0.001,4.0
2473,-0.952,-1.048,1.501,89.575,-0.000,-0.000,4.0
2474,-0.952,-1.048,1.501,88.994,-0.000,-0.001,4.0
2475,-0.952,-1.048,1.501,88.369,0.000,-0.001,4.0
2476,-0.952,-1.048,1.501,88.417,0.000,-0.001,4.0
2477,-0.952,-1.048,1.501,88.612,0.000,-0.002,4.0
2478,-0.952,-1.048,1.501,88.931,0.000,-0.002,4.0
2479,-0.952,-1.048,1.501,89.339,0.000,-0.001,4.0
2480,-0.952,-1.048,1.501,89.816,0.000,-0.001,4.0
2481,-0.952,-1.048,1.501,90.350,0.000,0.000,4.0
2482,-0.952,-1.048,1.501,90.930,-0.000,0.001,4.0
2483,-0.952,-1.048,1.501,91.555,-0.000,0.001,4.0
2484,-0.952,-1.048,1.501,91.507,-0.000,0.001,4.0
2485,-0.952,-1.048,1.501,91.312,-0.000,0.002,4.0
2486,-0.952,-1.048,1.501,90.993,-0.000,0.002,4.0
2487,-0.952,-1.048,1.501,90.585,-0.000,0.001,4.0
2488,-0.952,-1.048,1.501,90.108,-0.000,0.001,4.0
2489,-0.952,-1.048,1.501,89.575,-0.000,-0.000,4.0
2490,-0.952,-1.048,1.501,88.994,-0.000,-0.001,4.0
2491,-0.952,-1.048,1.501,88.369,0.000,-0.001,4.0
2492,-0.952,-1.048,1.501,88.417,0.000,-0.001,4.0
2493,-0.952,-1.048,1.501,88.612,0.000,-0.002,4.0
2494,-0.952,-1.048,1.501,88.931,0.000,-0.002,4.0
2495,-0.952,-1.048,1.501,89.339,0.000,-0.001,4.0
2496,-0.952,-1.048,1.501,89.816,0.000,-0.001,4.0
2497,-0.952,-1.048,1.501,90.350,0.000,0.000,4.0
2498,-0.952,-1.048,1.501,90.930,-0.000,0.001,4.0
2499,-0.952,-1.048,1.501,91.555,-0.000,0.001,4.0
2500,-0.952,-1.048,1.501,91.507,-0.000,0.001,4.0
2501,-0.952,-1.048,1.501,91.312,-0.000,0.002,4.0
2502,-0.952,-1.048,1.501,90.993,-0.000,0.002,4.0
2503,-0.952,-1.048,1.501,90.585,-0.000,0.001,4.0
2504,-0.952,-1.048,1.501,90.108,-0.000,0.001,4.0
2505,-0.952,-1.048,1.501,89.575,-0.000,-0.000,4.0
2506,-0.952,-1.048,1.501,88.994,-0.000,-0.001,4.0
2507,-0.952,-1.048,1.501,88.369,0.000,-0.001,4.0
2508,-0.952,-1.048,1.501,88.417,0.000,-0.001,4.0
2509,-0.952,-1.048,1.501,88.612,0.000,-0.002,4.0
2510,-0.952,-1.048,1.501,88.931,0.000,-0.002,4.0
2511,-0.952,-1.048,1.501,89.339,0.000,-0.001,4.0
2512,-0.952,-1.048,1.501,89.816,0.000,-0.001,4.0
2513,-0.952,-1.048,1.501,90.350,0.000,0.000,4.0
2514,-0.952,-1.048,1.501,90.930,-0.000,0.001,4.0
2515,-0.952,-1.048,1.501,91.555,-0.000,0.001,4.0
2516,-0.952,-1.048,1.501,91.507,-0.000,0.001,4.0
2517,-0.952,-1.048,1.501,91.312,-0.000,0.002,4.0
2518,-0.952,-1.048,1.501,90.993,-0.000,0.002,4.0
2519,-0.952,-1.048,1.501,90.585,-0.000,0.001,4.0
2520,-0.952,-1.048,1.501,90.108,-0.000,0.001,4.0
2521,-0.952,-1.048,1.501,89.575,-0.000,-0.000,4.0
2522,-0.952,-1.048,1.501,88.994,-0.000,-0.001,4.0
2523,-0.952,-1.048,1.501,88.369,0.000,-0.001,4.0
2524,-0.952,-1.048,1.501,88.417,0.000,-0.001,4.0
2525,-0.952,-1.048,1.501,88.612,0.000,-0.002,4.0
2526,-0.952,-1.048,1.501,88.931,0.000,-0.002,4.0
2527,-0.952,-1.048,1.501,89.339,0.000,-0.001,4.0
2528,-0.952,-1.048,1.501,89.816,0.000,-0.001,4.0
2529,-0.952,-1.048,1.501,90.350,0.000,0.000,4.0
2530,-0.952,-1.048,1.501,90.930,-0.000,0.001,4.0
2531,-0.952,-1.048,1.501,91.555,-0.000,0.001,4.0
2532,-0.952,-1.048,1.501,91.507,-0.000,0.001,4.0
2533,-0.952,-1.048,1.501,91.312,-0.000,0.002,4.0
2534,-0.952,-1.048,1.501,90.993,-0.000,0.002,4.0
2535,-0.952,-1.048,1.501,90.585,-0.000,0.001,4.0
2536,-0.952,-1.048,1.501,90.108,-0.000,0.001,4.0
2537,-0.952,-1.048,1.501,89.575,-0.000,-0.000,4.0
2538,-0.952,-1.048,1.501,88.994,-0.000,-0.001,4.0
2539,-0.952,-1.048,1.501,88.369,0.000,-0.001,4.0
2540,-0.952,-1.048,1.501,88.417,0.000,-0.001,4.0
2541,-0.952,-1.048,1.501,88.612,0.000,-0.002,4.0
2542,-0.952,-1.048,1.501,88.931,0.000,-0.002,4.0
2543,-0.952,-1.048,1.501,89.339,0.000,-0.001,4.0
2544,-0.952,-1.048,1.501,89.816,0.000,-0.001,4.0
2545,-0.952,-1.048,1.501,90.350,0.000,0.000,4.0
2546,-0.952,-1.048,1.501,90.930,-0.000,0.001,4.0
2547,-0.952,-1.048,1.501,91.555,-0.000,0.001,4.0
2548,-0.952,-1.048,1.501,91.507,-0.000,0.001,4.0
2549,-0.952,-1.048,1.501,91.312,-0.000,0.002,4.0
2550,-0.952,-1.048,1.501,90.993,-0.000,0.002,4.0
2551,-0.952,-1.048,1.501,90.585,-0.000,0.001,4.0
2552,-0.952,-1.048,1.501,90.108,-0.000,0.001,4.0
2553,-0.952,-1.048,1.501,89.575,-0.000,-0.000,4.0
2554,-0.952,-1.048,1.501,88.994,-0.000,-0.001,4.0
2555,-0.952,-1.048,1.501,88.369,0.000,-0.001,4.0
2556,-0.952,-1.048,1.501,88.417,0.000,-0.001,4.0
2557,-0.952,-1.048,1.501,88.612,0.000,-0.002,4.0
2558,-0.952,-1.048,1.501,88.931,0.000,-0.002,4.0
2559,-0.952,-1.048,1.501,89.339,0.000,-0.001,4.0
2560,-0.952,-1.048,1.501,89.816,0.000,-0.001,4.0
2561,-0.952,-1.048,1.501,90.350,0.000,0.000,4.0
2562,-0.952,-1.048,1.501,90.930,-0.000,0.001,4.0
2563,-0.952,-1.048,1.501,91.555,-0.000,0.001,4.0
2564,-0.952,-1.048,1.501,91.507,-0.000,0.001,4.0
2565,-0.952,-1.048,1.501,91.312,-0.000,0.002,4.0
2566,-0.952,-1.048,1.501,90.993,-0.000,0.002,4.0
2567,-0.952,-1.048,1.501,90.585,-0.000,0.001,4.0
2568,-0.952,-1.048,1.501,90.108,-0.000,0.001,4.0
2569,-0.952,-1.048,1.501,89.575,-0.000,-0.000,4.0
2570,-0.952,-1.048,1.501,88.994,-0.000,-0.001,4.0
2571,-0.952,-1.048,1.501,88.369,0.000,-0.001,4.0
2572,-0.952,-1.048,1.501,88.417,0.000,-0.001,4.0
2573,-0.952,-1.048,1.501,88.612,0.000,-0.002,4.0
2574,-0.952,-1.048,1.501,88.931,0.000,-0.002,4.0
2575,-0.952,-1.048,1.501,89.339,0.000,-0.001,4.0
2576,-0.952,-1.048,1.501,89.816,0.000,-0.001,4.0
2577,-0.952,-1.048,1.501,90.350,0.000,0.000,4.0
2578,-0.952,-1.048,1.501,90.930,-0.000,0.001,4.0
2579,-0.952,-1.048,1.501,91.555,-0.000,0.001,4.0
2580,-0.952,-1.048,1.501,91.507,-0.000,0.001,4.0
2581,-0.952,-1.048,1.501,91.312,-0.000,0.002,4.0
2582,-0.952,-1.048,1.501,90.993,-0.000,0.002,4.0
2583,-0.952,-1.048,1.501,90.585,-0.000,0.001,4.0
2584,-0.952,-1.048,1.501,90.108,-0.000,0.001,4.0
2585,-0.952,-1.048,1.501,89.575,-0.000,-0.000,4.0
2586,-0.952,-1.048,1.501,88.994,-0.000,-0.001,4.0
2587,-0.952,-1.048,1.501,88.369,0.000,-0.001,4.0
2588,-0.952,-1.048,1.501,88.417,0.000,-0.001,4.0
2589,-0.952,-1.048,1.501,88.612,0.000,-0.002,4.0
2590,-0.952,-1.048,1.501,88.931,0.000,-0.002,4.0
2591,-0.952,-1.048,1.501,89.339,0.000,-0.001,4.0
2592,-0.952,-1.048,1.501,89.816,0.000,-0.001,4.0
2593,-0.952,-1.048,1.501,90.350,0.000,0.000,4.0
2594,-0.952,-1.048,1.501,90.930,-0.000,0.001,4.0
2595,-0.952,-1.048,1.501,91.555,-0.000,0.001,4.0
2596,-0.952,-1.048,1.501,91.507,-0.000,0.001,4.0
2597,-0.952,-1.048,1.501,91.312,-0.000,0.002,4.0
2598,-0.952,-1.048,1.501,90.993,-0.000,0.002,4.0
2599,-0.952,-1.048,1.501,90.585,-0.000,0.001,4.0
2600,-0.952,-1.048,1.501,90.108,-0.000,0.001,4.0
2601,-0.952,-1.048,1.501,89.575,-0.000,-0.000,4.0
2602,-0.952,-1.048,1.501,88.994,-0.000,-0.001,4.0
2603,-0.952,-1.048,1.501,88.369,0.000,-0.001,4.0
2604,-0.952,-1.048,1.501,88.417,0.000,-0.001,4.0
2605,-0.952,-1.048,1.501,88.612,0.000,-0.002,4.0
2606,-0.952,-1.048,1.501,88.931,0.000,-0.002,4.0
2607,-0.952,-1.048,1.501,89.339,0.000,-0.001,4.0
2608,-0.952,-1.048,1.501,89.816,0.000,-0.001,4.0
2609,-0.952,-1.048,1.501,90.350,0.000,0.000,4.0
2610,-0.952,-1.048,1.501,90.930,-0.000,0.001,4.0
2611,-0.952,-1.048,1.501,91.555,-0.000,0.001,4.0
2612,-0.952,-1.048,1.501,91.507,-0.000,0.001,4.0
2613,-0.952,-1.048,1.501,91.312,-0.000,0.002,4.0
2614,-0.952,-1.048,1.501,90.993,-0.000,0.002,4.0
2615,-0.952,-1.048,1.501,90.585,-0.000,0.001,4.0
2616,-0.952,-1.048,1.501,90.108,-0.000,0.001,4.0
2617,-0.952,-1.048,1.501,89.575,-0.000,-0.000,4.0
2618,-0.952,-1.048,1.501,88.994,-0.000,-0.001,4.0
2619,-0.952,-1.048,1.501,88.369,0.000,-0.001,4.0
2620,-0.952,-1.048,1.501,88.417,0.000,-0.001,4.0
2621,-0.952,-1.048,1.501,88.612,0.000,-0.002,4.0
2622,-0.952,-1.048,1.501,88.931,0.000,-0.002,4.0
2623,-0.952,-1.048,1.501,89.339,0.000,-0.001,4.0
2624,-0.952,-1.048,1.501,89.816,0.000,-0.001,4.0
2625,-0.952,-1.048,1.501,90.350,0.000,0.000,4.0
2626,-0.952,-1.048,1.501,90.930,-0.000,0.001,4.0
2627,-0.952,-1.048,1.501,91.555,-0.000,0.001,4.0
2628,-0.952,-1.048,1.501,91.507,-0.000,0.001,4.0
2629,-0.952,-1.048,1.501,91.312,-0.000,0.002,4.0
2630,-0.952,-1.048,1.501,90.993,-0.000,0.002,4.0
2631,-0.952,-1.048,1.501,90.585,-0.000,0.001,4.0
2632,-0.952,-1.048,1.501,90.108,-0.000,0.001,4.0
2633,-0.952,-1.048,1.501,89.575,-0.000,-0.000,4.0
2634,-0.952,-1.048,1.501,88.994,-0.000,-0.001,4.0
2635,-0.952,-1.048,1.501,88.369,0.000,-0.001,4.0
2636,-0.952,-1.048,1.501,88.417,0.000,-0.001,4.0
2637,-0.952,-1.048,1.501,88.612,0.000,-0.002,4.0
2638,-0.952,-1.048,1.501,88.931,0.000,-0.002,4.0
2639,-0.952,-1.048,1.501,89.339,0.000,-0.001,4.0
2640,-0.952,-1.048,1.501,89.816,0.000,-0.001,4.0
2641,-0.952,-1.048,1.501,90.350,0.000,0.000,4.0
2642,-0.952,-1.048,1.501,90.930,-0.000,0.001,4.0
2643,-0.952,-1.048,1.501,91.555,-0.000,0.001,4.0
2644,-0.952,-1.048,1.501,91.507,-0.000,0.001,4.0
2645,-0.952,-1.048,1.501,91.312,-0.000,0.002,4.0
2646,-0.952,-1.048,1.501,90.993,-0.000,0.002,4.0
2647,-0.952,-1.048,1.501,90.585,-0.000,0.001,4.0
2648,-0.952,-1.048,1.501,90.108,-0.000,0.001,4.0
2649,-0.952,-1.048,1.501,89.575,-0.000,-0.000,4.0
2650,-0.952,-1.048,1.501,88.994,-0.000,-0.001,4.0
2651,-0.952,-1.048,1.501,88.369,0.000,-0.001,4.0
2652,-0.952,-1.048,1.501,88.417,0.000,-0.001,4.0
2653,-0.952,-1.048,1.501,88.612,0.000,-0.002,4.0
2654,-0.952,-1.048,1.501,88.931,0.000,-0.002,4.0
2655,-0.952,-1.048,1.501,89.339,0.000,-0.001,4.0
2656,-0.952,-1.048,1.501,89.816,0.000,-0.001,4.0
2657,-0.952,-1.048,1.501,90.350,0.000,0.000,4.0
2658,-0.952,-1.048,1.501,90.930,-0.000,0.001,4.0
2659,-0.952,-1.048,1.501,91.555,-0.000,0.001,4.0
2660,-0.952,-1.048,1.501,91.507,-0.000,0.001,4.0
2661,-0.952,-1.048,1.501,91.312,-0.000,0.002,4.0
2662,-0.952,-1.048,1.501,90.993,-0.000,0.002,4.0
2663,-0.952,-1.048,1.501,90.585,-0.000,0.001,4.0
2664,-0.952,-1.048,1.501,90.108,-0.000,0.001,4.0
2665,-0.952,-1.048,1.501,89.575,-0.000,-0.000,4.0
2666,-0.952,-1.048,1.501,88.994,-0.000,-0.001,4.0
2667,-0.952,-1.048,1.501,88.369,0.000,-0.001,4.0
2668,-0.952,-1.048,1.501,88.417,0.000,-0.001,4.0
2669,-0.952,-1.048,1.501,88.612,0.000,-0.002,4.0
2670,-0.952,-1.048,1.501,88.931,0.000,-0.002,4.0
2671,-0.952,-1.048,1.501,89.339,0.000,-0.001,4.0
2672,-0.952,-1.048,1.501,89.816,0.000,-0.001,4.0
2673,-0.952,-1.048,1.501,90.350,0.000,0.000,4.0
2674,-0.952,-1.048,1.501,90.930,-0.000,0.001,4.0
2675,-0.952,-1.048,1.501,91.555,-0.000,0.001,4.0
2676,-0.952,-1.048,1.501,91.507,-0.000,0.001,4.0
2677,-0.952,-1.048,1.501,91.312,-0.000,0.002,4.0
2678,-0.952,-1.048,1.501,90.993,-0.000,0.002,4.0
2679,-0.952,-1.048,1.501,90.585,-0.000,0.001,4.0
2680,-0.952,-1.048,1.501,90.108,-0.000,0.001,4.0
2681,-0.952,-1.048,1.501,89.575,-0.000,-0.000,4.0
2682,-0.952,-1.048,1.501,88.994,-0.000,-0.001,4.0
2683,-0.952,-1.048,1.501,88.369,0.000,-0.001,4.0
2684,-0.952,-1.048,1.501,88.417,0.000,-0.001,4.0
2685,-0.952,-1.048,1.501,88.612,0.000,-0.002,4.0
2686,-0.952,-1.048,1.501,88.931,0.000,-0.002,4.0
2687,-0.952,-1.048,1.501,89.339,0.000,-0.001,4.0
2688,-0.952,-1.048,1.501,89.816,0.000,-0.001,4.0
2689,-0.952,-1.048,1.501,90.350,0.000,0.000,4.0
2690,-0.952,-1.048,1.501,90.930,-0.000,0.001,4.0
2691,-0.952,-1.048,1.501,91.555,-0.000,0.001,4.0
2692,-0.952,-1.048,1.501,91.507,-0.000,0.001,4.0
2693,-0.952,-1.048,1.501,91.312,-0.000,0.002,4.0
2694,-0.952,-1.048,1.501,90.993,-0.000,0.002,4.0
2695,-0.952,-1.048,1.501,90.585,-0.000,0.001,4.0
2696,-0.952,-1.048,1.501,90.108,-0.000,0.001,4.0
2697,-0.952,-1.048,1.501,89.575,-0.000,-0.000,4.0
2698,-0.952,-1.048,1.501,88.994,-0.000,-0.001,4.0
2699,-0.952,-1.048,1.501,88.369,0.000,-0.001,4.0
2700,-0.952,-1.048,1.501,88.417,0.000,-0.001,4.0
2701,-0.952,-1.048,1.501,88.612,0.000,-0.002,4.0
2702,-0.952,-1.048,1.501,88.931,0.000,-0.002,4.0
2703,-0.952,-1.048,1.501,89.339,0.000,-0.001,4.0
2704,-0.952,-1.048,1.501,89.816,0.000,-0.001,4.0
2705,-0.952,-1.048,1.501,90.350,0.000,0.000,4.0
2706,-0.952,-1.048,1.501,90.930,-0.000,0.001,4.0
2707,-0.952,-1.048,1.501,91.555,-0.000,0.001,4.0
2708,-0.952,-1.048,1.501,91.507,-0.000,0.001,4.0
2709,-0.952,-1.048,1.501,91.312,-0.000,0.002,4.0
2710,-0.952,-1.048,1.501,90.993,-0.000,0.002,4.0
2711,-0.952,-1.048,1.501,90.585,-0.000,0.001,4.0
2712,-0.952,-1.048,1.501,90.108,-0.000,0.001,4.0
2713,-0.952,-1.048,1.501,89.575,-0.000,-0.000,4.0
2714,-0.952,-1.048,1.501,88.994,-0.000,-0.001,4.0
2715,-0.952,-1.048,1.501,88.369,0.000,-0.001,4.0
2716,-0.952,-1.048,1.501,88.417,0.000,-0.001,4.0
2717,-0.952,-1.048,1.501,88.612,0.000,-0.002,4.0
2718,-0.952,-1.048,1.501,88.931,0.000,-0.002,4.0
2719,-0.952,-1.048,1.501,89.339,0.000,-0.001,4.0
2720,-0.952,-1.048,1.501,89.816,0.000,-0.001,4.0
2721,-0.952,-1.048,1.501,90.350,0.000,0.000,4.0
2722,-0.952,-1.048,1.501,90.930,-0.000,0.001,4.0
2723,-0.952,-1.048,1.501,91.555,-0.000,0.001,4.0
2724,-0.952,-1.048,1.501,91.507,-0.000,0.001,4.0
2725,-0.952,-1.048,1.501,91.312,-0.000,0.002,4.0
2726,-0.952,-1.048,1.501,90.993,-0.000,0.002,4.0
2727,-0.952,-1.048,1.501,90.585,-0.000,0.001,4.0
2728,-0.952,-1.048,1.501,90.108,-0.000,0.001,4.0
2729,-0.952,-1.048,1.501,89.575,-0.000,-0.000,4.0
2730,-0.952,-1.048,1.501,88.994,-0.000,-0.001,4.0
2731,-0.952,-1.048,1.501,88.369,0.000,-0.001,4.0
2732,-0.952,-1.048,1.501,88.417,0.000,-0.001,4.0
2733,-0.952,-1.048,1.501,88.612,0.000,-0.002,4.0
2734,-0.952,-1.048,1.501,88.931,0.000,-0.002,4.0
2735,-0.952,-1.048,1.501,89.339,0.000,-0.001,4.0
2736,-0.952,-1.048,1.501,89.816,0.000,-0.001,4.0
2737,-0.952,-1.048,1.501,90.350,0.000,0.000,4.0
2738,-0.952,-1.048,1.501,90.930,-0.000,0.001,4.0
2739,-0.952,-1.048,1.501,91.555,-0.000,0.001,4.0
2740,-0.952,-1.048,1.501,91.507,-0.000,0.001,4.0
2741,-0.952,-1.048,1.501,91.312,-0.000,0.002,4.0
2742,-0.952,-1.048,1.501,90.993,-0.000,0.002,4.0
2743,-0.952,-1.048,1.501,90.585,-0.000,0.001,4.0
2744,-0.952,-1.048,1.501,90.108,-0.000,0.001,4.0
2745,-0.952,-1.048,1.501,89.575,-0.000,-0.000,4.0
2746,-0.952,-1.048,1.501,88.994,-0.000,-0.001,4.0
2747,-0.952,-1.048,1.501,88.369,0.000,-0.001,4.0
2748,-0.952,-1.048,1.501,88.417,0.000,-0.001,4.0
2749,-0.952,-1.048,1.501,88.612,0.000,-0.002,4.0
2750,-0.952,-1.048,1.501,88.931,0.000,-0.002,4.0
2751,-0.952,-1.048,1.501,89.339,0.000,-0.001,4.0
2752,-0.952,-1.048,1.501,89.816,0.000,-0.001,4.0
2753,-0.952,-1.048,1.501,90.350,0.000,0.000,4.0
2754,-0.952,-1.048,1.501,90.930,-0.000,0.001,4.0
2755,-0.952,-1.048,1.501,91.555,-0.000,0.001,4.0
2756,-0.952,-1.048,1.501,91.507,-0.000,0.001,4.0
2757,-0.952,-1.048,1.501,91.312,-0.000,0.002,4.0
2758,-0.952,-1.048,1.501,90.993,-0.000,0.002,4.0
2759,-0.952,-1.048,1.501,90.585,-0.000,0.001,4.0
2760,-0.952,-1.048,1.501,90.108,-0.000,0.001,4.0
2761,-0.952,-1.048,1.501,89.575,-0.000,-0.000,4.0
2762,-0.952,-1.048,1.501,88.994,-0.000,-0.001,4.0
2763,-0.952,-1.048,1.501,88.369,0.000,-0.001,4.0
2764,-0.952,-1.048,1.501,88.417,0.000,-0.001,4.0
2765,-0.952,-1.048,1.501,88.612,0.000,-0.002,4.0
2766,-0.952,-1.048,1.501,88.931,0.000,-0.002,4.0
2767,-0.952,-1.048,1.501,89.339,0.000,-0.001,4.0
2768,-0.952,-1.048,1.501,89.816,0.000,-0.001,4.0
2769,-0.952,-1.048,1.501,90.350,0.000,0.000,4.0
2770,-0.952,-1.048,1.501,90.930,-0.000,0.001,4.0
2771,-0.952,-1.048,1.501,91.555,-0.000,0.001,4.0
2772,-0.952,-1.048,1.501,91.507,-0.000,0.001,4.0
2773,-0.952,-1.048,1.501,91.312,-0.000,0.002,4.0
2774,-0.952,-1.048,1.501,90.993,-0.000,0.002,4.0
2775,-0.952,-1.048,1.501,90.585,-0.000,0.001,4.0
2776,-0.952,-1.048,1.501,90.108,-0.000,0.001,4.0
2777,-0.952,-1.048,1.501,89.575,-0.000,-0.000,4.0
2778,-0.952,-1.048,1.501,88.994,-0.000,-0.001,4.0
2779,-0.952,-1.048,1.501,88.369,0.000,-0.001,4.0
2780,-0.952,-1.048,1.501,88.417,0.000,-0.001,4.0
2781,-0.952,-1.048,1.501,88.612,0.000,-0.002,4.0
2782,-0.952,-1.048,1.501,88.931,0.000,-0.002,4.0
2783,-0.952,-1.048,1.501,89.339,0.000,-0.001,4.0
2784,-0.952,-1.048,1.501,89.816,0.000,-0.001,4.0
2785,-0.952,-1.048,1.501,90.350,0.000,0.000,4.0
2786,-0.952,-1.048,1.501,90.930,-0.000,0.001,4.0
2787,-0.952,-1.048,1.501,91.555,-0.000,0.001,4.0
2788,-0.952,-1.048,1.501,91.507,-0.000,0.001,4.0
2789,-0.952,-1.048,1.501,91.312,-0.000,0.002,4.0
2790,-0.952,-1.048,1.501,90.993,-0.000,0.002,4.0
2791,-0.952,-1.048,1.501,90.585,-0.000,0.001,4.0
2792,-0.952,-1.048,1.501,90.108,-0.000,0.001,4.0
2793,-0.952,-1.048,1.501,89.575,-0.000,-0.000,4.0
2794,-0.952,-1.048,1.501,88.994,-0.000,-0.001,4.0
2795,-0.952,-1.048,1.501,88.369,0.000,-0.001,4.0
2796,-0.952,-1.048,1.501,88.417,0.000,-0.001,4.0
2797,-0.952,-1.048,1.501,88.612,0.000,-0.002,4.0
2798,-0.952,-1.048,1.501,88.931,0.000,-0.002,4.0
2799,-0.952,-1.048,1.501,89.339,0.000,-0.001,4.0
2800,-0.952,-1.048,1.501,89.816,0.000,-0.001,4.0
2801,-0.952,-1.048,1.501,90.350,0.000,0.000,4.0
2802,-0.952,-1.048,1.501,90.930,-0.000,0.001,4.0
2803,-0.952,-1.048,1.501,91.555,-0.000,0.001,4.0
2804,-0.952,-1.048,1.501,91.507,-0.000,0.001,4.0
2805,-0.952,-1.048,1.501,91.312,-0.000,0.002,4.0
2806,-0.952,-1.048,1.501,90.993,-0.000,0.002,4.0
2807,-0.952,-1.048,1.501,90.585,-0.000,0.001,4.0
2808,-0.952,-1.048,1.501,90.108,-0.000,0.001,4.0
2809,-0.952,-1.048,1.501,89.575,-0.000,-0.000,4.0
2810,-0.952,-1.048,1.501,88.994,-0.000,-0.001,4.0
2811,-0.952,-1.048,1.501,88.369,0.000,-0.001,4.0
2812,-0.952,-1.048,1.501,88.417,0.000,-0.001,4.0
2813,-0.952,-1.048,1.501,88.612,0.000,-0.002,4.0
2814,-0.952,-1.048,1.501,88.931,0.000,-0.002,4.0
2815,-0.952,-1.048,1.501,89.339,0.000,-0.001,4.0
2816,-0.952,-1.048,1.501,89.816,0.000,-0.001,4.0
2817,-0.952,-1.048,1.501,90.350,0.000,0.000,4.0
2818,-0.952,-1.048,1.501,90.930,-0.000,0.001,4.0
2819,-0.952,-1.048,1.501,91.555,-0.000,0.001,4.0
2820,-0.952,-1.048,1.501,91.507,-0.000,0.001,4.0
2821,-0.952,-1.048,1.501,91.312,-0.000,0.002,4.0
2822,-0.952,-1.048,1.501,90.993,-0.000,0.002,4.0
2823,-0.952,-1.048,1.501,90.585,-0.000,0.001,4.0
2824,-0.952,-1.048,1.501,90.108,-0.000,0.001,4.0
2825,-0.952,-1.048,1.501,89.575,-0.000,-0.000,4.0
2826,-0.952,-1.048,1.501,88.994,-0.000,-0.001,4.0
2827,-0.952,-1.048,1.501,88.369,0.000,-0.001,4.0
2828,-0.952,-1.048,1.501,88.417,0.000,-0.001,4.0
2829,-0.952,-1.048,1.501,88.612,0.000,-0.002,4.0
2830,-0.952,-1.048,1.501,88.931,0.000,-0.002,4.0
2831,-0.952,-1.048,1.501,89.339,0.000,-0.001,4.0
2832,-0.952,-1.048,1.501,89.816,0.000,-0.001,4.0
2833,-0.952,-1.048,1.501,90.350,0.000,0.000,4.0
2834,-0.952,-1.048,1.501,90.930,-0.000,0.001,4.0
2835,-0.952,-1.048,1.501,91.555,-0.000,0.001,4.0
2836,-0.952,-1.048,1.501,91.507,-0.000,0.001,4.0
2837,-0.952,-1.048,1.501,91.312,-0.000,0.002,4.0
2838,-0.952,-1.048,1.501,90.993,-0.000,0.002,4.0
2839,-0.952,-1.048,1.501,90.585,-0.000,0.001,4.0
2840,-0.952,-1.048,1.501,90.108,-0.000,0.001,4.0
2841,-0.952,-1.048,1.501,89.575,-0.000,-0.000,4.0
2842,-0.952,-1.048,1.501,88.994,-0.000,-0.001,4.0
2843,-0.952,-1.048,1.501,88.369,0.000,-0.001,4.0
2844,-0.952,-1.048,1.501,88.417,0.000,-0.001,4.0
2845,-0.952,-1.048,1.501,88.612,0.000,-0.002,4.0
2846,-0.952,-1.048,1.501,88.931,0.000,-0.002,4.0
2847,-0.952,-1.048,1.501,89.339,0.000,-0.001,4.0
2848,-0.952,-1.048,1.501,89.816,0.000,-0.001,4.0
2849,-0.952,-1.048,1.501,90.350,0.000,0.000,4.0
2850,-0.952,-1.048,1.501,90.930,-0.000,0.001,4.0
2851,-0.952,-1.048,1.501,91.555,-0.000,0.001,4.0
2852,-0.952,-1.048,1.501,91.507,-0.000,0.001,4.0
2853,-0.952,-1.048,1.501,91.312,-0.000,0.002,4.0
2854,-0.952,-1.048,1.501,90.993,-0.000,0.002,4.0
2855,-0.952,-1.048,1.501,90.585,-0.000,0.001,4.0
2856,-0.952,-1.048,1.501,90.108,-0.000,0.001,4.0
2857,-0.952,-1.048,1.501,89.575,-0.000,-0.000,4.0
2858,-0.952,-1.048,1.501,88.994,-0.000,-0.001,4.0
2859,-0.952,-1.048,1.501,88.369,0.000,-0.001,4.0
2860,-0.952,-1.048,1.501,88.417,0.000,-0.001,4.0
2861,-0.952,-1.048,1.501,88.612,0.000,-0.002,4.0
2862,-0.952,-1.048,1.501,88.931,0.000,-0.002,4.0
2863,-0.952,-1.048,1.501,89.339,0.000,-0.001,4.0
2864,-0.952,-1.048,1.501,89.816,0.000,-0.001,4.0
2865,-0.952,-1.048,1.501,90.350,0.000,0.000,4.0
2866,-0.952,-1.048,1.501,90.930,-0.000,0.001,4.0
2867,-0.952,-1.048,1.501,91.555,-0.000,0.001,4.0
2868,-0.952,-1.048,1.501,91.507,-0.000,0.001,4.0
2869,-0.952,-1.048,1.501,91.312,-0.000,0.002,4.0
2870,-0.952,-1.048,1.501,90.993,-0.000,0.002,4.0
2871,-0.952,-1.048,1.501,90.585,-0.000,0.001,4.0
2872,-0.952,-1.048,1.501,90.108,-0.000,0.001,4.0
2873,-0.952,-1.048,1.501,89.575,-0.000,-0.000,4.0
2874,-0.952,-1.048,1.501,88.994,-0.000,-0.001,4.0
2875,-0.952,-1.048,1.501,88.369,0.000,-0.001,4.0
2876,-0.952,-1.048,1.501,88.417,0.000,-0.001,4.0
2877,-0.952,-1.048,1.501,88.612,0.000,-0.002,4.0
2878,-0.952,-1.048,1.501,88.931,0.000,-0.002,4.0
2879,-0.952,-1.048,1.501,89.339,0.000,-0.001,4.0
2880,-0.952,-1.048,1.501,89.816,0.000,-0.001,4.0
2881,-0.952,-1.048,1.501,90.350,0.000,0.000,4.0
2882,-0.952,-1.048,1.501,90.930,-0.000,0.001,4.0
2883,-0.952,-1.048,1.501,91.555,-0.000,0.001,4.0
2884,-0.952,-1.048,1.501,91.507,-0.000,0.001,4.0
2885,-0.952,-1.048,1.501,91.312,-0.000,0.002,4.0
2886,-0.952,-1.048,1.501,90.993,-0.000,0.002,4.0
2887,-0.952,-1.048,1.501,90.585,-0.000,0.001,4.0
2888,-0.952,-1.048,1.501,90.108,-0.000,0.001,4.0
2889,-0.952,-1.048,1.501,89.575,-0.000,-0.000,4.0
2890,-0.952,-1.048,1.501,88.994,-0.000,-0.001,4.0
2891,-0.952,-1.048,1.501,88.369,0.000,-0.001,4.0
2892,-0.952,-1.048,1.501,88.417,0.000,-0.001,4.0
2893,-0.952,-1.048,1.501,88.612,0.000,-0.002,4.0
2894,-0.952,-1.048,1.501,88.931,0.000,-0.002,4.0
2895,-0.952,-1.048,1.501,89.339,0.000,-0.001,4.0
2896,-0.952,-1.048,1.501,89.816,0.000,-0.001,4.0
2897,-0.952,-1.048,1.501,90.350,0.000,0.000,4.0
2898,-0.952,-1.048,1.501,90.930,-0.000,0.001,4.0
2899,-0.952,-1.048,1.501,91.555,-0.000,0.001,4.0
2900,-0.952,-1.048,1.501,91.507,-0.000,0.001,4.0
2901,-0.952,-1.048,1.501,91.312,-0.000,0.002,4.0
2902,-0.952,-1.048,1.501,90.993,-0.000,0.002,4.0
2903,-0.952,-1.048,1.501,90.585,-0.000,0.001,4.0
2904,-0.952,-1.048,1.501,90.108,-0.000,0.001,4.0
2905,-0.952,-1.048,1.501,89.575,-0.000,-0.000,4.0
2906,-0.952,-1.048,1.501,88.994,-0.000,-0.001,4.0
2907,-0.952,-1.048,1.501,88.369,0.000,-0.001,4.0
2908,-0.952,-1.048,1.501,88.417,0.000,-0.001,4.0
2909,-0.952,-1.048,1.501,88.612,0.000,-0.002,4.0
2910,-0.952,-1.048,1.501,88.931,0.000,-0.002,4.0
2911,-0.952,-1.048,1.501,89.339,0.000,-0.001,4.0
2912,-0.952,-1.048,1.501,89.816,0.000,-0.001,4.0
2913,-0.952,-1.048,1.501,90.350,0.000,0.000,4.0
2914,-0.952,-1.048,1.501,90.930,-0.000,0.001,4.0
2915,-0.952,-1.048,1.501,91.555,-0.000,0.001,4.0
2916,-0.952,-1.048,1.501,91.507,-0.000,0.001,4.0
2917,-0.952,-1.048,1.501,91.312,-0.000,0.002,4.0
2918,-0.952,-1.048,1.501,90.993,-0.000,0.002,4.0
2919,-0.952,-1.048,1.501,90.585,-0.000,0.001,4.0
2920,-0.952,-1.048,1.501,90.108,-0.000,0.001,4.0
2921,-0.952,-1.048,1.501,89.575,-0.000,-0.000,4.0
2922,-0.952,-1.048,1.501,88.994,-0.000,-0.001,4.0
2923,-0.952,-1.048,1.501,88.369,0.000,-0.001,4.0
2924,-0.952,-1.048,1.501,88.417,0.000,-0.001,4.0
2925,-0.952,-1.048,1.501,88.612,0.000,-0.002,4.0
2926,-0.952,-1.048,1.501,88.931,0.000,-0.002,4.0
2927,-0.952,-1.048,1.501,89.339,0.000,-0.001,4.0
2928,-0.952,-1.048,1.501,89.816,0.000,-0.001,4.0
2929,-0.952,-1.048,1.501,90.350,0.000,0.000,4.0
2930,-0.952,-1.048,1.501,90.930,-0.000,0.001,4.0
2931,-0.952,-1.048,1.501,91.555,-0.000,0.001,4.0
2932,-0.952,-1.048,1.501,91.507,-0.000,0.001,4.0
2933,-0.952,-1.048,1.501,91.312,-0.000,0.002,4.0
2934,-0.952,-1.048,1.501,90.993,-0.000,0.002,4.0
2935,-0.952,-1.048,1.501,90.585,-0.000,0.001,4.0
2936,-0.952,-1.048,1.501,90.108,-0.000,0.001,4.0
2937,-0.952,-1.048,1.501,89.575,-0.000,-0.000,4.0
2938,-0.952,-1.048,1.501,88.994,-0.000,-0.001,4.0
2939,-0.952,-1.048,1.501,88.369,0.000,-0.001,4.0
2940,-0.952,-1.048,1.501,88.417,0.000,-0.001,4.0
2941,-0.952,-1.048,1.501,88.612,0.000,-0.002,4.0
2942,-0.952,-1.048,1.501,88.931,0.000,-0.002,4.0
2943,-0.952,-1.048,1.501,89.339,0.000,-0.001,4.0
2944,-0.952,-1.048,1.501,89.816,0.000,-0.001,4.0
2945,-0.952,-1.048,1.501,90.350,0.000,0.000,4.0
2946,-0.952,-1.048,1.501,90.930,-0.000,0.001,4.0
2947,-0.952,-1.048,1.501,91.555,-0.000,0.001,4.0
2948,-0.952,-1.048,1.501,91.507,-0.000,0.001,4.0
2949,-0.952,-1.048,1.501,91.312,-0.000,0.002,4.0
2950,-0.952,-1.048,1.501,90.993,-0.000,0.002,4.0
2951,-0.952,-1.048,1.501,90.585,-0.000,0.001,4.0
2952,-0.952,-1.048,1.501,90.108,-0.000,0.001,4.0
2953,-0.952,-1.048,1.501,89.575,-0.000,-0.000,4.0
2954,-0.952,-1.048,1.501,88.994,-0.000,-0.001,4.0
2955,-0.952,-1.048,1.501,88.369,0.000,-0.001,4.0
2956,-0.952,-1.048,1.501,88.417,0.000,-0.001,4.0
2957,-0.952,-1.048,1.501,88.612,0.000,-0.002,4.0
2958,-0.952,-1.048,1.501,88.931,0.000,-0.002,4.0
2959,-0.952,-1.048,1.501,89.339,0.000,-0.001,4.0
2960,-0.952,-1.048,1.501,89.816,0.000,-0.001,4.0
2961,-0.952,-1.048,1.501,90.350,0.000,0.000,4.0
2962,-0.952,-1.048,1.501,90.930,-0.000,0.001,4.0
2963,-0.952,-1.048,1.501,91.555,-0.000,0.001,4.0
2964,-0.952,-1.048,1.501,91.507,-0.000,0.001,4.0
2965,-0.952,-1.048,1.501,91.312,-0.000,0.002,4.0
2966,-0.952,-1.048,1.501,90.993,-0.000,0.002,4.0
2967,-0.952,-1.048,1.501,90.585,-0.000,0.001,4.0
2968,-0.952,-1.048,1.501,90.108,-0.000,0.001,4.0
2969,-0.952,-1.048,1.501,89.575,-0.000,-0.000,4.0
2970,-0.952,-1.048,1.501,88.994,-0.000,-0.001,4.0
2971,-0.952,-1.048,1.501,88.369,0.000,-0.001,4.0
2972,-0.952,-1.048,1.501,88.417,0.000,-0.001,4.0
2973,-0.952,-1.048,1.501,88.612,0.000,-0.002,4.0
2974,-0.952,-1.048,1.501,88.931,0.000,-0.002,4.0
2975,-0.952,-1.048,1.501,89.339,0.000,-0.001,4.0
2976,-0.952,-1.048,1.501,89.816,0.000,-0.001,4.0
2977,-0.952,-1.048,1.501,90.350,0.000,0.000,4.0
2978,-0.952,-1.048,1.501,90.930,-0.000,0.001,4.0
2979,-0.952,-1.048,1.501,91.555,-0.000,0.001,4.0
2980,-0.952,-1.048,1.501,91.507,-0.000,0.001,4.0
2981,-0.952,-1.048,1.501,91.312,-0.000,0.002,4.0
2982,-0.952,-1.048,1.501,90.993,-0.000,0.002,4.0
2983,-0.952,-1.048,1.501,90.585,-0.000,0.001,4.0
2984,-0.952,-1.048,1.501,90.108,-0.000,0.001,4.0
2985,-0.952,-1.048,1.501,89.575,-0.000,-0.000,4.0
2986,-0.952,-1.048,1.501,88.994,-0.000,-0.001,4.0
2987,-0.952,-1.048,1.501,88.369,0.000,-0.001,4.0
2988,-0.952,-1.048,1.501,88.417,0.000,-0.001,4.0
2989,-0.952,-1.048,1.501,88.612,0.000,-0.002,4.0
2990,-0.952,-1.048,1.501,88.931,0.000,-0.002,4.0
2991,-0.952,-1.048,1.501,89.339,0.000,-0.001,4.0
2992,-0.952,-1.048,1.501,89.816,0.000,-0.001,4.0
2993,-0.952,-1.048,1.501,90.350,0.000,0.000,4.0
2994,-0.952,-1.048,1.501,90.930,-0.000,0.001,4.0
2995,-0.952,-1.048,1.501,91.555,-0.000,0.001,4.0
2996,-0.952,-1.048,1.501,91.507,-0.000,0.001,4.0
2997,-0.952,-1.048,1.501,91.312,-0.000,0.002,4.0
2998,-0.952,-1.048,1.501,90.993,-0.000,0.002,4.0
2999,-0.952,-1.048,1.501,90.585,-0.000,0.001,4.0
3000,-0.952,-1.048,1.501,90.108,-0.000,0.001,4.0
3001,-0.952,-1.048,1.501,89.575,-0.000,-0.000,4.0
3002,-0.952,-1.048,1.501,88.994,-0.000,-0.001,4.0
3003,-0.952,-1.048,1.501,88.369,0.000,-0.001,4.0
3004,-0.952,-1.048,1.501,88.417,0.000,-0.001,4.0
3005,-0.952,-1.048,1.501,88.612,0.000,-0.002,4.0
3006,-0.952,-1.048,1.501,88.931,0.000,-0.002,4.0
3007,-0.952,-1.048,1.501,89.339,0.000,-0.001,4.0
3008,-0.952,-1.048,1.501,89.816,0.000,-0.001,4.0
3009,-0.952,-1.048,1.501,90.350,0.000,0.000,4.0
3010,-0.952,-1.048,1.501,90.930,-0.000,0.001,4.0
3011,-0.952,-1.048,1.501,91.555,-0.000,0.001,4.0
3012,-0.952,-1.048,1.501,91.507,-0.000,0.001,4.0
3013,-0.952,-1.048,1.501,91.312,-0.000,0.002,4.0
3014,-0.952,-1.048,1.501,90.993,-0.000,0.002,4.0
3015,-0.952,-1.048,1.501,90.585,-0.000,0.001,4.0
3016,-0.952,-1.048,1.501,90.108,-0.000,0.001,4.0
3017,-0.952,-1.048,1.501,89.575,-0.000,-0.000,4.0
3018,-0.952,-1.048,1.501,88.994,-0.000,-0.001,4.0
3019,-0.952,-1.048,1.501,88.369,0.000,-0.001,4.0
3020,-0.952,-1.048,1.501,88.417,0.000,-0.001,4.0
3021,-0.952,-1.048,1.501,88.612,0.000,-0.002,4.0
3022,-0.952,-1.048,1.501,88.931,0.000,-0.002,4.0
3023,-0.952,-1.048,1.501,89.339,0.000,-0.001,4.0
3024,-0.952,-1.048,1.501,89.816,0.000,-0.001,4.0
3025,-0.952,-1.048,1.501,90.350,0.000,0.000,4.0
3026,-0.952,-1.048,1.501,90.930,-0.000,0.001,4.0
3027,-0.952,-1.048,1.501,91.555,-0.000,0.001,4.0
3028,-0.952,-1.048,1.501,91.507,-0.000,0.001,4.0
3029,-0.952,-1.048,1.501,91.312,-0.000,0.002,4.0
3030,-0.952,-1.048,1.501,90.993,-0.000,0.002,4.0
3031,-0.952,-1.048,1.501,90.585,-0.000,0.001,4.0
3032,-0.952,-1.048,1.501,90.108,-0.000,0.001,4.0
3033,-0.952,-1.048,1.501,89.575,-0.000,-0.000,4.0
3034,-0.952,-1.048,1.501,88.994,-0.000,-0.001,4.0
3035,-0.952,-1.048,1.501,88.369,0.000,-0.001,4.0
3036,-0.952,-1.048,1.501,88.417,0.000,-0.001,4.0
3037,-0.952,-1.048,1.501,88.612,0.000,-0.002,4.0
3038,-0.952,-1.048,1.501,88.931,0.000,-0.002,4.0
3039,-0.952,-1.048,1.501,89.339,0.000,-0.001,4.0
3040,-0.952,-1.048,1.501,89.816,0.000,-0.001,4.0
3041,-0.952,-1.048,1.501,90.350,0.000,0.000,4.0
3042,-0.952,-1.048,1.501,90.930,-0.000,0.001,4.0
3043,-0.952,-1.048,1.501,91.555,-0.000,0.001,4.0
3044,-0.952,-1.048,1.501,91.507,-0.000,0.001,4.0
3045,-0.952,-1.048,1.501,91.312,-0.000,0.002,4.0
3046,-0.952,-1.048,1.501,90.993,-0.000,0.002,4.0
3047,-0.952,-1.048,1.501,90.585,-0.000,0.001,4.0
3048,-0.952,-1.048,1.501,90.108,-0.000,0.001,4.0
3049,-0.952,-1.048,1.501,89.575,-0.000,-0.000,4.0
3050,-0.952,-1.048,1.501,88.994,-0.000,-0.001,4.0
3051,-0.952,-1.048,1.501,88.369,0.000,-0.001,4.0
3052,-0.952,-1.048,1.501,88.417,0.000,-0.001,4.0
3053,-0.952,-1.048,1.501,88.612,0.000,-0.002,4.0
3054,-0.952,-1.048,1.501,88.931,0.000,-0.002,4.0
3055,-0.952,-1.048,1.501,89.339,0.000,-0.001,4.0
3056,-0.952,-1.048,1.501,89.816,0.000,-0.001,4.0
3057,-0.952,-1.048,1.501,90.350,0.000,0.000,4.0
3058,-0.952,-1.048,1.501,90.930,-0.000,0.001,4.0
3059,-0.952,-1.048,1.501,91.555,-0.000,0.001,4.0
3060,-0.952,-1.048,1.501,91.507,-0.000,0.001,4.0
3061,-0.952,-1.048,1.501,91.312,-0.000,0.002,4.0
3062,-0.952,-1.048,1.501,90.993,-0.000,0.002,4.0
3063,-0.952,-1.048,1.501,90.585,-0.000,0.001,4.0
3064,-0.952,-1.048,1.501,90.108,-0.000,0.001,4.0
3065,-0.952,-1.048,1.501,89.575,-0.000,-0.000,4.0
3066,-0.952,-1.048,1.501,88.994,-0.000,-0.001,4.0
3067,-0.952,-1.048,1.501,88.369,0.000,-0.001,4.0
3068,-0.952,-1.048,1.501,88.417,0.000,-0.001,4.0
3069,-0.952,-1.048,1.501,88.612,0.000,-0.002,4.0
3070,-0.952,-1.048,1.501,88.931,0.000,-0.002,4.0
3071,-0.952,-1.048,1.501,89.339,0.000,-0.001,4.0
3072,-0.952,-1.048,1.501,89.816,0.000,-0.001,4.0
3073,-0.952,-1.048,1.501,90.350,0.000,0.000,4.0
3074,-0.952,-1.048,1.501,90.930,-0.000,0.001,4.0
3075,-0.952,-1.048,1.501,91.555,-0.000,0.001,4.0
3076,-0.952,-1.048,1.501,91.507,-0.000,0.001,4.0
3077,-0.952,-1.048,1.501,91.312,-0.000,0.002,4.0
3078,-0.952,-1.048,1.501,90.993,-0.000,0.002,4.0
3079,-0.952,-1.048,1.501,90.585,-0.000,0.001,4.0
3080,-0.952,-1.048,1.501,90.108,-0.000,0.001,4.0
3081,-0.952,-1.048,1.501,89.575,-0.000,-0.000,4.0
3082,-0.952,-1.048,1.501,88.994,-0.000,-0.001,4.0
3083,-0.952,-1.048,1.501,88.369,0.000,-0.001,4.0
3084,-0.952,-1.048,1.501,88.417,0.000,-0.001,4.0
3085,-0.952,-1.048,1.501,88.612,0.000,-0.002,4.0
3086,-0.952,-1.048,1.501,88.931,0.000,-0.002,4.0
3087,-0.952,-1.048,1.501,89.339,0.000,-0.001,4.0
3088,-0.952,-1.048,1.501,89.816,0.000,-0.001,4.0
3089,-0.952,-1.048,1.501,90.350,0.000,0.000,4.0
3090,-0.952,-1.048,1.501,90.930,-0.000,0.001,4.0
3091,-0.952,-1.048,1.501,91.555,-0.000,0.001,4.0
3092,-0.952,-1.048,1.501,91.507,-0.000,0.001,4.0
3093,-0.952,-1.048,1.501,91.312,-0.000,0.002,4.0
3094,-0.952,-1.048,1.501,90.993,-0.000,0.002,4.0
3095,-0.952,-1.048,1.501,90.585,-0.000,0.001,4.0
3096,-0.952,-1.048,1.501,90.108,-0.000,0.001,4.0
3097,-0.952,-1.048,1.501,89.575,-0.000,-0.000,4.0
3098,-0.952,-1.048,1.501,88.994,-0.000,-0.001,4.0
3099,-0.952,-1.048,1.501,88.369,0.000,-0.001,4.0
3100,-0.952,-1.048,1.501,88.417,0.000,-0.001,4.0
3101,-0.952,-1.048,1.501,88.612,0.000,-0.002,4.0
3102,-0.952,-1.048,1.501,88.931,0.000,-0.002,4.0
3103,-0.952,-1.048,1.501,89.339,0.000,-0.001,4.0
3104,-0.952,-1.048,1.501,89.816,0.000,-0.001,4.0
3105,-0.952,-1.048,1.501,90.350,0.000,0.000,4.0
3106,-0.952,-1.048,1.501,90.930,-0.000,0.001,4.0
3107,-0.952,-1.048,1.501,91.555,-0.000,0.001,4.0
3108,-0.952,-1.048,1.501,91.507,-0.000,0.001,4.0
3109,-0.952,-1.048,1.501,91.312,-0.000,0.002,4.0
3110,-0.952,-1.048,1.501,90.993,-0.000,0.002,4.0
3111,-0.952,-1.048,1.501,90.585,-0.000,0.001,4.0
3112,-0.952,-1.048,1.501,90.108,-0.000,0.001,4.0
3113,-0.952,-1.048,1.501,89.575,-0.000,-0.000,4.0
3114,-0.952,-1.048,1.501,88.994,-0.000,-0.001,4.0
3115,-0.952,-1.048,1.501,88.369,0.000,-0.001,4.0
3116,-0.952,-1.048,1.501,88.417,0.000,-0.001,4.0
3117,-0.952,-1.048,1.501,88.612,0.000,-0.002,4.0
3118,-0.952,-1.048,1.501,88.931,0.000,-0.002,4.0
3119,-0.952,-1.048,1.501,89.339,0.000,-0.001,4.0
3120,-0.952,-1.048,1.501,89.816,0.000,-0.001,4.0
3121,-0.952,-1.048,1.501,90.350,0.000,0.000,4.0
3122,-0.952,-1.048,1.501,90.930,-0.000,0.001,4.0
3123,-0.952,-1.048,1.501,91.555,-0.000,0.001,4.0
3124,-0.952,-1.048,1.501,91.507,-0.000,0.001,4.0
3125,-0.952,-1.048,1.501,91.312,-0.000,0.002,4.0
3126,-0.952,-1.048,1.501,90.993,-0.000,0.002,4.0
3127,-0.952,-1.048,1.501,90.585,-0.000,0.001,4.0
3128,-0.952,-1.048,1.501,90.108,-0.000,0.001,4.0
3129,-0.952,-1.048,1.501,89.575,-0.000,-0.000,4.0
3130,-0.952,-1.048,1.501,88.994,-0.000,-0.001,4.0
3131,-0.952,-1.048,1.501,88.369,0.000,-0.001,4.0
3132,-0.952,-1.048,1.501,88.417,0.000,-0.001,4.0
3133,-0.952,-1.048,1.501,88.612,0.000,-0.002,4.0
3134,-0.952,-1.048,1.501,88.931,0.000,-0.002,4.0
3135,-0.952,-1.048,1.501,89.339,0.000,-0.001,4.0
3136,-0.952,-1.048,1.501,89.816,0.000,-0.001,4.0
3137,-0.952,-1.048,1.501,90.350,0.000,0.000,4.0
3138,-0.952,-1.048,1.501,90.930,-0.000,0.001,4.0
3139,-0.952,-1.048,1.501,91.555,-0.000,0.001,4.0
3140,-0.952,-1.048,1.501,91.507,-0.000,0.001,4.0
3141,-0.952,-1.048,1.501,91.312,-0.000,0.002,4.0
3142,-0.952,-1.048,1.501,90.993,-0.000,0.002,4.0
3143,-0.952,-1.048,1.501,90.585,-0.000,0.001,4.0
3144,-0.952,-1.048,1.501,90.108,-0.000,0.001,4.0
3145,-0.952,-1.048,1.501,89.575,-0.000,-0.000,4.0
3146,-0.952,-1.048,1.501,88.994,-0.000,-0.001,4.0
3147,-0.952,-1.048,1.501,88.369,0.000,-0.001,4.0
3148,-0.952,-1.048,1.501,88.417,0.000,-0.001,4.0
3149,-0.952,-1.048,1.501,88.612,0.000,-0.002,4.0
3150,-0.952,-1.048,1.501,88.931,0.000,-0.002,4.0
3151,-0.952,-1.048,1.501,89.339,0.000,-0.001,4.0
3152,-0.952,-1.048,1.501,89.816,0.000,-0.001,4.0
3153,-0.952,-1.048,1.501,90.350,0.000,0.000,4.0
3154,-0.952,-1.048,1.501,90.930,-0.000,0.001,4.0
3155,-0.952,-1.048,1.501,91.555,-0.000,0.001,4.0
3156,-0.952,-1.048,1.501,91.507,-0.000,0.001,4.0
3157,-0.952,-1.048,1.501,91.312,-0.000,0.002,4.0
3158,-0.952,-1.048,1.501,90.993,-0.000,0.002,4.0
3159,-0.952,-1.048,1.501,90.585,-0.000,0.001,4.0
3160,-0.952,-1.048,1.501,90.108,-0.000,0.001,4.0
3161,-0.952,-1.048,1.501,89.575,-0.000,-0.000,4.0
3162,-0.952,-1.048,1.501,88.994,-0.000,-0.001,4.0
3163,-0.952,-1.048,1.501,88.369,0.000,-0.001,4.0
3164,-0.952,-1.048,1.501,88.417,0.000,-0.001,4.0
3165,-0.952,-1.048,1.501,88.612,0.000,-0.002,4.0
3166,-0.952,-1.048,1.501,88.931,0.000,-0.002,4.0
3167,-0.952,-1.048,1.501,89.339,0.000,-0.001,4.0
3168,-0.952,-1.048,1.501,89.816,0.000,-0.001,4.0
3169,-0.952,-1.048,1.501,90.350,0.000,0.000,4.0
3170,-0.952,-1.048,1.501,90.930,-0.000,0.001,4.0
3171,-0.952,-1.048,1.501,91.555,-0.000,0.001,4.0
3172,-0.952,-1.048,1.501,91.507,-0.000,0.001,4.0
3173,-0.952,-1.048,1.501,91.312,-0.000,0.002,4.0
3174,-0.952,-1.048,1.501,90.993,-0.000,0.002,4.0
3175,-0.952,-1.048,1.501,90.585,-0.000,0.001,4.0
3176,-0.952,-1.048,1.501,90.108,-0.000,0.001,4.0
3177,-0.952,-1.048,1.501,89.575,-0.000,-0.000,4.0
3178,-0.952,-1.048,1.501,88.994,-0.000,-0.001,4.0
3179,-0.952,-1.048,1.501,88.369,0.000,-0.001,4.0
3180,-0.952,-1.048,1.501,88.417,0.000,-0.001,4.0
3181,-0.952,-1.048,1.501,88.612,0.000,-0.002,4.0
3182,-0.952,-1.048,1.501,88.931,0.000,-0.002,4.0
3183,-0.952,-1.048,1.501,89.339,0.000,-0.001,4.0
3184,-0.952,-1.048,1.501,89.816,0.000,-0.001,4.0
3185,-0.952,-1.048,1.501,90.350,0.000,0.000,4.0
3186,-0.952,-1.048,1.501,90.930,-0.000,0.001,4.0
3187,-0.952,-1.048,1.501,91.555,-0.000,0.001,4.0
3188,-0.952,-1.048,1.501,91.507,-0.000,0.001,4.0
3189,-0.952,-1.048,1.501,91.312,-0.000,0.002,4.0
3190,-0.952,-1.048,1.501,90.993,-0.000,0.002,4.0
3191,-0.952,-1.048,1.501,90.585,-0.000,0.001,4.0
3192,-0.952,-1.048,1.501,90.108,-0.000,0.001,4.0
3193,-0.952,-1.048,1.501,89.575,-0.000,-0.000,4.0
3194,-0.952,-1.048,1.501,88.994,-0.000,-0.001,4.0
3195,-0.952,-1.048,1.501,88.369,0.000,-0.001,4.0
3196,-0.952,-1.048,1.501,88.417,0.000,-0.001,4.0
3197,-0.952,-1.048,1.501,88.612,0.000,-0.002,4.0
3198,-0.952,-1.048,1.501,88.931,0.000,-0.002,4.0
3199,-0.952,-1.048,1.501,89.339,0.000,-0.001,4.0
3200,-0.952,-1.048,1.501,89.816,0.000,-0.001,4.0
3201,-0.952,-1.048,1.501,90.350,0.000,0.000,4.0
3202,-0.952,-1.048,1.501,90.930,-0.000,0.001,4.0
3203,-0.952,-1.048,1.501,91.555,-0.000,0.001,4.0
3204,-0.952,-1.048,1.501,91.507,-0.000,0.001,4.0
3205,-0.952,-1.048,1.501,91.312,-0.000,0.002,4.0
3206,-0.952,-1.048,1.501,90.993,-0.000,0.002,4.0
3207,-0.952,-1.048,1.501,90.585,-0.000,0.001,4.0
3208,-0.952,-1.048,1.501,90.108,-0.000,0.001,4.0
3209,-0.952,-1.048,1.501,89.575,-0.000,-0.000,4.0
3210,-0.952,-1.048,1.501,88.994,-0.000,-0.001,4.0
3211,-0.952,-1.048,1.501,88.369,0.000,-0.001,4.0
3212,-0.952,-1.048,1.501,88.417,0.000,-0.001,4.0
3213,-0.952,-1.048,1.501,88.612,0.000,-0.002,4.0
3214,-0.952,-1.048,1.501,88.931,0.000,-0.002,4.0
3215,-0.952,-1.048,1.501,89.339,0.000,-0.001,4.0
3216,-0.952,-1.048,1.501,89.816,0.000,-0.001,4.0
3217,-0.952,-1.048,1.501,90.350,0.000,0.000,4.0
3218,-0.952,-1.048,1.501,90.930,-0.000,0.001,4.0
3219,-0.952,-1.048,1.501,91.555,-0.000,0.001,4.0
3220,-0.952,-1.048,1.501,91.507,-0.000,0.001,4.0
3221,-0.952,-1.048,1.501,91.312,-0.000,0.002,4.0
3222,-0.952,-1.048,1.501,90.993,-0.000,0.002,4.0
3223,-0.952,-1.048,1.501,90.585,-0.000,0.001,4.0
3224,-0.952,-1.048,1.501,90.108,-0.000,0.001,4.0
3225,-0.952,-1.048,1.501,89.575,-0.000,-0.000,4.0
3226,-0.952,-1.048,1.501,88.994,-0.000,-0.001,4.0
3227,-0.952,-1.048,1.501,88.369,0.000,-0.001,4.0
3228,-0.952,-1.048,1.501,88.417,0.000,-0.001,4.0
3229,-0.952,-1.048,1.501,88.612,0.000,-0.002,4.0
3230,-0.952,-1.048,1.501,88.931,0.000,-0.002,4.0
3231,-0.952,-1.048,1.501,89.339,0.000,-0.001,4.0
3232,-0.952,-1.048,1.501,89.816,0.000,-0.001,4.0
3233,-0.952,-1.048,1.501,90.350,0.000,0.000,4.0
3234,-0.952,-1.048,1.501,90.930,-0.000,0.001,4.0
3235,-0.952,-1.048,1.501,91.555,-0.000,0.001,4.0
3236,-0.952,-1.048,1.501,91.507,-0.000,0.001,4.0
3237,-0.952,-1.048,1.501,91.312,-0.000,0.002,4.0
3238,-0.952,-1.048,1.501,90.993,-0.000,0.002,4.0
3239,-0.952,-1.048,1.501,90.585,-0.000,0.001,4.0
3240,-0.952,-1.048,1.501,90.108,-0.000,0.001,4.0
3241,-0.952,-1.048,1.501,89.575,-0.000,-0.000,4.0
3242,-0.952,-1.048,1.501,88.994,-0.000,-0.001,4.0
3243,-0.952,-1.048,1.501,88.369,0.000,-0.001,4.0
3244,-0.952,-1.048,1.501,88.417,0.000,-0.001,4.0
3245,-0.952,-1.048,1.501,88.612,0.000,-0.002,4.0
3246,-0.952,-1.048,1.501,88.931,0.000,-0.002,4.0
3247,-0.952,-1.048,1.501,89.339,0.000,-0.001,4.0
3248,-0.952,-1.048,1.501,89.816,0.000,-0.001,4.0
3249,-0.952,-1.048,1.501,90.350,0.000,0.000,4.0
3250,-0.952,-1.048,1.501,90.930,-0.000,0.001,4.0
3251,-0.952,-1.048,1.501,91.555,-0.000,0.001,4.0
3252,-0.952,-1.048,1.501,91.507,-0.000,0.001,4.0
3253,-0.952,-1.048,1.501,91.312,-0.000,0.002,4.0
3254,-0.952,-1.048,1.501,90.993,-0.000,0.002,4.0
3255,-0.952,-1.048,1.501,90.585,-0.000,0.001,4.0
3256,-0.952,-1.048,1.501,90.108,-0.000,0.001,4.0
3257,-0.952,-1.048,1.501,89.575,-0.000,-0.000,4.0
3258,-0.952,-1.048,1.501,88.994,-0.000,-0.001,4.0
3259,-0.952,-1.048,1.501,88.369,0.000,-0.001,4.0
3260,-0.952,-1.048,1.501,88.417,0.000,-0.001,4.0
3261,-0.952,-1.048,1.501,88.612,0.000,-0.002,4.0
3262,-0.952,-1.048,1.501,88.931,0.000,-0.002,4.0
3263,-0.952,-1.048,1.501,89.339,0.000,-0.001,4.0
3264,-0.952,-1.048,1.501,89.816,0.000,-0.001,4.0
3265,-0.952,-1.048,1.501,90.350,0.000,0.000,4.0
3266,-0.952,-1.048,1.501,90.930,-0.000,0.001,4.0
3267,-0.952,-1.048,1.501,91.555,-0.000,0.001,4.0
3268,-0.952,-1.048,1.501,91.507,-0.000,0.001,4.0
3269,-0.952,-1.048,1.501,91.312,-0.000,0.002,4.0
3270,-0.952,-1.048,1.501,90.993,-0.000,0.002,4.0
3271,-0.952,-1.048,1.501,90.585,-0.000,0.001,4.0
3272,-0.952,-1.048,1.501,90.108,-0.000,0.001,4.0
3273,-0.952,-1.048,1.501,89.575,-0.000,-0.000,4.0
3274,-0.952,-1.048,1.501,88.994,-0.000,-0.001,4.0
3275,-0.952,-1.048,1.501,88.369,0.000,-0.001,4.0
3276,-0.952,-1.048,1.501,88.417,0.000,-0.001,4.0
3277,-0.952,-1.048,1.501,88.612,0.000,-0.002,4.0
3278,-0.952,-1.048,1.501,88.931,0.000,-0.002,4.0
3279,-0.952,-1.048,1.501,89.339,0.000,-0.001,4.0
3280,-0.952,-1.048,1.501,89.816,0.000,-0.001,4.0
3281,-0.952,-1.048,1.501,90.350,0.000,0.000,4.0
3282,-0.952,-1.048,1.501,90.930,-0.000,0.001,4.0
3283,-0.952,-1.048,1.501,91.555,-0.000,0.001,4.0
3284,-0.952,-1.048,1.501,91.507,-0.000,0.001,4.0
3285,-0.952,-1.048,1.501,91.312,-0.000,0.002,4.0
3286,-0.952,-1.048,1.501,90.993,-0.000,0.002,4.0
3287,-0.952,-1.048,1.501,90.585,-0.000,0.001,4.0
3288,-0.952,-1.048,1.501,90.108,-0.000,0.001,4.0
3289,-0.952,-1.048,1.501,89.575,-0.000,-0.000,4.0
3290,-0.952,-1.048,1.501,88.994,-0.000,-0.001,4.0
3291,-0.952,-1.048,1.501,88.369,0.000,-0.001,4.0
3292,-0.952,-1.048,1.501,88.417,0.000,-0.001,4.0
3293,-0.952,-1.048,1.501,88.612,0.000,-0.002,4.0
3294,-0.952,-1.048,1.501,88.931,0.000,-0.002,4.0
3295,-0.952,-1.048,1.501,89.339,0.000,-0.001,4.0
3296,-0.952,-1.048,1.501,89.816,0.000,-0.001,4.0
3297,-0.952,-1.048,1.501,90.350,0.000,0.000,4.0
3298,-0.952,-1.048,1.501,90.930,-0.000,0.001,4.0
3299,-0.952,-1.048,1.501,91.555,-0.000,0.001,4.0
3300,-0.952,-1.048,1.501,91.507,-0.000,0.001,4.0
3301,-0.952,-1.048,1.501,91.312,-0.000,0.002,4.0
3302,-0.952,-1.048,1.501,90.993,-0.000,0.002,4.0
3303,-0.952,-1.048,1.501,90.585,-0.000,0.001,4.0
3304,-0.952,-1.048,1.501,90.108,-0.000,0.001,4.0
3305,-0.952,-1.048,1.501,89.575,-0.000,-0.000,4.0
3306,-0.952,-1.048,1.501,88.994,-0.000,-0.001,4.0
3307,-0.952,-1.048,1.501,88.369,0.000,-0.001,4.0
3308,-0.952,-1.048,1.501,88.417,0.000,-0.001,4.0
3309,-0.952,-1.048,1.501,88.612,0.000,-0.002,4.0
3310,-0.952,-1.048,1.501,88.931,0.000,-0.002,4.0
3311,-0.952,-1.048,1.501,89.339,0.000,-0.001,4.0
3312,-0.952,-1.048,1.501,89.816,0.000,-0.001,4.0
3313,-0.952,-1.048,1.501,90.350,0.000,0.000,4.0
3314,-0.952,-1.048,1.501,90.930,-0.000,0.001,4.0
3315,-0.952,-1.048,1.501,91.555,-0.000,0.001,4.0
3316,-0.952,-1.048,1.501,91.507,-0.000,0.001,4.0
3317,-0.952,-1.048,1.501,91.312,-0.000,0.002,4.0
3318,-0.952,-1.048,1.501,90.993,-0.000,0.002,4.0
3319,-0.952,-1.048,1.501,90.585,-0.000,0.001,4.0
3320,-0.952,-1.048,1.501,90.108,-0.000,0.001,4.0
3321,-0.952,-1.048,1.501,89.575,-0.000,-0.000,4.0
3322,-0.952,-1.048,1.501,88.994,-0.000,-0.001,4.0
3323,-0.952,-1.048,1.501,88.369,0.000,-0.001,4.0
3324,-0.952,-1.048,1.501,88.417,0.000,-0.001,4.0
3325,-0.952,-1.048,1.501,88.612,0.000,-0.002,4.0
3326,-0.952,-1.048,1.501,88.931,0.000,-0.002,4.0
3327,-0.952,-1.048,1.501,89.339,0.000,-0.001,4.0
3328,-0.952,-1.048,1.501,89.816,0.000,-0.001,4.0
3329,-0.952,-1.048,1.501,90.350,0.000,0.000,4.0
3330,-0.952,-1.048,1.501,90.930,-0.000,0.001,4.0
3331,-0.952,-1.048,1.501,91.555,-0.000,0.001,4.0
3332,-0.952,-1.048,1.501,91.507,-0.000,0.001,4.0
3333,-0.952,-1.048,1.501,91.312,-0.000,0.002,4.0
3334,-0.952,-1.048,1.501,90.993,-0.000,0.002,4.0
3335,-0.952,-1.048,1.501,90.585,-0.000,0.001,4.0
3336,-0.952,-1.048,1.501,90.108,-0.000,0.001,4.0
3337,-0.952,-1.048,1.501,89.575,-0.000,-0.000,4.0
3338,-0.952,-1.048,1.501,88.994,-0.000,-0.001,4.0
3339,-0.952,-1.048,1.501,88.369,0.000,-0.001,4.0
3340,-0.952,-1.048,1.501,88.417,0.000,-0.001,4.0
3341,-0.952,-1.048,1.501,88.612,0.000,-0.002,4.0
3342,-0.952,-1.048,1.501,88.931,0.000,-0.002,4.0
3343,-0.952,-1.048,1.501,89.339,0.000,-0.001,4.0
3344,-0.952,-1.048,1.501,89.816,0.000,-0.001,4.0
3345,-0.952,-1.048,1.501,90.350,0.000,0.000,4.0
3346,-0.952,-1.048,1.501,90.930,-0.000,0.001,4.0
3347,-0.952,-1.048,1.501,91.555,-0.000,0.001,4.0
3348,-0.952,-1.048,1.501,91.507,-0.000,0.001,4.0
3349,-0.952,-1.048,1.501,91.312,-0.000,0.002,4.0
3350,-0.952,-1.048,1.501,90.993,-0.000,0.002,4.0
3351,-0.952,-1.048,1.501,90.585,-0.000,0.001,4.0
3352,-0.952,-1.048,1.501,90.108,-0.000,0.001,4.0
3353,-0.952,-1.048,1.501,89.575,-0.000,-0.000,4.0
3354,-0.952,-1.048,1.501,88.994,-0.000,-0.001,4.0
3355,-0.952,-1.048,1.501,88.369,0.000,-0.001,4.0
3356,-0.952,-1.048,1.501,88.417,0.000,-0.001,4.0
3357,-0.952,-1.048,1.501,88.612,0.000,-0.002,4.0
3358,-0.952,-1.048,1.501,88.931,0.000,-0.002,4.0
3359,-0.952,-1.048,1.501,89.339,0.000,-0.001,4.0
3360,-0.952,-1.048,1.501,89.816,0.000,-0.001,4.0
3361,-0.952,-1.048,1.501,90.350,0.000,0.000,4.0
3362,-0.952,-1.048,1.501,90.930,-0.000,0.001,4.0
3363,-0.952,-1.048,1.501,91.555,-0.000,0.001,4.0
3364,-0.952,-1.048,1.501,91.507,-0.000,0.001,4.0
3365,-0.952,-1.048,1.501,91.312,-0.000,0.002,4.0
3366,-0.952,-1.048,1.501,90.993,-0.000,0.002,4.0
3367,-0.952,-1.048,1.501,90.585,-0.000,0.001,4.0
3368,-0.952,-1.048,1.501,90.108,-0.000,0.001,4.0
3369,-0.952,-1.048,1.501,89.575,-0.000,-0.000,4.0
3370,-0.952,-1.048,1.501,88.994,-0.000,-0.001,4.0
3371,-0.952,-1.048,1.501,88.369,0.000,-0.001,4.0
3372,-0.952,-1.048,1.501,88.417,0.000,-0.001,4.0
3373,-0.952,-1.048,1.501,88.612,0.000,-0.002,4.0
3374,-0.952,-1.048,1.501,88.931,0.000,-0.002,4.0
3375,-0.952,-1.048,1.501,89.339,0.000,-0.001,4.0
3376,-0.952,-1.048,1.501,89.816,0.000,-0.001,4.0
3377,-0.952,-1.048,1.501,90.350,0.000,0.000,4.0
3378,-0.952,-1.048,1.501,90.930,-0.000,0.001,4.0
3379,-0.952,-1.048,1.501,91.555,-0.000,0.001,4.0
3380,-0.952,-1.048,1.501,91.507,-0.000,0.001,4.0
3381,-0.952,-1.048,1.501,91.312,-0.000,0.002,4.0
3382,-0.952,-1.048,1.501,90.993,-0.000,0.002,4.0
3383,-0.952,-1.048,1.501,90.585,-0.000,0.001,4.0
3384,-0.952,-1.048,1.501,90.108,-0.000,0.001,4.0
3385,-0.952,-1.048,1.501,89.575,-0.000,-0.000,4.0
3386,-0.952,-1.048,1.501,88.994,-0.000,-0.001,4.0
3387,-0.952,-1.048,1.501,88.369,0.000,-0.001,4.0
3388,-0.952,-1.048,1.501,88.417,0.000,-0.001,4.0
3389,-0.952,-1.048,1.501,88.612,0.000,-0.002,4.0
3390,-0.952,-1.048,1.501,88.931,0.000,-0.002,4.0
3391,-0.952,-1.048,1.501,89.339,0.000,-0.001,4.0
3392,-0.952,-1.048,1.501,89.816,0.000,-0.001,4.0
3393,-0.952,-1.048,1.501,90.350,0.000,0.000,4.0
3394,-0.952,-1.048,1.501,90.930,-0.000,0.001,4.0
3395,-0.952,-1.048,1.501,91.555,-0.000,0.001,4.0
3396,-0.952,-1.048,1.501,91.507,-0.000,0.001,4.0
3397,-0.952,-1.048,1.501,91.312,-0.000,0.002,4.0
3398,-0.952,-1.048,1.501,90.993,-0.000,0.002,4.0
3399,-0.952,-1.048,1.501,90.585,-0.000,0.001,4.0
3400,-0.952,-1.048,1.501,90.108,-0.000,0.001,4.0
3401,-0.952,-1.048,1.501,89.575,-0.000,-0.000,4.0
3402,-0.952,-1.048,1.501,88.994,-0.000,-0.001,4.0
3403,-0.952,-1.048,1.501,88.369,0.000,-0.001,4.0
3404,-0.952,-1.048,1.501,88.417,0.000,-0.001,4.0
3405,-0.952,-1.048,1.501,88.612,0.000,-0.002,4.0
3406,-0.952,-1.048,1.501,88.931,0.000,-0.002,4.0
3407,-0.952,-1.048,1.501,89.339,0.000,-0.001,4.0
3408,-0.952,-1.048,1.501,89.816,0.000,-0.001,4.0
3409,-0.952,-1.048,1.501,90.350,0.000,0.000,4.0
3410,-0.952,-1.048,1.501,90.930,-0.000,0.001,4.0
3411,-0.952,-1.048,1.501,91.555,-0.000,0.001,4.0
3412,-0.952,-1.048,1.501,91.507,-0.000,0.001,4.0
3413,-0.952,-1.048,1.501,91.312,-0.000,0.002,4.0
3414,-0.952,-1.048,1.501,90.993,-0.000,0.002,4.0
3415,-0.952,-1.048,1.501,90.585,-0.000,0.001,4.0
3416,-0.952,-1.048,1.501,90.108,-0.000,0.001,4.0
3417,-0.952,-1.048,1.501,89.575,-0.000,-0.000,4.0
3418,-0.952,-1.048,1.501,88.994,-0.000,-0.001,4.0
3419,-0.952,-1.048,1.501,88.369,0.000,-0.001,4.0
3420,-0.952,-1.048,1.501,88.417,0.000,-0.001,4.0
3421,-0.952,-1.048,1.501,88.612,0.000,-0.002,4.0
3422,-0.952,-1.048,1.501,88.931,0.000,-0.002,4.0
3423,-0.952,-1.048,1.501,89.339,0.000,-0.001,4.0
3424,-0.952,-1.048,1.501,89.816,0.000,-0.001,4.0
3425,-0.952,-1.048,1.501,90.350,0.000,0.000,4.0
3426,-0.952,-1.048,1.501,90.930,-0.000,0.001,4.0
3427,-0.952,-1.048,1.501,91.555,-0.000,0.001,4.0
3428,-0.952,-1.048,1.501,91.507,-0.000,0.001,4.0
3429,-0.952,-1.048,1.501,91.312,-0.000,0.002,4.0
3430,-0.952,-1.048,1.501,90.993,-0.000,0.002,4.0
3431,-0.952,-1.048,1.501,90.585,-0.000,0.001,4.0
3432,-0.952,-1.048,1.501,90.108,-0.000,0.001,4.0
3433,-0.952,-1.048,1.501,89.575,-0.000,-0.000,4.0
3434,-0.952,-1.048,1.501,88.994,-0.000,-0.001,4.0
3435,-0.952,-1.048,1.501,88.369,0.000,-0.001,4.0
3436,-0.952,-1.048,1.501,88.417,0.000,-0.001,4.0
3437,-0.952,-1.048,1.501,88.612,0.000,-0.002,4.0
3438,-0.952,-1.048,1.501,88.931,0.000,-0.002,4.0
3439,-0.952,-1.048,1.501,89.339,0.000,-0.001,4.0
3440,-0.952,-1.048,1.501,89.816,0.000,-0.001,4.0
3441,-0.952,-1.048,1.501,90.350,0.000,0.000,4.0
3442,-0.952,-1.048,1.501,90.930,-0.000,0.001,4.0
3443,-0.952,-1.048,1.501,91.555,-0.000,0.001,4.0
3444,-0.952,-1.048,1.501,91.507,-0.000,0.001,4.0
3445,-0.952,-1.048,1.501,91.312,-0.000,0.002,4.0
3446,-0.952,-1.048,1.501,90.993,-0.000,0.002,4.0
3447,-0.952,-1.048,1.501,90.585,-0.000,0.001,4.0
3448,-0.952,-1.048,1.501,90.108,-0.000,0.001,4.0
3449,-0.952,-1.048,1.501,89.575,-0.000,-0.000,4.0
3450,-0.952,-1.048,1.501,88.994,-0.000,-0.001,4.0
3451,-0.952,-1.048,1.501,88.369,0.000,-0.001,4.0
3452,-0.952,-1.048,1.501,88.417,0.000,-0.001,4.0
3453,-0.952,-1.048,1.501,88.612,0.000,-0.002,4.0
3454,-0.952,-1.048,1.501,88.931,0.000,-0.002,4.0
3455,-0.952,-1.048,1.501,89.339,0.000,-0.001,4.0
3456,-0.952,-1.048,1.501,89.816,0.000,-0.001,4.0
3457,-0.952,-1.048,1.501,90.350,0.000,0.000,4.0
3458,-0.952,-1.048,1.501,90.930,-0.000,0.001,4.0
3459,-0.952,-1.048,1.501,91.555,-0.000,0.001,4.0
3460,-0.952,-1.048,1.501,91.507,-0.000,0.001,4.0
3461,-0.952,-1.048,1.501,91.312,-0.000,0.002,4.0
3462,-0.952,-1.048,1.501,90.993,-0.000,0.002,4.0
3463,-0.952,-1.048,1.501,90.585,-0.000,0.001,4.0
3464,-0.952,-1.048,1.501,90.108,-0.000,0.001,4.0
3465,-0.952,-1.048,1.501,89.575,-0.000,-0.000,4.0
3466,-0.952,-1.048,1.501,88.994,-0.000,-0.001,4.0
3467,-0.952,-1.048,1.501,88.369,0.000,-0.001,4.0
3468,-0.952,-1.048,1.501,88.417,0.000,-0.001,4.0
3469,-0.952,-1.048,1.501,88.612,0.000,-0.002,4.0
3470,-0.952,-1.048,1.501,88.931,0.000,-0.002,4.0
3471,-0.952,-1.048,1.501,89.339,0.000,-0.001,4.0
3472,-0.952,-1.048,1.501,89.816,0.000,-0.001,4.0
3473,-0.952,-1.048,1.501,90.350,0.000,0.000,4.0
3474,-0.952,-1.048,1.501,90.930,-0.000,0.001,4.0
3475,-0.952,-1.048,1.501,91.555,-0.000,0.001,4.0
3476,-0.952,-1.048,1.501,91.507,-0.000,0.001,4.0
3477,-0.952,-1.048,1.501,91.312,-0.000,0.002,4.0
3478,-0.952,-1.048,1.501,90.993,-0.000,0.002,4.0
3479,-0.952,-1.048,1.501,90.585,-0.000,0.001,4.0
3480,-0.952,-1.048,1.501,90.108,-0.000,0.001,4.0
3481,-0.952,-1.048,1.501,89.575,-0.000,-0.000,4.0
3482,-0.952,-1.048,1.501,88.994,-0.000,-0.001,4.0
3483,-0.952,-1.048,1.501,88.369,0.000,-0.001,4.0
3484,-0.952,-1.048,1.501,88.417,0.000,-0.001,4.0
3485,-0.952,-1.048,1.501,88.612,0.000,-0.002,4.0
3486,-0.952,-1.048,1.501,88.931,0.000,-0.002,4.0
3487,-0.952,-1.048,1.501,89.339,0.000,-0.001,4.0
3488,-0.952,-1.048,1.501,89.816,0.000,-0.001,4.0
3489,-0.952,-1.048,1.501,90.350,0.000,0.000,4.0
3490,-0.952,-1.048,1.501,90.930,-0.000,0.001,4.0
3491,-0.952,-1.048,1.501,91.555,-0.000,0.001,4.0
3492,-0.952,-1.048,1.501,91.507,-0.000,0.001,4.0
3493,-0.952,-1.048,1.501,91.312,-0.000,0.002,4.0
3494,-0.952,-1.048,1.501,90.993,-0.000,0.002,4.0
3495,-0.952,-1.048,1.501,90.585,-0.000,0.001,4.0
3496,-0.952,-1.048,1.501,90.108,-0.000,0.001,4.0
3497,-0.952,-1.048,1.501,89.575,-0.000,-0.000,4.0
3498,-0.952,-1.048,1.501,88.994,-0.000,-0.001,4.0
3499,-0.952,-1.048,1.501,88.369,0.000,-0.001,4.0
3500,-0.952,-1.048,1.501,88.417,0.000,-0.001,4.0
