1,-1.500,0.700,0.000,0.000,0.000,-0.007,-1
2,-1.500,0.700,0.000,0.000,0.000,-0.009,-1
3,-1.500,0.700,0.000,0.000,0.000,-0.006,-1
4,-1.500,0.700,0.000,0.000,0.000,-0.006,-1
5,-1.500,0.700,0.000,0.000,0.000,-0.007,-1
6,-1.500,0.700,0.000,0.000,0.000,-0.007,-1
7,-1.500,0.700,0.000,0.000,0.000,-0.006,-1
8,-1.500,0.700,0.000,-0.008,-0.000,-0.006,9.0
9,-1.500,0.700,0.000,-0.030,-0.000,-0.007,9.0
10,-1.500,0.700,0.000,-0.067,-0.000,-0.007,9.0
11,-1.500,0.700,0.000,-0.118,-0.000,-0.006,9.0
12,-1.500,0.700,0.000,-0.183,-0.000,-0.006,9.0
13,-1.500,0.700,0.000,-0.264,0.000,-0.006,9.0
14,-1.500,0.700,0.000,-0.359,0.000,-0.006,9.0
15,-1.500,0.700,0.000,-0.469,0.001,-0.006,9.0
16,-1.500,0.700,0.000,-0.593,0.002,-0.006,9.0
17,-1.500,0.700,0.000,-0.731,0.003,-0.006,9.0
18,-1.498,0.700,0.000,-0.877,-0.007,-0.006,9.0
19,-1.494,0.700,0.000,-1.025,-0.026,-0.007,9.0
20,-1.494,0.700,0.000,-1.168,-0.022,-0.007,14.0
21,-1.499,0.700,0.000,-1.300,0.004,-0.006,14.0
22,-1.505,0.700,0.000,-1.419,0.036,-0.005,14.0
23,-1.512,0.701,0.000,-1.526,0.070,-0.004,14.0
24,-1.519,0.701,0.000,-1.621,0.105,-0.003,14.0
25,-1.526,0.701,0.000,-1.703,0.140,-0.002,14.0
26,-1.532,0.701,0.000,-1.773,0.177,-0.001,14.0
27,-1.539,0.702,0.000,-1.830,0.214,0.001,14.0
28,-1.546,0.702,0.000,-1.875,0.253,0.002,14.0
29,-1.553,0.702,0.000,-1.907,0.293,0.003,14.0
30,-1.560,0.702,0.000,-1.927,0.334,0.005,14.0
31,-1.567,0.703,0.000,-1.934,0.377,0.006,14.0
32,-1.574,0.703,0.000,-1.928,0.420,0.008,14.0
33,-1.581,0.703,0.000,-1.909,0.466,0.009,14.0
34,-1.587,0.704,0.000,-1.877,0.513,0.011,14.0
35,-1.594,0.704,0.000,-1.832,0.563,0.012,14.0
36,-1.601,0.704,0.000,-1.775,0.615,0.013,14.0
37,-1.608,0.704,0.000,-1.705,0.670,0.014,14.0
38,-1.614,0.705,0.000,-1.623,0.728,0.014,14.0
39,-1.621,0.705,0.000,-1.530,0.788,0.015,14.0
40,-1.628,0.705,0.000,-1.425,0.853,0.015,14.0
41,-1.635,0.705,0.000,-1.310,0.920,0.015,14.0
42,-1.641,0.706,0.000,-1.184,0.992,0.014,14.0
43,-1.648,0.706,0.000,-1.048,1.068,0.013,14.0
44,-1.654,0.706,0.000,-0.902,1.148,0.012,14.0
45,-1.661,0.706,0.000,-0.748,1.233,0.010,14.0
46,-1.668,0.706,0.000,-0.585,1.323,0.007,14.0
47,-1.674,0.706,0.000,-0.414,1.419,0.004,14.0
48,-1.681,0.706,0.000,-0.236,1.521,-0.000,14.0
49,-1.687,0.706,0.000,-0.051,1.629,-0.005,14.0
50,-1.694,0.706,0.000,0.141,1.744,-0.011,14.0
51,-1.701,0.706,0.000,0.341,1.866,-0.017,14.0
52,-1.707,0.706,0.000,0.547,1.996,-0.025,14.0
53,-1.710,0.706,0.000,0.756,2.027,-0.027,14.0
54,-1.712,0.706,0.000,0.974,1.931,-0.039,14.0
55,-1.716,0.706,0.000,1.196,1.853,-0.053,14.0
56,-1.722,0.706,0.000,1.423,1.793,-0.046,14.0
57,-1.728,0.705,0.000,1.655,1.744,-0.054,14.0
58,-1.735,0.705,0.000,1.896,1.705,-0.065,14.0
59,-1.742,0.705,0.000,2.146,1.675,-0.070,14.0
60,-1.748,0.705,0.000,2.406,1.653,-0.075,14.0
61,-1.755,0.704,0.000,2.676,1.640,-0.082,14.0
62,-1.762,0.704,0.000,2.956,1.634,-0.091,14.0
63,-1.768,0.703,0.000,3.246,1.636,-0.099,14.0
64,-1.775,0.703,0.000,3.546,1.646,-0.108,14.0
65,-1.782,0.702,0.000,3.856,1.663,-0.118,14.0
66,-1.788,0.702,0.000,4.176,1.688,-0.130,14.0
67,-1.795,0.701,0.000,4.506,1.721,-0.142,14.0
68,-1.801,0.701,0.000,4.846,1.761,-0.156,14.0
69,-1.808,0.700,0.000,5.195,1.809,-0.171,14.0
70,-1.815,0.700,0.000,5.554,1.866,-0.188,14.0
71,-1.821,0.699,0.000,5.922,1.930,-0.206,14.0
72,-1.828,0.698,0.000,6.299,2.000,-0.223,14.0
73,-1.831,0.698,0.000,6.678,1.965,-0.243,14.0
74,-1.836,0.696,0.000,7.061,1.922,-0.235,14.0
75,-1.841,0.696,0.000,7.446,1.887,-0.263,14.0
76,-1.848,0.695,0.000,7.834,1.868,-0.263,14.0
77,-1.854,0.694,0.000,8.227,1.859,-0.271,14.0
78,-1.861,0.693,0.000,8.627,1.858,-0.288,14.0
79,-1.867,0.692,0.000,9.034,1.865,-0.305,14.0
80,-1.874,0.691,0.000,9.447,1.882,-0.320,14.0
81,-1.880,0.690,0.000,9.866,1.908,-0.337,14.0
82,-1.887,0.688,0.000,10.291,1.942,-0.359,14.0
83,-1.893,0.687,0.000,10.720,1.976,-0.371,14.0
84,-1.898,0.686,0.000,11.149,1.944,-0.399,14.0
85,-1.904,0.685,0.000,11.580,1.927,-0.403,14.0
86,-1.910,0.683,0.000,12.014,1.921,-0.411,14.0
87,-1.916,0.682,0.000,12.452,1.923,-0.430,14.0
88,-1.923,0.680,0.000,12.894,1.935,-0.451,14.0
89,-1.929,0.679,0.000,13.338,1.950,-0.462,14.0
90,-1.935,0.677,0.000,13.779,1.932,-0.484,14.0
91,-1.941,0.675,0.000,14.223,1.926,-0.496,14.0
92,-1.948,0.674,0.000,14.670,1.930,-0.510,14.0
93,-1.954,0.672,0.000,15.116,1.929,-0.524,14.0
94,-1.960,0.670,0.000,15.562,1.921,-0.541,14.0
95,-1.967,0.668,0.000,16.010,1.920,-0.556,14.0
96,-1.973,0.667,0.000,16.456,1.913,-0.573,14.0
97,-1.979,0.665,0.000,16.901,1.911,-0.586,14.0
98,-1.985,0.663,0.000,17.346,1.905,-0.601,14.0
99,-1.991,0.661,0.000,17.789,1.901,-0.615,14.0
100,-1.997,0.659,0.000,18.230,1.896,-0.630,14.0
101,-2.003,0.656,0.000,18.669,1.891,-0.645,14.0
102,-2.010,0.654,0.000,19.105,1.886,-0.659,14.0
103,-2.016,0.652,0.000,19.538,1.881,-0.673,14.0
104,-2.021,0.650,0.000,19.967,1.876,-0.687,14.0
105,-2.027,0.648,0.000,20.392,1.871,-0.701,14.0
106,-2.033,0.645,0.000,20.812,1.866,-0.715,14.0
107,-2.039,0.643,0.000,21.228,1.860,-0.728,14.0
108,-2.045,0.641,0.000,21.638,1.855,-0.742,14.0
109,-2.050,0.638,0.000,22.043,1.850,-0.755,14.0
110,-2.056,0.636,0.000,22.442,1.844,-0.768,14.0
111,-2.062,0.634,0.000,22.834,1.839,-0.780,14.0
112,-2.067,0.631,0.000,23.220,1.834,-0.793,14.0
113,-2.073,0.629,0.000,23.599,1.829,-0.805,14.0
114,-2.079,0.626,0.000,23.971,1.823,-0.817,14.0
115,-2.084,0.624,0.000,24.335,1.818,-0.828,14.0
116,-2.090,0.621,0.000,24.692,1.813,-0.839,14.0
117,-2.095,0.618,0.000,25.040,1.808,-0.850,14.0
118,-2.101,0.616,0.000,25.380,1.803,-0.861,14.0
119,-2.106,0.613,0.000,25.711,1.798,-0.872,14.0
120,-2.111,0.610,0.000,26.033,1.793,-0.882,14.0
121,-2.117,0.608,0.000,26.346,1.788,-0.891,14.0
122,-2.122,0.605,0.000,26.648,1.783,-0.901,14.0
123,-2.127,0.602,0.000,26.940,1.779,-0.910,14.0
124,-2.132,0.600,0.000,27.221,1.774,-0.919,14.0
125,-2.137,0.597,0.000,27.491,1.770,-0.927,14.0
126,-2.142,0.595,0.000,27.749,1.766,-0.935,14.0
127,-2.147,0.592,0.000,27.995,1.762,-0.943,14.0
128,-2.151,0.589,0.000,28.230,1.758,-0.950,14.0
129,-2.156,0.587,0.000,28.453,1.754,-0.957,14.0
130,-2.161,0.584,0.000,28.664,1.750,-0.963,14.0
131,-2.165,0.582,0.000,28.863,1.747,-0.969,14.0
132,-2.169,0.579,0.000,29.051,1.744,-0.975,14.0
133,-2.174,0.577,0.000,29.226,1.741,-0.980,14.0
134,-2.178,0.574,0.000,29.390,1.738,-0.985,14.0
135,-2.182,0.572,0.000,29.542,1.735,-0.990,14.0
136,-2.186,0.570,0.000,29.682,1.733,-0.994,14.0
137,-2.190,0.567,0.000,29.810,1.731,-0.998,14.0
138,-2.194,0.565,0.000,29.927,1.729,-1.001,14.0
139,-2.198,0.563,0.000,30.032,1.727,-1.005,14.0
140,-2.202,0.560,0.000,30.125,1.725,-1.007,14.0
141,-2.206,0.558,0.000,30.207,1.724,-1.010,14.0
142,-2.209,0.556,0.000,30.278,1.723,-1.012,14.0
143,-2.213,0.554,0.000,30.337,1.722,-1.014,14.0
144,-2.216,0.552,0.000,30.385,1.721,-1.015,14.0
145,-2.220,0.550,0.000,30.422,1.720,-1.016,14.0
146,-2.223,0.548,0.000,30.449,1.720,-1.017,14.0
147,-2.227,0.546,0.000,30.466,1.719,-1.018,14.0
148,-2.230,0.544,0.000,30.472,1.719,-1.018,14.0
149,-2.233,0.542,0.000,30.467,1.719,-1.018,14.0
150,-2.236,0.540,0.000,30.453,1.719,-1.017,14.0
151,-2.239,0.538,0.000,30.427,1.720,-1.016,14.0
152,-2.243,0.536,0.000,30.392,1.721,-1.015,14.0
153,-2.246,0.534,0.000,30.347,1.721,-1.014,14.0
154,-2.249,0.532,0.000,30.291,1.722,-1.012,14.0
155,-2.252,0.531,0.000,30.226,1.724,-1.010,14.0
156,-2.254,0.529,0.000,30.151,1.725,-1.008,14.0
157,-2.257,0.527,0.000,30.066,1.726,-1.006,14.0
158,-2.260,0.525,0.000,29.972,1.728,-1.003,14.0
159,-2.263,0.524,0.000,29.868,1.730,-1.000,14.0
160,-2.266,0.522,0.000,29.755,1.732,-0.996,14.0
161,-2.268,0.521,0.000,29.634,1.734,-0.993,14.0
162,-2.271,0.519,0.000,29.503,1.736,-0.989,14.0
163,-2.274,0.517,0.000,29.363,1.739,-0.984,14.0
164,-2.276,0.516,0.000,29.215,1.741,-0.980,14.0
165,-2.279,0.515,0.000,29.058,1.744,-0.975,14.0
166,-2.281,0.513,0.000,28.893,1.747,-0.970,14.0
167,-2.284,0.512,0.000,28.719,1.749,-0.965,14.0
168,-2.286,0.510,0.000,28.538,1.753,-0.959,14.0
169,-2.289,0.509,0.000,28.348,1.756,-0.953,14.0
170,-2.290,0.508,0.000,28.154,1.753,-0.924,14.0
171,-2.292,0.507,0.000,27.957,1.712,-0.899,14.0
172,-2.295,0.505,0.000,27.754,1.680,-0.879,14.0
173,-2.297,0.504,0.000,27.544,1.660,-0.859,14.0
174,-2.299,0.503,0.000,27.327,1.647,-0.843,14.0
175,-2.302,0.502,0.000,27.104,1.642,-0.832,14.0
176,-2.304,0.500,0.000,26.874,1.643,-0.826,14.0
177,-2.307,0.499,0.000,26.639,1.653,-0.822,14.0
178,-2.309,0.498,0.000,26.397,1.670,-0.822,14.0
179,-2.311,0.497,0.000,26.149,1.695,-0.825,14.0
180,-2.313,0.496,0.000,25.896,1.728,-0.832,14.0
181,-2.316,0.495,0.000,25.637,1.768,-0.841,14.0
182,-2.318,0.494,0.000,25.373,1.815,-0.855,14.0
183,-2.318,0.493,0.000,25.107,1.808,-0.835,14.0
184,-2.320,0.493,0.000,24.841,1.783,-0.826,14.0
185,-2.321,0.492,0.000,24.572,1.776,-0.806,14.0
186,-2.323,0.491,0.000,24.298,1.778,-0.793,14.0
187,-2.325,0.490,0.000,24.019,1.786,-0.788,14.0
188,-2.327,0.489,0.000,23.736,1.802,-0.787,14.0
189,-2.329,0.488,0.000,23.447,1.828,-0.786,14.0
190,-2.331,0.487,0.000,23.156,1.842,-0.790,14.0
191,-2.332,0.487,0.000,22.864,1.834,-0.765,14.0
192,-2.334,0.486,0.000,22.570,1.836,-0.752,14.0
193,-2.335,0.485,0.000,22.271,1.844,-0.749,14.0
194,-2.337,0.484,0.000,21.968,1.857,-0.748,14.0
195,-2.339,0.484,0.000,21.663,1.857,-0.728,14.0
196,-2.340,0.483,0.000,21.355,1.859,-0.720,14.0
197,-2.342,0.482,0.000,21.043,1.868,-0.715,14.0
198,-2.343,0.482,0.000,20.728,1.870,-0.700,14.0
199,-2.345,0.481,0.000,20.410,1.875,-0.691,14.0
200,-2.347,0.480,0.000,20.090,1.878,-0.681,14.0
201,-2.348,0.480,0.000,19.766,1.882,-0.670,14.0
202,-2.350,0.479,0.000,19.440,1.886,-0.660,14.0
203,-2.352,0.478,0.000,19.111,1.889,-0.648,14.0
204,-2.353,0.478,0.000,18.779,1.894,-0.638,14.0
205,-2.355,0.477,0.000,18.444,1.897,-0.626,14.0
206,-2.356,0.477,0.000,18.108,1.894,-0.614,14.0
207,-2.357,0.476,0.000,17.770,1.881,-0.596,14.0
208,-2.359,0.476,0.000,17.430,1.877,-0.582,14.0
209,-2.360,0.475,0.000,17.086,1.882,-0.572,14.0
210,-2.362,0.475,0.000,16.740,1.896,-0.564,14.0
211,-2.364,0.474,0.000,16.391,1.914,-0.557,14.0
212,-2.365,0.474,0.000,16.042,1.909,-0.542,14.0
213,-2.366,0.473,0.000,15.690,1.910,-0.530,14.0
214,-2.368,0.473,0.000,15.337,1.920,-0.520,14.0
215,-2.369,0.472,0.000,14.982,1.922,-0.508,14.0
216,-2.370,0.472,0.000,14.626,1.923,-0.495,14.0
217,-2.371,0.472,0.000,14.267,1.929,-0.484,14.0
218,-2.373,0.471,0.000,13.908,1.930,-0.471,14.0
219,-2.374,0.471,0.000,13.547,1.935,-0.460,14.0
220,-2.375,0.470,0.000,13.185,1.937,-0.447,14.0
221,-2.376,0.470,0.000,12.822,1.940,-0.435,14.0
222,-2.378,0.470,0.000,12.458,1.942,-0.423,14.0
223,-2.378,0.470,0.000,12.095,1.926,-0.405,14.0
224,-2.380,0.469,0.000,11.732,1.911,-0.394,14.0
225,-2.381,0.469,0.000,11.367,1.907,-0.378,14.0
226,-2.382,0.469,0.000,11.000,1.913,-0.364,14.0
227,-2.384,0.468,0.000,10.631,1.924,-0.369,14.0
228,-2.385,0.468,0.000,10.264,1.948,-0.352,14.0
229,-2.387,0.468,0.000,9.895,1.974,-0.346,14.0
230,-2.387,0.468,0.000,9.528,1.962,-0.343,14.0
231,-2.388,0.468,0.000,9.161,1.957,-0.321,14.0
232,-2.389,0.467,0.000,8.792,1.963,-0.307,14.0
233,-2.391,0.467,0.000,8.422,1.977,-0.299,14.0
234,-2.391,0.467,0.000,8.050,1.977,-0.286,14.0
235,-2.392,0.467,0.000,7.676,1.974,-0.271,14.0
236,-2.394,0.467,0.000,7.300,1.980,-0.260,14.0
237,-2.395,0.467,0.000,6.923,1.984,-0.245,14.0
238,-2.396,0.466,0.000,6.543,1.982,-0.233,14.0
239,-2.397,0.466,0.000,6.163,1.987,-0.219,14.0
240,-2.398,0.466,0.000,5.782,1.986,-0.208,14.0
241,-2.399,0.466,0.000,5.400,1.989,-0.193,14.0
242,-2.400,0.466,0.000,5.019,1.989,-0.181,14.0
243,-2.401,0.466,0.000,4.639,1.991,-0.167,14.0
244,-2.402,0.466,0.000,4.259,1.992,-0.154,14.0
245,-2.404,0.466,0.000,3.880,1.993,-0.141,14.0
246,-2.405,0.465,0.000,3.502,1.994,-0.128,14.0
247,-2.406,0.465,0.000,3.126,1.995,-0.114,14.0
248,-2.407,0.465,0.000,2.751,1.995,-0.101,14.0
249,-2.408,0.465,0.000,2.378,1.996,-0.088,14.0
250,-2.410,0.465,0.000,2.006,1.996,-0.075,14.0
251,-2.411,0.465,0.000,1.637,1.997,-0.063,14.0
252,-2.412,0.465,0.000,1.270,1.997,-0.050,14.0
253,-2.413,0.465,0.000,0.905,1.997,-0.037,14.0
254,-2.414,0.465,0.000,0.542,1.998,-0.024,14.0
255,-2.415,0.465,0.000,0.182,1.998,-0.012,14.0
256,-2.417,0.465,0.000,-0.177,1.998,0.001,14.0
257,-2.418,0.465,0.000,-0.533,1.998,0.013,14.0
258,-2.419,0.465,0.000,-0.887,1.998,0.025,14.0
259,-2.420,0.465,0.000,-1.239,1.997,0.038,14.0
260,-2.421,0.465,0.000,-1.589,1.997,0.050,14.0
261,-2.422,0.465,0.000,-1.937,1.997,0.062,14.0
262,-2.423,0.465,0.000,-2.283,1.996,0.074,14.0
263,-2.424,0.465,0.000,-2.627,1.996,0.086,14.0
264,-2.425,0.465,0.000,-2.969,1.995,0.098,14.0
265,-2.426,0.466,0.000,-3.310,1.995,0.110,14.0
266,-2.427,0.466,0.000,-3.648,1.994,0.122,14.0
267,-2.428,0.466,0.000,-3.985,1.993,0.133,14.0
268,-2.428,0.466,0.000,-4.320,1.993,0.145,14.0
269,-2.429,0.466,0.000,-4.653,1.992,0.156,14.0
270,-2.430,0.466,0.000,-4.985,1.991,0.168,14.0
271,-2.431,0.466,0.000,-5.314,1.990,0.179,14.0
272,-2.432,0.466,0.000,-5.642,1.989,0.191,14.0
273,-2.433,0.466,0.000,-5.969,1.988,0.202,14.0
274,-2.433,0.466,0.000,-6.293,1.986,0.213,14.0
275,-2.434,0.466,0.000,-6.616,1.985,0.225,14.0
276,-2.435,0.467,0.000,-6.937,1.984,0.236,14.0
277,-2.436,0.467,0.000,-7.256,1.982,0.247,14.0
278,-2.436,0.467,0.000,-7.573,1.981,0.258,14.0
279,-2.437,0.467,0.000,-7.888,1.980,0.269,14.0
280,-2.438,0.467,0.000,-8.201,1.978,0.279,14.0
281,-2.439,0.467,0.000,-8.512,1.977,0.290,14.0
282,-2.439,0.467,0.000,-8.820,1.975,0.301,14.0
283,-2.440,0.468,0.000,-9.127,1.973,0.311,14.0
284,-2.441,0.468,0.000,-9.431,1.972,0.322,14.0
285,-2.441,0.468,0.000,-9.733,1.970,0.332,14.0
286,-2.442,0.468,0.000,-10.033,1.968,0.342,14.0
287,-2.443,0.468,0.000,-10.331,1.966,0.353,14.0
288,-2.443,0.469,0.000,-10.626,1.965,0.363,14.0
289,-2.444,0.469,0.000,-10.919,1.963,0.373,14.0
290,-2.445,0.469,0.000,-11.209,1.961,0.383,14.0
291,-2.445,0.469,0.000,-11.497,1.959,0.393,14.0
292,-2.446,0.469,0.000,-11.783,1.957,0.402,14.0
293,-2.447,0.469,0.000,-12.066,1.955,0.412,14.0
294,-2.447,0.470,0.000,-12.346,1.953,0.422,14.0
295,-2.448,0.470,0.000,-12.625,1.951,0.431,14.0
296,-2.449,0.470,0.000,-12.901,1.949,0.441,14.0
297,-2.449,0.470,0.000,-13.175,1.947,0.450,14.0
298,-2.450,0.471,0.000,-13.447,1.944,0.459,14.0
299,-2.451,0.471,0.000,-13.716,1.942,0.468,14.0
300,-2.452,0.471,0.000,-13.984,1.940,0.477,14.0
301,-2.452,0.471,0.000,-14.251,1.938,0.486,14.0
302,-2.453,0.472,0.000,-14.516,1.935,0.495,14.0
303,-2.453,0.472,0.000,-14.780,1.933,0.504,14.0
304,-2.454,0.472,0.000,-15.044,1.931,0.513,14.0
305,-2.455,0.472,0.000,-15.306,1.928,0.522,14.0
306,-2.455,0.472,0.000,-15.568,1.926,0.531,14.0
307,-2.456,0.473,0.000,-15.830,1.924,0.539,14.0
308,-2.456,0.473,0.000,-16.092,1.921,0.548,14.0
309,-2.457,0.473,0.000,-16.355,1.919,0.557,14.0
310,-2.457,0.473,0.000,-16.617,1.916,0.566,14.0
311,-2.458,0.474,0.000,-16.881,1.913,0.575,14.0
312,-2.458,0.474,0.000,-17.145,1.911,0.583,14.0
313,-2.459,0.474,0.000,-17.410,1.908,0.592,14.0
314,-2.459,0.474,0.000,-17.676,1.905,0.601,14.0
315,-2.460,0.475,0.000,-17.943,1.902,0.610,14.0
316,-2.460,0.475,0.000,-18.211,1.900,0.619,14.0
317,-2.461,0.475,0.000,-18.481,1.897,0.628,14.0
318,-2.461,0.475,0.000,-18.751,1.894,0.637,14.0
319,-2.462,0.476,0.000,-19.024,1.891,0.646,14.0
320,-2.462,0.476,0.000,-19.297,1.887,0.655,14.0
321,-2.463,0.476,0.000,-19.572,1.884,0.664,14.0
322,-2.463,0.476,0.000,-19.848,1.881,0.673,14.0
323,-2.464,0.477,0.000,-20.126,1.878,0.682,14.0
324,-2.464,0.477,0.000,-20.406,1.874,0.691,14.0
325,-2.464,0.477,0.000,-20.686,1.871,0.700,14.0
326,-2.465,0.477,0.000,-20.968,1.868,0.710,14.0
327,-2.465,0.478,0.000,-21.252,1.864,0.719,14.0
328,-2.466,0.478,0.000,-21.537,1.860,0.728,14.0
329,-2.466,0.478,0.000,-21.823,1.857,0.737,14.0
330,-2.467,0.478,0.000,-22.111,1.853,0.747,14.0
331,-2.467,0.479,0.000,-22.401,1.849,0.756,14.0
332,-2.468,0.479,0.000,-22.692,1.845,0.765,14.0
333,-2.468,0.479,0.000,-22.985,1.841,0.775,14.0
334,-2.468,0.480,0.000,-23.280,1.837,0.784,14.0
335,-2.469,0.480,0.000,-23.576,1.833,0.794,14.0
336,-2.469,0.480,0.000,-23.873,1.829,0.803,14.0
337,-2.469,0.480,0.000,-24.170,1.825,0.813,14.0
338,-2.470,0.480,0.000,-24.467,1.821,0.822,14.0
339,-2.470,0.481,0.000,-24.765,1.817,0.832,14.0
340,-2.470,0.481,0.000,-25.063,1.812,0.841,14.0
341,-2.471,0.481,0.000,-25.360,1.808,0.850,14.0
342,-2.471,0.482,0.000,-25.658,1.803,0.860,14.0
343,-2.471,0.482,0.000,-25.956,1.799,0.869,14.0
344,-2.472,0.482,0.000,-26.253,1.794,0.879,14.0
345,-2.472,0.482,0.000,-26.551,1.790,0.888,14.0
346,-2.472,0.483,0.000,-26.848,1.785,0.897,14.0
347,-2.473,0.483,0.000,-27.145,1.780,0.906,14.0
348,-2.473,0.483,0.000,-27.441,1.776,0.916,14.0
349,-2.473,0.484,0.000,-27.738,1.771,0.925,14.0
350,-2.474,0.484,0.000,-28.035,1.766,0.934,14.0
351,-2.474,0.484,0.000,-28.331,1.761,0.943,14.0
352,-2.474,0.484,0.000,-28.628,1.756,0.952,14.0
353,-2.475,0.485,0.000,-28.925,1.751,0.961,14.0
354,-2.475,0.485,0.000,-29.222,1.746,0.970,14.0
355,-2.475,0.485,0.000,-29.520,1.741,0.979,14.0
356,-2.476,0.486,0.000,-29.817,1.736,0.988,14.0
357,-2.476,0.486,0.000,-30.116,1.731,0.997,14.0
358,-2.476,0.486,0.000,-30.414,1.726,1.006,14.0
359,-2.477,0.486,0.000,-30.713,1.721,1.015,14.0
360,-2.477,0.487,0.000,-31.013,1.715,1.024,14.0
361,-2.477,0.487,0.000,-31.314,1.710,1.033,14.0
362,-2.478,0.487,0.000,-31.614,1.704,1.042,14.0
363,-2.478,0.488,0.000,-31.916,1.699,1.051,14.0
364,-2.478,0.488,0.000,-32.218,1.693,1.060,14.0
365,-2.479,0.488,0.000,-32.520,1.688,1.069,14.0
366,-2.479,0.489,0.000,-32.823,1.682,1.078,14.0
367,-2.479,0.489,0.000,-33.126,1.676,1.087,14.0
368,-2.479,0.489,0.000,-33.430,1.671,1.096,14.0
369,-2.480,0.490,0.000,-33.734,1.665,1.105,14.0
370,-2.480,0.490,0.000,-34.038,1.659,1.113,14.0
371,-2.480,0.490,0.000,-34.343,1.653,1.122,14.0
372,-2.481,0.490,0.000,-34.648,1.647,1.131,14.0
373,-2.481,0.491,0.000,-34.952,1.641,1.140,14.0
374,-2.481,0.491,0.000,-35.257,1.635,1.148,14.0
375,-2.481,0.491,0.000,-35.562,1.629,1.157,14.0
376,-2.482,0.492,0.000,-35.867,1.622,1.166,14.0
377,-2.482,0.492,0.000,-36.171,1.616,1.174,14.0
378,-2.482,0.492,0.000,-36.475,1.610,1.183,14.0
379,-2.482,0.492,0.000,-36.778,1.604,1.191,14.0
380,-2.482,0.493,0.000,-37.080,1.597,1.200,14.0
381,-2.482,0.493,0.000,-37.380,1.591,1.208,14.0
382,-2.483,0.493,0.000,-37.679,1.585,1.217,14.0
383,-2.483,0.494,0.000,-37.976,1.578,1.225,14.0
384,-2.483,0.494,0.000,-38.272,1.572,1.233,14.0
385,-2.483,0.494,0.000,-38.565,1.566,1.241,14.0
386,-2.483,0.494,0.000,-38.857,1.559,1.249,14.0
387,-2.484,0.495,0.000,-39.147,1.553,1.257,14.0
388,-2.484,0.495,0.000,-39.435,1.547,1.265,14.0
389,-2.484,0.495,0.000,-39.722,1.540,1.272,14.0
390,-2.484,0.496,0.000,-40.006,1.534,1.280,14.0
391,-2.484,0.496,0.000,-40.288,1.528,1.287,14.0
392,-2.485,0.496,0.000,-40.569,1.521,1.295,14.0
393,-2.485,0.496,0.000,-40.848,1.515,1.302,14.0
394,-2.485,0.497,0.000,-41.126,1.509,1.310,14.0
395,-2.485,0.497,0.000,-41.401,1.502,1.317,14.0
396,-2.485,0.497,0.000,-41.675,1.496,1.324,14.0
397,-2.485,0.497,0.000,-41.948,1.490,1.331,14.0
398,-2.486,0.498,0.000,-42.219,1.484,1.338,14.0
399,-2.486,0.498,0.000,-42.489,1.477,1.345,14.0
400,-2.486,0.498,0.000,-42.757,1.471,1.352,14.0
401,-2.486,0.498,0.000,-43.023,1.465,1.359,14.0
402,-2.486,0.499,0.000,-43.288,1.458,1.366,14.0
403,-2.486,0.499,0.000,-43.552,1.452,1.372,14.0
404,-2.486,0.499,0.000,-43.814,1.446,1.379,14.0
405,-2.487,0.499,0.000,-44.074,1.439,1.385,14.0
406,-2.487,0.500,0.000,-44.332,1.433,1.392,14.0
407,-2.487,0.500,0.000,-44.589,1.427,1.398,14.0
408,-2.487,0.500,0.000,-44.843,1.421,1.405,14.0
409,-2.487,0.500,0.000,-45.096,1.415,1.411,14.0
410,-2.487,0.501,0.000,-45.346,1.408,1.417,14.0
411,-2.487,0.501,0.000,-45.594,1.402,1.423,14.0
412,-2.487,0.501,0.000,-45.840,1.396,1.429,14.0
413,-2.487,0.501,0.000,-46.084,1.390,1.435,14.0
414,-2.488,0.502,0.000,-46.325,1.384,1.441,14.0
415,-2.488,0.502,0.000,-46.564,1.378,1.447,14.0
416,-2.488,0.502,0.000,-46.800,1.372,1.452,14.0
417,-2.488,0.502,0.000,-47.034,1.366,1.458,14.0
418,-2.488,0.502,0.000,-47.265,1.360,1.463,14.0
419,-2.488,0.503,0.000,-47.493,1.354,1.469,14.0
420,-2.488,0.503,0.000,-47.718,1.348,1.474,14.0
421,-2.488,0.503,0.000,-47.941,1.343,1.479,14.0
422,-2.488,0.503,0.000,-48.160,1.337,1.485,14.0
423,-2.488,0.504,0.000,-48.377,1.331,1.490,14.0
424,-2.488,0.504,0.000,-48.591,1.326,1.495,14.0
425,-2.488,0.504,0.000,-48.802,1.320,1.499,14.0
426,-2.488,0.504,0.000,-49.010,1.315,1.504,14.0
427,-2.488,0.504,0.000,-49.214,1.310,1.509,14.0
428,-2.488,0.504,0.000,-49.416,1.304,1.513,14.0
429,-2.488,0.505,0.000,-49.614,1.299,1.518,14.0
430,-2.488,0.505,0.000,-49.809,1.294,1.522,14.0
431,-2.488,0.505,0.000,-50.001,1.289,1.527,14.0
432,-2.488,0.505,0.000,-50.189,1.284,1.531,14.0
433,-2.488,0.505,0.000,-50.374,1.279,1.535,14.0
434,-2.488,0.505,0.000,-50.556,1.274,1.539,14.0
435,-2.488,0.506,0.000,-50.734,1.269,1.543,14.0
436,-2.488,0.506,0.000,-50.908,1.264,1.547,14.0
437,-2.488,0.506,0.000,-51.079,1.260,1.551,14.0
438,-2.488,0.506,0.000,-51.246,1.255,1.554,14.0
439,-2.488,0.506,0.000,-51.409,1.251,1.558,14.0
440,-2.488,0.506,0.000,-51.569,1.246,1.561,14.0
441,-2.488,0.506,0.000,-51.724,1.242,1.565,14.0
442,-2.488,0.507,0.000,-51.876,1.238,1.568,14.0
443,-2.488,0.507,0.000,-52.024,1.234,1.571,14.0
444,-2.488,0.507,0.000,-52.168,1.230,1.574,14.0
445,-2.488,0.507,0.000,-52.308,1.226,1.577,14.0
446,-2.488,0.507,0.000,-52.444,1.222,1.580,14.0
447,-2.488,0.507,0.000,-52.576,1.219,1.583,14.0
448,-2.488,0.507,0.000,-52.704,1.215,1.586,14.0
449,-2.488,0.507,0.000,-52.828,1.212,1.588,14.0
450,-2.488,0.508,0.000,-52.947,1.209,1.591,14.0
451,-2.488,0.508,0.000,-53.063,1.205,1.593,14.0
452,-2.488,0.508,0.000,-53.176,1.202,1.596,14.0
453,-2.488,0.508,0.000,-53.291,1.199,1.598,14.0
454,-2.488,0.508,0.000,-53.406,1.196,1.601,14.0
455,-2.488,0.508,0.000,-53.521,1.193,1.603,14.0
456,-2.488,0.508,0.000,-53.637,1.189,1.605,14.0
457,-2.488,0.508,0.000,-53.753,1.186,1.608,14.0
458,-2.488,0.508,0.000,-53.871,1.183,1.610,14.0
459,-2.488,0.508,0.000,-53.988,1.179,1.613,14.0
460,-2.488,0.509,0.000,-54.106,1.176,1.615,14.0
461,-2.488,0.509,0.000,-54.225,1.173,1.617,14.0
462,-2.488,0.509,0.000,-54.344,1.169,1.620,14.0
463,-2.488,0.509,0.000,-54.464,1.166,1.622,14.0
464,-2.488,0.509,0.000,-54.585,1.163,1.625,14.0
465,-2.488,0.509,0.000,-54.707,1.159,1.627,14.0
466,-2.488,0.509,0.000,-54.829,1.156,1.630,14.0
467,-2.488,0.509,0.000,-54.952,1.152,1.632,14.0
468,-2.488,0.509,0.000,-55.076,1.149,1.635,14.0
469,-2.488,0.509,0.000,-55.200,1.145,1.637,14.0
470,-2.488,0.509,0.000,-55.326,1.141,1.640,14.0
471,-2.488,0.509,0.000,-55.453,1.138,1.642,14.0
472,-2.487,0.509,0.000,-55.580,1.134,1.645,14.0
473,-2.487,0.509,0.000,-55.708,1.130,1.647,14.0
474,-2.487,0.509,0.000,-55.838,1.127,1.650,14.0
475,-2.487,0.509,0.000,-55.968,1.123,1.652,14.0
476,-2.487,0.509,0.000,-56.099,1.119,1.655,14.0
477,-2.487,0.509,0.000,-56.232,1.115,1.658,14.0
478,-2.487,0.509,0.000,-56.365,1.112,1.660,14.0
479,-2.487,0.509,0.000,-56.500,1.108,1.663,14.0
480,-2.487,0.509,0.000,-56.635,1.104,1.665,14.0
481,-2.487,0.509,0.000,-56.772,1.100,1.668,14.0
482,-2.487,0.509,0.000,-56.910,1.096,1.671,14.0
483,-2.486,0.509,0.000,-57.048,1.092,1.673,14.0
484,-2.486,0.509,0.000,-57.188,1.088,1.676,14.0
485,-2.486,0.509,0.000,-57.328,1.083,1.679,14.0
486,-2.486,0.509,0.000,-57.470,1.079,1.681,14.0
487,-2.486,0.509,0.000,-57.613,1.075,1.684,14.0
488,-2.486,0.509,0.000,-57.756,1.071,1.687,14.0
489,-2.486,0.509,0.000,-57.901,1.067,1.689,14.0
490,-2.486,0.509,0.000,-58.046,1.062,1.692,14.0
491,-2.486,0.509,0.000,-58.193,1.058,1.695,14.0
492,-2.486,0.509,0.000,-58.340,1.054,1.697,14.0
493,-2.485,0.509,0.000,-58.488,1.049,1.700,14.0
494,-2.485,0.509,0.000,-58.637,1.045,1.703,14.0
495,-2.485,0.509,0.000,-58.787,1.040,1.706,14.0
496,-2.485,0.509,0.000,-58.937,1.036,1.708,14.0
497,-2.485,0.509,0.000,-59.088,1.031,1.711,14.0
498,-2.485,0.509,0.000,-59.238,1.027,1.714,14.0
499,-2.485,0.508,0.000,-59.388,1.022,1.716,14.0
500,-2.485,0.508,0.000,-59.539,1.018,1.719,14.0
501,-2.484,0.508,0.000,-59.689,1.013,1.722,14.0
502,-2.484,0.508,0.000,-59.841,1.009,1.724,14.0
503,-2.484,0.508,0.000,-59.992,1.004,1.727,14.0
504,-2.484,0.508,0.000,-60.145,1.000,1.730,14.0
505,-2.484,0.508,0.000,-60.297,0.995,1.732,14.0
506,-2.484,0.508,0.000,-60.451,0.990,1.735,14.0
507,-2.484,0.508,0.000,-60.605,0.986,1.738,14.0
508,-2.483,0.508,0.000,-60.760,0.981,1.740,14.0
509,-2.483,0.507,0.000,-60.916,0.976,1.743,14.0
510,-2.483,0.507,0.000,-61.073,0.972,1.746,14.0
511,-2.483,0.507,0.000,-61.230,0.967,1.748,14.0
512,-2.483,0.507,0.000,-61.387,0.962,1.751,14.0
513,-2.483,0.507,0.000,-61.545,0.957,1.754,14.0
514,-2.483,0.507,0.000,-61.703,0.952,1.756,14.0
515,-2.482,0.507,0.000,-61.862,0.947,1.759,14.0
516,-2.482,0.507,0.000,-62.021,0.942,1.762,14.0
517,-2.482,0.507,0.000,-62.180,0.938,1.764,14.0
518,-2.482,0.507,0.000,-62.339,0.933,1.767,14.0
519,-2.482,0.507,0.000,-62.499,0.928,1.769,14.0
520,-2.482,0.507,0.000,-62.658,0.923,1.772,14.0
521,-2.482,0.507,0.000,-62.818,0.918,1.775,14.0
522,-2.482,0.507,0.000,-62.977,0.913,1.777,14.0
523,-2.482,0.507,0.000,-63.137,0.908,1.780,14.0
524,-2.482,0.507,0.000,-63.296,0.903,1.782,14.0
525,-2.482,0.507,0.000,-63.455,0.898,1.785,14.0
526,-2.481,0.507,0.000,-63.614,0.893,1.787,14.0
527,-2.481,0.507,0.000,-63.773,0.888,1.790,14.0
528,-2.481,0.507,0.000,-63.932,0.883,1.792,14.0
529,-2.481,0.507,0.000,-64.091,0.878,1.794,14.0
530,-2.481,0.507,0.000,-64.250,0.873,1.797,14.0
531,-2.481,0.507,0.000,-64.409,0.868,1.799,14.0
532,-2.481,0.507,0.000,-64.567,0.863,1.802,14.0
533,-2.481,0.507,0.000,-64.726,0.858,1.804,14.0
534,-2.481,0.508,0.000,-64.884,0.853,1.806,14.0
535,-2.481,0.508,0.000,-65.042,0.848,1.809,14.0
536,-2.481,0.508,0.000,-65.201,0.843,1.811,14.0
537,-2.481,0.508,0.000,-65.359,0.838,1.813,14.0
538,-2.481,0.508,0.000,-65.516,0.833,1.816,14.0
539,-2.481,0.508,0.000,-65.674,0.828,1.818,14.0
540,-2.481,0.508,0.000,-65.831,0.823,1.820,14.0
541,-2.481,0.508,0.000,-65.988,0.818,1.823,14.0
542,-2.481,0.509,0.000,-66.145,0.813,1.825,14.0
543,-2.481,0.509,0.000,-66.302,0.808,1.827,14.0
544,-2.480,0.509,0.000,-66.458,0.803,1.829,14.0
545,-2.480,0.509,0.000,-66.614,0.798,1.831,14.0
546,-2.480,0.509,0.000,-66.770,0.793,1.834,14.0
547,-2.480,0.509,0.000,-66.925,0.788,1.836,14.0
548,-2.480,0.509,0.000,-67.081,0.783,1.838,14.0
549,-2.480,0.509,0.000,-67.234,0.778,1.840,14.0
550,-2.480,0.510,0.000,-67.383,0.774,1.842,14.0
551,-2.480,0.510,0.000,-67.528,0.769,1.844,14.0
552,-2.480,0.510,0.000,-67.669,0.764,1.846,14.0
553,-2.480,0.510,0.000,-67.807,0.760,1.848,14.0
554,-2.480,0.510,0.000,-67.941,0.756,1.849,14.0
555,-2.480,0.510,0.000,-68.072,0.751,1.851,14.0
556,-2.480,0.510,0.000,-68.200,0.747,1.853,14.0
557,-2.480,0.510,0.000,-68.326,0.743,1.854,14.0
558,-2.480,0.510,0.000,-68.448,0.739,1.856,14.0
559,-2.480,0.511,0.000,-68.567,0.735,1.858,14.0
560,-2.480,0.511,0.000,-68.683,0.732,1.859,14.0
561,-2.480,0.511,0.000,-68.797,0.728,1.860,14.0
562,-2.480,0.511,0.000,-68.907,0.724,1.862,14.0
563,-2.480,0.511,0.000,-69.015,0.721,1.863,14.0
564,-2.480,0.511,0.000,-69.119,0.718,1.865,14.0
565,-2.480,0.511,0.000,-69.221,0.714,1.866,14.0
566,-2.480,0.511,0.000,-69.319,0.711,1.867,14.0
567,-2.480,0.511,0.000,-69.414,0.708,1.868,14.0
568,-2.480,0.511,0.000,-69.506,0.705,1.869,14.0
569,-2.480,0.511,0.000,-69.595,0.702,1.870,14.0
570,-2.480,0.512,0.000,-69.680,0.699,1.871,14.0
571,-2.480,0.512,0.000,-69.762,0.697,1.872,14.0
572,-2.480,0.512,0.000,-69.841,0.694,1.873,14.0
573,-2.480,0.512,0.000,-69.917,0.691,1.874,14.0
574,-2.480,0.512,0.000,-69.990,0.689,1.875,14.0
575,-2.480,0.512,0.000,-70.059,0.687,1.876,14.0
576,-2.480,0.512,0.000,-70.125,0.685,1.877,14.0
577,-2.480,0.512,0.000,-70.188,0.683,1.878,14.0
578,-2.480,0.512,0.000,-70.248,0.681,1.878,14.0
579,-2.480,0.512,0.000,-70.306,0.679,1.879,14.0
580,-2.480,0.512,0.000,-70.360,0.677,1.880,14.0
581,-2.480,0.512,0.000,-70.412,0.675,1.880,14.0
582,-2.480,0.512,0.000,-70.461,0.674,1.881,14.0
583,-2.480,0.512,0.000,-70.507,0.672,1.881,14.0
584,-2.480,0.512,0.000,-70.551,0.671,1.882,14.0
585,-2.480,0.512,0.000,-70.593,0.669,1.882,14.0
586,-2.480,0.512,0.000,-70.632,0.668,1.883,14.0
587,-2.480,0.512,0.000,-70.669,0.667,1.883,14.0
588,-2.480,0.512,0.000,-70.703,0.666,1.884,14.0
589,-2.480,0.512,0.000,-70.735,0.665,1.884,14.0
590,-2.480,0.512,0.000,-70.764,0.664,1.884,14.0
591,-2.480,0.512,0.000,-70.792,0.663,1.885,14.0
592,-2.480,0.512,0.000,-70.817,0.662,1.885,14.0
593,-2.480,0.512,0.000,-70.839,0.661,1.885,14.0
594,-2.480,0.513,0.000,-70.860,0.661,1.885,14.0
595,-2.480,0.513,0.000,-70.878,0.660,1.886,14.0
596,-2.480,0.513,0.000,-70.894,0.659,1.886,14.0
597,-2.480,0.513,0.000,-70.908,0.659,1.886,14.0
598,-2.480,0.513,0.000,-70.919,0.659,1.886,14.0
599,-2.480,0.513,0.000,-70.929,0.658,1.886,14.0
600,-2.480,0.513,0.000,-70.936,0.658,1.886,14.0
601,-2.480,0.513,0.000,-70.941,0.658,1.886,14.0
602,-2.480,0.513,0.000,-70.945,0.658,1.886,14.0
603,-2.480,0.513,0.000,-70.946,0.658,1.886,14.0
604,-2.480,0.513,0.000,-70.945,0.658,1.886,14.0
605,-2.480,0.513,0.000,-70.943,0.658,1.886,14.0
606,-2.480,0.513,0.000,-70.939,0.658,1.886,14.0
607,-2.480,0.513,0.000,-70.932,0.658,1.886,14.0
608,-2.480,0.513,0.000,-70.924,0.658,1.886,14.0
609,-2.480,0.513,0.000,-70.915,0.659,1.886,14.0
610,-2.480,0.513,0.000,-70.903,0.659,1.886,14.0
611,-2.480,0.513,0.000,-70.890,0.660,1.886,14.0
612,-2.480,0.513,0.000,-70.876,0.660,1.886,14.0
613,-2.480,0.513,0.000,-70.859,0.661,1.885,14.0
614,-2.480,0.513,0.000,-70.842,0.661,1.885,14.0
615,-2.480,0.512,0.000,-70.822,0.662,1.885,14.0
616,-2.480,0.512,0.000,-70.802,0.662,1.885,14.0
617,-2.480,0.512,0.000,-70.779,0.663,1.885,14.0
618,-2.480,0.512,0.000,-70.756,0.664,1.884,14.0
619,-2.480,0.512,0.000,-70.731,0.665,1.884,14.0
620,-2.480,0.512,0.000,-70.704,0.666,1.884,14.0
621,-2.480,0.512,0.000,-70.677,0.667,1.883,14.0
622,-2.480,0.512,0.000,-70.648,0.668,1.883,14.0
623,-2.480,0.512,0.000,-70.617,0.669,1.883,14.0
624,-2.480,0.512,0.000,-70.586,0.670,1.882,14.0
625,-2.480,0.512,0.000,-70.553,0.671,1.882,14.0
626,-2.480,0.512,0.000,-70.519,0.672,1.881,14.0
627,-2.480,0.512,0.000,-70.483,0.673,1.881,14.0
628,-2.480,0.512,0.000,-70.447,0.674,1.881,14.0
629,-2.480,0.512,0.000,-70.409,0.675,1.880,14.0
630,-2.480,0.512,0.000,-70.371,0.677,1.880,14.0
631,-2.480,0.512,0.000,-70.331,0.678,1.879,14.0
632,-2.480,0.512,0.000,-70.290,0.679,1.879,14.0
633,-2.480,0.512,0.000,-70.248,0.681,1.878,14.0
634,-2.480,0.512,0.000,-70.205,0.682,1.878,14.0
635,-2.480,0.512,0.000,-70.161,0.684,1.877,14.0
636,-2.480,0.512,0.000,-70.116,0.685,1.877,14.0
637,-2.480,0.512,0.000,-70.070,0.686,1.876,14.0
638,-2.480,0.512,0.000,-70.023,0.688,1.876,14.0
639,-2.480,0.512,0.000,-69.975,0.690,1.875,14.0
640,-2.480,0.512,0.000,-69.926,0.691,1.874,14.0
641,-2.480,0.512,0.000,-69.876,0.693,1.874,14.0
642,-2.481,0.512,0.000,-69.825,0.694,1.873,14.0
643,-2.481,0.512,0.000,-69.774,0.696,1.873,14.0
644,-2.481,0.512,0.000,-69.722,0.698,1.872,14.0
645,-2.481,0.512,0.000,-69.668,0.700,1.871,14.0
646,-2.481,0.512,0.000,-69.614,0.701,1.871,14.0
647,-2.481,0.511,0.000,-69.560,0.703,1.870,14.0
648,-2.481,0.511,0.000,-69.504,0.705,1.869,14.0
649,-2.481,0.511,0.000,-69.448,0.707,1.869,14.0
650,-2.481,0.511,0.000,-69.391,0.709,1.868,14.0
651,-2.481,0.511,0.000,-69.333,0.711,1.867,14.0
652,-2.481,0.511,0.000,-69.275,0.712,1.866,14.0
653,-2.481,0.511,0.000,-69.215,0.714,1.866,14.0
654,-2.481,0.511,0.000,-69.156,0.716,1.865,14.0
655,-2.481,0.511,0.000,-69.095,0.718,1.864,14.0
656,-2.481,0.511,0.000,-69.034,0.720,1.863,14.0
657,-2.481,0.511,0.000,-68.972,0.722,1.863,14.0
658,-2.481,0.511,0.000,-68.910,0.724,1.862,14.0
659,-2.481,0.511,0.000,-68.847,0.726,1.861,14.0
660,-2.481,0.511,0.000,-68.783,0.728,1.860,14.0
661,-2.481,0.511,0.000,-68.719,0.731,1.859,14.0
662,-2.481,0.511,0.000,-68.654,0.733,1.859,14.0
663,-2.481,0.511,0.000,-68.589,0.735,1.858,14.0
664,-2.481,0.511,0.000,-68.523,0.737,1.857,14.0
665,-2.481,0.511,0.000,-68.456,0.739,1.856,14.0
666,-2.481,0.511,0.000,-68.389,0.741,1.855,14.0
667,-2.481,0.510,0.000,-68.322,0.743,1.854,14.0
668,-2.481,0.510,0.000,-68.254,0.746,1.853,14.0
669,-2.481,0.510,0.000,-68.185,0.748,1.853,14.0
670,-2.481,0.510,0.000,-68.116,0.750,1.852,14.0
671,-2.481,0.510,0.000,-68.047,0.752,1.851,14.0
672,-2.481,0.510,0.000,-67.977,0.755,1.850,14.0
673,-2.481,0.510,0.000,-67.906,0.757,1.849,14.0
674,-2.481,0.510,0.000,-67.836,0.759,1.848,14.0
675,-2.481,0.510,0.000,-67.764,0.761,1.847,14.0
676,-2.481,0.510,0.000,-67.693,0.764,1.846,14.0
677,-2.481,0.510,0.000,-67.621,0.766,1.845,14.0
678,-2.481,0.510,0.000,-67.548,0.768,1.844,14.0
679,-2.481,0.510,0.000,-67.476,0.771,1.843,14.0
680,-2.481,0.510,0.000,-67.402,0.773,1.842,14.0
681,-2.481,0.510,0.000,-67.329,0.775,1.841,14.0
682,-2.481,0.510,0.000,-67.255,0.778,1.840,14.0
683,-2.481,0.510,0.000,-67.181,0.780,1.839,14.0
684,-2.481,0.509,0.000,-67.106,0.783,1.838,14.0
685,-2.481,0.509,0.000,-67.031,0.785,1.837,14.0
686,-2.482,0.509,0.000,-66.956,0.787,1.836,14.0
687,-2.482,0.509,0.000,-66.881,0.790,1.835,14.0
688,-2.482,0.509,0.000,-66.805,0.792,1.834,14.0
689,-2.482,0.509,0.000,-66.729,0.795,1.833,14.0
690,-2.482,0.509,0.000,-66.653,0.797,1.832,14.0
691,-2.482,0.509,0.000,-66.576,0.800,1.831,14.0
692,-2.482,0.509,0.000,-66.499,0.802,1.830,14.0
693,-2.482,0.509,0.000,-66.422,0.804,1.829,14.0
694,-2.482,0.509,0.000,-66.345,0.807,1.828,14.0
695,-2.482,0.509,0.000,-66.267,0.809,1.827,14.0
696,-2.482,0.509,0.000,-66.189,0.812,1.825,14.0
697,-2.482,0.509,0.000,-66.111,0.814,1.824,14.0
698,-2.482,0.509,0.000,-66.033,0.817,1.823,14.0
699,-2.482,0.508,0.000,-65.954,0.819,1.822,14.0
700,-2.482,0.508,0.000,-65.876,0.822,1.821,14.0
701,-2.482,0.508,0.000,-65.797,0.824,1.820,14.0
702,-2.482,0.508,0.000,-65.718,0.827,1.819,14.0
703,-2.482,0.508,0.000,-65.639,0.829,1.818,14.0
704,-2.482,0.508,0.000,-65.560,0.832,1.816,14.0
705,-2.482,0.508,0.000,-65.480,0.834,1.815,14.0
706,-2.482,0.508,0.000,-65.401,0.837,1.814,14.0
707,-2.482,0.508,0.000,-65.321,0.839,1.813,14.0
708,-2.482,0.508,0.000,-65.241,0.842,1.812,14.0
709,-2.482,0.508,0.000,-65.161,0.845,1.811,14.0
710,-2.482,0.508,0.000,-65.081,0.847,1.809,14.0
711,-2.482,0.508,0.000,-65.001,0.850,1.808,14.0
712,-2.482,0.508,0.000,-64.921,0.852,1.807,14.0
713,-2.482,0.508,0.000,-64.840,0.855,1.806,14.0
714,-2.482,0.507,0.000,-64.760,0.857,1.805,14.0
715,-2.482,0.507,0.000,-64.680,0.860,1.803,14.0
716,-2.482,0.507,0.000,-64.599,0.862,1.802,14.0
717,-2.482,0.507,0.000,-64.519,0.865,1.801,14.0
718,-2.482,0.507,0.000,-64.438,0.867,1.800,14.0
719,-2.482,0.507,0.000,-64.357,0.870,1.799,14.0
720,-2.482,0.507,0.000,-64.277,0.872,1.797,14.0
721,-2.482,0.507,0.000,-64.196,0.875,1.796,14.0
722,-2.482,0.507,0.000,-64.115,0.877,1.795,14.0
723,-2.482,0.507,0.000,-64.034,0.880,1.794,14.0
724,-2.482,0.507,0.000,-63.954,0.883,1.792,14.0
725,-2.482,0.507,0.000,-63.873,0.885,1.791,14.0
726,-2.483,0.507,0.000,-63.792,0.888,1.790,14.0
727,-2.483,0.507,0.000,-63.711,0.890,1.789,14.0
728,-2.483,0.507,0.000,-63.631,0.893,1.787,14.0
729,-2.483,0.506,0.000,-63.550,0.895,1.786,14.0
730,-2.483,0.506,0.000,-63.469,0.898,1.785,14.0
731,-2.483,0.506,0.000,-63.389,0.900,1.784,14.0
732,-2.483,0.506,0.000,-63.308,0.903,1.782,14.0
733,-2.483,0.506,0.000,-63.228,0.905,1.781,14.0
734,-2.483,0.506,0.000,-63.148,0.908,1.780,14.0
735,-2.483,0.506,0.000,-63.067,0.910,1.778,14.0
736,-2.483,0.506,0.000,-62.987,0.913,1.777,14.0
737,-2.483,0.506,0.000,-62.907,0.915,1.776,14.0
738,-2.483,0.506,0.000,-62.827,0.918,1.775,14.0
739,-2.483,0.506,0.000,-62.747,0.920,1.773,14.0
740,-2.483,0.506,0.000,-62.667,0.923,1.772,14.0
741,-2.483,0.506,0.000,-62.587,0.925,1.771,14.0
742,-2.483,0.506,0.000,-62.508,0.927,1.770,14.0
743,-2.483,0.506,0.000,-62.428,0.930,1.768,14.0
744,-2.483,0.506,0.000,-62.349,0.932,1.767,14.0
745,-2.483,0.506,0.000,-62.269,0.935,1.766,14.0
746,-2.483,0.506,0.000,-62.190,0.937,1.764,14.0
747,-2.483,0.505,0.000,-62.111,0.940,1.763,14.0
748,-2.483,0.505,0.000,-62.032,0.942,1.762,14.0
749,-2.483,0.505,0.000,-61.954,0.945,1.760,14.0
750,-2.483,0.505,0.000,-61.875,0.947,1.759,14.0
751,-2.483,0.505,0.000,-61.797,0.949,1.758,14.0
752,-2.483,0.505,0.000,-61.718,0.952,1.757,14.0
753,-2.483,0.505,0.000,-61.640,0.954,1.755,14.0
754,-2.483,0.505,0.000,-61.562,0.957,1.754,14.0
755,-2.483,0.505,0.000,-61.484,0.959,1.753,14.0
756,-2.483,0.505,0.000,-61.407,0.961,1.751,14.0
757,-2.483,0.505,0.000,-61.329,0.964,1.750,14.0
758,-2.483,0.505,0.000,-61.252,0.966,1.749,14.0
759,-2.484,0.505,0.000,-61.175,0.968,1.747,14.0
760,-2.484,0.505,0.000,-61.098,0.971,1.746,14.0
761,-2.484,0.505,0.000,-61.021,0.973,1.745,14.0
762,-2.484,0.505,0.000,-60.945,0.975,1.744,14.0
763,-2.484,0.505,0.000,-60.868,0.978,1.742,14.0
764,-2.484,0.505,0.000,-60.792,0.980,1.741,14.0
765,-2.484,0.505,0.000,-60.716,0.982,1.740,14.0
766,-2.484,0.505,0.000,-60.640,0.985,1.738,14.0
767,-2.484,0.505,0.000,-60.565,0.987,1.737,14.0
768,-2.484,0.505,0.000,-60.489,0.989,1.736,14.0
769,-2.484,0.504,0.000,-60.414,0.992,1.734,14.0
770,-2.484,0.504,0.000,-60.339,0.994,1.733,14.0
771,-2.484,0.504,0.000,-60.265,0.996,1.732,14.0
772,-2.484,0.504,0.000,-60.190,0.998,1.731,14.0
773,-2.484,0.504,0.000,-60.116,1.001,1.729,14.0
774,-2.484,0.504,0.000,-60.042,1.003,1.728,14.0
775,-2.484,0.504,0.000,-59.968,1.005,1.727,14.0
776,-2.484,0.504,0.000,-59.894,1.007,1.725,14.0
777,-2.484,0.504,0.000,-59.821,1.009,1.724,14.0
778,-2.484,0.504,0.000,-59.748,1.012,1.723,14.0
779,-2.484,0.504,0.000,-59.675,1.014,1.722,14.0
780,-2.484,0.504,0.000,-59.602,1.016,1.720,14.0
781,-2.484,0.504,0.000,-59.530,1.018,1.719,14.0
782,-2.484,0.504,0.000,-59.458,1.020,1.718,14.0
783,-2.484,0.504,0.000,-59.386,1.022,1.716,14.0
784,-2.484,0.504,0.000,-59.314,1.025,1.715,14.0
785,-2.484,0.504,0.000,-59.243,1.027,1.714,14.0
786,-2.484,0.504,0.000,-59.171,1.029,1.713,14.0
787,-2.485,0.504,0.000,-59.100,1.031,1.711,14.0
788,-2.485,0.504,0.000,-59.030,1.033,1.710,14.0
789,-2.485,0.504,0.000,-58.959,1.035,1.709,14.0
790,-2.485,0.504,0.000,-58.889,1.037,1.707,14.0
791,-2.485,0.504,0.000,-58.819,1.039,1.706,14.0
792,-2.485,0.504,0.000,-58.750,1.041,1.705,14.0
793,-2.485,0.504,0.000,-58.680,1.044,1.704,14.0
794,-2.485,0.504,0.000,-58.611,1.046,1.702,14.0
795,-2.485,0.504,0.000,-58.542,1.048,1.701,14.0
796,-2.485,0.504,0.000,-58.474,1.050,1.700,14.0
797,-2.485,0.504,0.000,-58.405,1.052,1.699,14.0
798,-2.485,0.504,0.000,-58.337,1.054,1.697,14.0
799,-2.485,0.504,0.000,-58.269,1.056,1.696,14.0
800,-2.485,0.504,0.000,-58.202,1.058,1.695,14.0
801,-2.485,0.503,0.000,-58.135,1.060,1.694,14.0
802,-2.485,0.503,0.000,-58.068,1.062,1.692,14.0
803,-2.485,0.503,0.000,-58.001,1.064,1.691,14.0
804,-2.485,0.503,0.000,-57.935,1.066,1.690,14.0
805,-2.485,0.503,0.000,-57.869,1.068,1.689,14.0
806,-2.485,0.503,0.000,-57.803,1.070,1.687,14.0
807,-2.485,0.503,0.000,-57.737,1.071,1.686,14.0
808,-2.485,0.503,0.000,-57.672,1.073,1.685,14.0
809,-2.485,0.503,0.000,-57.607,1.075,1.684,14.0
810,-2.485,0.503,0.000,-57.542,1.077,1.683,14.0
811,-2.485,0.503,0.000,-57.478,1.079,1.681,14.0
812,-2.485,0.503,0.000,-57.414,1.081,1.680,14.0
813,-2.486,0.503,0.000,-57.350,1.083,1.679,14.0
814,-2.486,0.503,0.000,-57.286,1.085,1.678,14.0
815,-2.486,0.503,0.000,-57.223,1.087,1.677,14.0
816,-2.486,0.503,0.000,-57.160,1.088,1.675,14.0
817,-2.486,0.503,0.000,-57.098,1.090,1.674,14.0
818,-2.486,0.503,0.000,-57.035,1.092,1.673,14.0
819,-2.486,0.503,0.000,-56.973,1.094,1.672,14.0
820,-2.486,0.503,0.000,-56.911,1.096,1.671,14.0
821,-2.486,0.503,0.000,-56.850,1.097,1.669,14.0
822,-2.486,0.503,0.000,-56.789,1.099,1.668,14.0
823,-2.486,0.503,0.000,-56.728,1.101,1.667,14.0
824,-2.486,0.503,0.000,-56.667,1.103,1.666,14.0
825,-2.486,0.503,0.000,-56.607,1.105,1.665,14.0
826,-2.486,0.503,0.000,-56.547,1.106,1.664,14.0
827,-2.486,0.503,0.000,-56.487,1.108,1.662,14.0
828,-2.486,0.503,0.000,-56.428,1.110,1.661,14.0
829,-2.486,0.503,0.000,-56.369,1.111,1.660,14.0
830,-2.486,0.503,0.000,-56.310,1.113,1.659,14.0
831,-2.486,0.503,0.000,-56.252,1.115,1.658,14.0
832,-2.486,0.503,0.000,-56.193,1.116,1.657,14.0
833,-2.486,0.503,0.000,-56.136,1.118,1.656,14.0
834,-2.486,0.503,0.000,-56.078,1.120,1.655,14.0
835,-2.486,0.503,0.000,-56.021,1.121,1.653,14.0
836,-2.486,0.503,0.000,-55.964,1.123,1.652,14.0
837,-2.486,0.503,0.000,-55.907,1.125,1.651,14.0
838,-2.486,0.503,0.000,-55.851,1.126,1.650,14.0
839,-2.486,0.503,0.000,-55.795,1.128,1.649,14.0
840,-2.486,0.503,0.000,-55.739,1.130,1.648,14.0
841,-2.487,0.503,0.000,-55.684,1.131,1.647,14.0
842,-2.487,0.503,0.000,-55.628,1.133,1.646,14.0
843,-2.487,0.503,0.000,-55.574,1.134,1.645,14.0
844,-2.487,0.503,0.000,-55.519,1.136,1.644,14.0
845,-2.487,0.503,0.000,-55.465,1.137,1.642,14.0
846,-2.487,0.503,0.000,-55.411,1.139,1.641,14.0
847,-2.487,0.503,0.000,-55.357,1.141,1.640,14.0
848,-2.487,0.503,0.000,-55.304,1.142,1.639,14.0
849,-2.487,0.503,0.000,-55.251,1.144,1.638,14.0
850,-2.487,0.503,0.000,-55.198,1.145,1.637,14.0
851,-2.487,0.503,0.000,-55.146,1.147,1.636,14.0
852,-2.487,0.503,0.000,-55.094,1.148,1.635,14.0
853,-2.487,0.503,0.000,-55.042,1.150,1.634,14.0
854,-2.487,0.503,0.000,-54.991,1.151,1.633,14.0
855,-2.487,0.503,0.000,-54.940,1.152,1.632,14.0
856,-2.487,0.502,0.000,-54.889,1.154,1.631,14.0
857,-2.487,0.502,0.000,-54.838,1.155,1.630,14.0
858,-2.487,0.502,0.000,-54.788,1.157,1.629,14.0
859,-2.487,0.502,0.000,-54.738,1.158,1.628,14.0
860,-2.487,0.502,0.000,-54.688,1.160,1.627,14.0
861,-2.487,0.502,0.000,-54.639,1.161,1.626,14.0
862,-2.487,0.502,0.000,-54.590,1.162,1.625,14.0
863,-2.487,0.502,0.000,-54.541,1.164,1.624,14.0
864,-2.487,0.502,0.000,-54.493,1.165,1.623,14.0
865,-2.487,0.502,0.000,-54.445,1.167,1.622,14.0
866,-2.487,0.502,0.000,-54.397,1.168,1.621,14.0
867,-2.487,0.502,0.000,-54.349,1.169,1.620,14.0
868,-2.487,0.502,0.000,-54.302,1.171,1.619,14.0
869,-2.487,0.502,0.000,-54.255,1.172,1.618,14.0
870,-2.487,0.502,0.000,-54.209,1.173,1.617,14.0
871,-2.488,0.502,0.000,-54.162,1.175,1.616,14.0
872,-2.488,0.502,0.000,-54.116,1.176,1.615,14.0
873,-2.488,0.502,0.000,-54.071,1.177,1.614,14.0
874,-2.488,0.502,0.000,-54.025,1.178,1.613,14.0
875,-2.488,0.502,0.000,-53.980,1.180,1.612,14.0
876,-2.488,0.502,0.000,-53.935,1.181,1.612,14.0
877,-2.488,0.502,0.000,-53.891,1.182,1.611,14.0
878,-2.488,0.502,0.000,-53.847,1.183,1.610,14.0
879,-2.488,0.502,0.000,-53.803,1.185,1.609,14.0
880,-2.488,0.502,0.000,-53.759,1.186,1.608,14.0
881,-2.488,0.502,0.000,-53.716,1.187,1.607,14.0
882,-2.488,0.502,0.000,-53.673,1.188,1.606,14.0
883,-2.488,0.502,0.000,-53.630,1.189,1.605,14.0
884,-2.488,0.502,0.000,-53.588,1.191,1.604,14.0
885,-2.488,0.502,0.000,-53.545,1.192,1.603,14.0
886,-2.488,0.502,0.000,-53.504,1.193,1.603,14.0
887,-2.488,0.502,0.000,-53.462,1.194,1.602,14.0
888,-2.488,0.502,0.000,-53.421,1.195,1.601,14.0
889,-2.488,0.502,0.000,-53.380,1.196,1.600,14.0
890,-2.488,0.502,0.000,-53.339,1.198,1.599,14.0
891,-2.488,0.502,0.000,-53.299,1.199,1.598,14.0
892,-2.488,0.502,0.000,-53.259,1.200,1.597,14.0
893,-2.488,0.502,0.000,-53.219,1.201,1.597,14.0
894,-2.488,0.502,0.000,-53.179,1.202,1.596,14.0
895,-2.488,0.502,0.000,-53.140,1.203,1.595,14.0
896,-2.488,0.502,0.000,-53.101,1.204,1.594,14.0
897,-2.488,0.502,0.000,-53.062,1.205,1.593,14.0
898,-2.488,0.502,0.000,-53.024,1.206,1.593,14.0
899,-2.488,0.502,0.000,-52.986,1.207,1.592,14.0
900,-2.488,0.502,0.000,-52.948,1.209,1.591,14.0
901,-2.488,0.502,0.000,-52.911,1.210,1.590,14.0
902,-2.488,0.502,0.000,-52.873,1.211,1.589,14.0
903,-2.488,0.502,0.000,-52.836,1.212,1.589,14.0
904,-2.488,0.502,0.000,-52.800,1.213,1.588,14.0
905,-2.488,0.502,0.000,-52.763,1.214,1.587,14.0
906,-2.488,0.502,0.000,-52.727,1.215,1.586,14.0
907,-2.489,0.502,0.000,-52.691,1.216,1.585,14.0
908,-2.489,0.502,0.000,-52.656,1.217,1.585,14.0
909,-2.489,0.502,0.000,-52.620,1.218,1.584,14.0
910,-2.489,0.502,0.000,-52.585,1.219,1.583,14.0
911,-2.489,0.502,0.000,-52.551,1.220,1.582,14.0
912,-2.489,0.502,0.000,-52.516,1.220,1.582,14.0
913,-2.489,0.502,0.000,-52.482,1.221,1.581,14.0
914,-2.489,0.502,0.000,-52.448,1.222,1.580,14.0
915,-2.489,0.502,0.000,-52.414,1.223,1.580,14.0
916,-2.489,0.502,0.000,-52.381,1.224,1.579,14.0
917,-2.489,0.502,0.000,-52.348,1.225,1.578,14.0
918,-2.489,0.502,0.000,-52.315,1.226,1.577,14.0
919,-2.489,0.502,0.000,-52.282,1.227,1.577,14.0
920,-2.489,0.502,0.000,-52.250,1.228,1.576,14.0
921,-2.489,0.502,0.000,-52.218,1.229,1.575,14.0
922,-2.489,0.502,0.000,-52.186,1.230,1.575,14.0
923,-2.489,0.502,0.000,-52.154,1.230,1.574,14.0
924,-2.489,0.502,0.000,-52.123,1.231,1.573,14.0
925,-2.489,0.502,0.000,-52.092,1.232,1.573,14.0
926,-2.489,0.502,0.000,-52.061,1.233,1.572,14.0
927,-2.489,0.502,0.000,-52.031,1.234,1.571,14.0
928,-2.489,0.502,0.000,-52.001,1.235,1.571,14.0
929,-2.489,0.502,0.000,-51.971,1.235,1.570,14.0
930,-2.489,0.502,0.000,-51.941,1.236,1.569,14.0
931,-2.489,0.502,0.000,-51.911,1.237,1.569,14.0
932,-2.489,0.502,0.000,-51.882,1.238,1.568,14.0
933,-2.489,0.502,0.000,-51.853,1.239,1.568,14.0
934,-2.489,0.502,0.000,-51.824,1.239,1.567,14.0
935,-2.489,0.502,0.000,-51.796,1.240,1.566,14.0
936,-2.489,0.502,0.000,-51.768,1.241,1.566,14.0
937,-2.489,0.502,0.000,-51.740,1.242,1.565,14.0
938,-2.489,0.502,0.000,-51.712,1.243,1.564,14.0
939,-2.489,0.502,0.000,-51.684,1.243,1.564,14.0
940,-2.489,0.502,0.000,-51.657,1.244,1.563,14.0
941,-2.489,0.502,0.000,-51.630,1.245,1.563,14.0
942,-2.489,0.502,0.000,-51.603,1.246,1.562,14.0
943,-2.489,0.502,0.000,-51.577,1.246,1.562,14.0
944,-2.489,0.502,0.000,-51.550,1.247,1.561,14.0
945,-2.489,0.502,0.000,-51.524,1.248,1.560,14.0
946,-2.489,0.502,0.000,-51.498,1.248,1.560,14.0
947,-2.489,0.502,0.000,-51.473,1.249,1.559,14.0
948,-2.489,0.502,0.000,-51.447,1.250,1.559,14.0
949,-2.489,0.502,0.000,-51.422,1.250,1.558,14.0
950,-2.489,0.502,0.000,-51.397,1.251,1.558,14.0
951,-2.489,0.502,0.000,-51.373,1.252,1.557,14.0
952,-2.489,0.502,0.000,-51.348,1.252,1.557,14.0
953,-2.490,0.502,0.000,-51.324,1.253,1.556,14.0
954,-2.490,0.502,0.000,-51.300,1.254,1.556,14.0
955,-2.490,0.502,0.000,-51.276,1.254,1.555,14.0
956,-2.490,0.502,0.000,-51.253,1.255,1.554,14.0
957,-2.490,0.502,0.000,-51.229,1.256,1.554,14.0
958,-2.490,0.502,0.000,-51.206,1.256,1.553,14.0
959,-2.490,0.502,0.000,-51.184,1.257,1.553,14.0
960,-2.490,0.502,0.000,-51.161,1.258,1.552,14.0
961,-2.490,0.502,0.000,-51.138,1.258,1.552,14.0
962,-2.490,0.502,0.000,-51.116,1.259,1.551,14.0
963,-2.490,0.502,0.000,-51.094,1.259,1.551,14.0
964,-2.490,0.502,0.000,-51.072,1.260,1.551,14.0
965,-2.490,0.502,0.000,-51.051,1.261,1.550,14.0
966,-2.490,0.502,0.000,-51.030,1.261,1.550,14.0
967,-2.490,0.502,0.000,-51.008,1.262,1.549,14.0
968,-2.490,0.502,0.000,-50.987,1.262,1.549,14.0
969,-2.490,0.502,0.000,-50.967,1.263,1.548,14.0
970,-2.490,0.502,0.000,-50.946,1.263,1.548,14.0
971,-2.490,0.502,0.000,-50.926,1.264,1.547,14.0
972,-2.490,0.502,0.000,-50.906,1.264,1.547,14.0
973,-2.490,0.502,0.000,-50.886,1.265,1.546,14.0
974,-2.490,0.502,0.000,-50.866,1.266,1.546,14.0
975,-2.490,0.502,0.000,-50.847,1.266,1.546,14.0
976,-2.490,0.502,0.000,-50.827,1.267,1.545,14.0
977,-2.490,0.502,0.000,-50.808,1.267,1.545,14.0
978,-2.490,0.502,0.000,-50.790,1.268,1.544,14.0
979,-2.490,0.502,0.000,-50.771,1.268,1.544,14.0
980,-2.490,0.502,0.000,-50.752,1.269,1.543,14.0
981,-2.490,0.502,0.000,-50.734,1.269,1.543,14.0
982,-2.490,0.502,0.000,-50.716,1.270,1.543,14.0
983,-2.490,0.502,0.000,-50.698,1.270,1.542,14.0
984,-2.490,0.502,0.000,-50.680,1.271,1.542,14.0
985,-2.490,0.502,0.000,-50.663,1.271,1.541,14.0
986,-2.490,0.502,0.000,-50.645,1.271,1.541,14.0
987,-2.490,0.502,0.000,-50.628,1.272,1.541,14.0
988,-2.490,0.502,0.000,-50.611,1.272,1.540,14.0
989,-2.490,0.502,0.000,-50.594,1.273,1.540,14.0
990,-2.490,0.502,0.000,-50.578,1.273,1.540,14.0
991,-2.490,0.502,0.000,-50.561,1.274,1.539,14.0
992,-2.490,0.502,0.000,-50.545,1.274,1.539,14.0
993,-2.490,0.502,0.000,-50.529,1.275,1.538,14.0
994,-2.490,0.502,0.000,-50.513,1.275,1.538,14.0
995,-2.490,0.502,0.000,-50.498,1.275,1.538,14.0
996,-2.490,0.502,0.000,-50.482,1.276,1.537,14.0
997,-2.490,0.502,0.000,-50.467,1.276,1.537,14.0
998,-2.490,0.502,0.000,-50.451,1.277,1.537,14.0
999,-2.490,0.502,0.000,-50.436,1.277,1.536,14.0
1000,-2.490,0.502,0.000,-50.422,1.277,1.536,14.0
1001,-2.490,0.502,0.000,-50.407,1.278,1.536,14.0
1002,-2.490,0.502,0.000,-50.393,1.278,1.535,14.0
1003,-2.490,0.502,0.000,-50.378,1.279,1.535,14.0
1004,-2.490,0.502,0.000,-50.364,1.279,1.535,14.0
1005,-2.490,0.502,0.000,-50.350,1.279,1.535,14.0
1006,-2.490,0.502,0.000,-50.336,1.280,1.534,14.0
1007,-2.490,0.502,0.000,-50.323,1.280,1.534,14.0
1008,-2.490,0.502,0.000,-50.309,1.280,1.534,14.0
1009,-2.490,0.502,0.000,-50.296,1.281,1.533,14.0
1010,-2.490,0.502,0.000,-50.283,1.281,1.533,14.0
1011,-2.490,0.502,0.000,-50.270,1.282,1.533,14.0
1012,-2.490,0.502,0.000,-50.257,1.282,1.532,14.0
1013,-2.490,0.502,0.000,-50.244,1.282,1.532,14.0
1014,-2.490,0.502,0.000,-50.231,1.283,1.532,14.0
1015,-2.490,0.502,0.000,-50.219,1.283,1.532,14.0
1016,-2.490,0.502,0.000,-50.207,1.283,1.531,14.0
1017,-2.490,0.502,0.000,-50.195,1.284,1.531,14.0
1018,-2.490,0.502,0.000,-50.183,1.284,1.531,14.0
1019,-2.490,0.502,0.000,-50.171,1.284,1.531,14.0
1020,-2.490,0.502,0.000,-50.159,1.284,1.530,14.0
1021,-2.490,0.502,0.000,-50.148,1.285,1.530,14.0
1022,-2.490,0.502,0.000,-50.136,1.285,1.530,14.0
1023,-2.490,0.502,0.000,-50.125,1.285,1.529,14.0
1024,-2.490,0.502,0.000,-50.114,1.286,1.529,14.0
1025,-2.490,0.502,0.000,-50.103,1.286,1.529,14.0
1026,-2.490,0.502,0.000,-50.093,1.286,1.529,14.0
1027,-2.490,0.502,0.000,-50.082,1.287,1.529,14.0
1028,-2.491,0.502,0.000,-50.071,1.287,1.528,14.0
1029,-2.491,0.502,0.000,-50.061,1.287,1.528,14.0
1030,-2.491,0.502,0.000,-50.051,1.287,1.528,14.0
1031,-2.491,0.502,0.000,-50.041,1.288,1.528,14.0
1032,-2.491,0.502,0.000,-50.031,1.288,1.527,14.0
1033,-2.491,0.502,0.000,-50.021,1.288,1.527,14.0
1034,-2.491,0.502,0.000,-50.011,1.288,1.527,14.0
1035,-2.491,0.502,0.000,-50.002,1.289,1.527,14.0
1036,-2.491,0.502,0.000,-49.992,1.289,1.526,14.0
1037,-2.491,0.501,0.000,-49.983,1.289,1.526,14.0
1038,-2.491,0.501,0.000,-49.974,1.289,1.526,14.0
1039,-2.491,0.501,0.000,-49.965,1.290,1.526,14.0
1040,-2.491,0.501,0.000,-49.956,1.290,1.526,14.0
1041,-2.491,0.501,0.000,-49.947,1.290,1.525,14.0
1042,-2.491,0.501,0.000,-49.938,1.290,1.525,14.0
1043,-2.491,0.501,0.000,-49.930,1.291,1.525,14.0
1044,-2.491,0.501,0.000,-49.922,1.291,1.525,14.0
1045,-2.491,0.501,0.000,-49.913,1.291,1.525,14.0
1046,-2.491,0.501,0.000,-49.905,1.291,1.525,14.0
1047,-2.491,0.501,0.000,-49.897,1.291,1.524,14.0
1048,-2.491,0.501,0.000,-49.889,1.292,1.524,14.0
1049,-2.491,0.501,0.000,-49.881,1.292,1.524,14.0
1050,-2.491,0.501,0.000,-49.874,1.292,1.524,14.0
1051,-2.491,0.501,0.000,-49.866,1.292,1.524,14.0
1052,-2.491,0.501,0.000,-49.858,1.292,1.523,14.0
1053,-2.491,0.501,0.000,-49.851,1.293,1.523,14.0
1054,-2.491,0.501,0.000,-49.844,1.293,1.523,14.0
1055,-2.491,0.501,0.000,-49.837,1.293,1.523,14.0
1056,-2.491,0.501,0.000,-49.830,1.293,1.523,14.0
1057,-2.491,0.501,0.000,-49.823,1.293,1.523,14.0
1058,-2.491,0.501,0.000,-49.816,1.294,1.523,14.0
1059,-2.491,0.501,0.000,-49.809,1.294,1.522,14.0
1060,-2.491,0.501,0.000,-49.803,1.294,1.522,14.0
1061,-2.491,0.501,0.000,-49.796,1.294,1.522,14.0
1062,-2.491,0.501,0.000,-49.790,1.294,1.522,14.0
1063,-2.491,0.501,0.000,-49.783,1.294,1.522,14.0
1064,-2.491,0.501,0.000,-49.777,1.295,1.522,14.0
1065,-2.491,0.501,0.000,-49.771,1.295,1.522,14.0
1066,-2.491,0.501,0.000,-49.765,1.295,1.521,14.0
1067,-2.491,0.501,0.000,-49.759,1.295,1.521,14.0
1068,-2.491,0.501,0.000,-49.753,1.295,1.521,14.0
1069,-2.491,0.501,0.000,-49.748,1.295,1.521,14.0
1070,-2.491,0.501,0.000,-49.742,1.296,1.521,14.0
1071,-2.491,0.501,0.000,-49.736,1.296,1.521,14.0
1072,-2.491,0.501,0.000,-49.731,1.296,1.521,14.0
1073,-2.491,0.501,0.000,-49.726,1.296,1.520,14.0
1074,-2.491,0.501,0.000,-49.720,1.296,1.520,14.0
1075,-2.491,0.501,0.000,-49.715,1.296,1.520,14.0
1076,-2.491,0.501,0.000,-49.710,1.296,1.520,14.0
1077,-2.491,0.501,0.000,-49.705,1.297,1.520,14.0
1078,-2.491,0.501,0.000,-49.700,1.297,1.520,14.0
1079,-2.491,0.501,0.000,-49.696,1.297,1.520,14.0
1080,-2.491,0.501,0.000,-49.691,1.297,1.520,14.0
1081,-2.491,0.501,0.000,-49.686,1.297,1.520,14.0
1082,-2.491,0.501,0.000,-49.682,1.297,1.519,14.0
1083,-2.491,0.501,0.000,-49.677,1.297,1.519,14.0
1084,-2.491,0.501,0.000,-49.673,1.297,1.519,14.0
1085,-2.491,0.501,0.000,-49.669,1.298,1.519,14.0
1086,-2.491,0.501,0.000,-49.664,1.298,1.519,14.0
1087,-2.491,0.501,0.000,-49.660,1.298,1.519,14.0
1088,-2.491,0.501,0.000,-49.656,1.298,1.519,14.0
1089,-2.491,0.501,0.000,-49.652,1.298,1.519,14.0
1090,-2.491,0.501,0.000,-49.648,1.298,1.519,14.0
1091,-2.491,0.501,0.000,-49.645,1.298,1.519,14.0
1092,-2.491,0.501,0.000,-49.641,1.298,1.519,14.0
1093,-2.491,0.501,0.000,-49.637,1.298,1.518,14.0
1094,-2.491,0.501,0.000,-49.633,1.298,1.518,14.0
1095,-2.491,0.501,0.000,-49.630,1.299,1.518,14.0
1096,-2.491,0.501,0.000,-49.627,1.299,1.518,14.0
1097,-2.491,0.501,0.000,-49.623,1.299,1.518,14.0
1098,-2.491,0.501,0.000,-49.620,1.299,1.518,14.0
1099,-2.491,0.501,0.000,-49.617,1.299,1.518,14.0
1100,-2.491,0.501,0.000,-49.613,1.299,1.518,14.0
1101,-2.491,0.501,0.000,-49.610,1.299,1.518,14.0
1102,-2.491,0.501,0.000,-49.607,1.299,1.518,14.0
1103,-2.491,0.501,0.000,-49.604,1.299,1.518,14.0
1104,-2.491,0.501,0.000,-49.601,1.299,1.518,14.0
1105,-2.491,0.501,0.000,-49.599,1.299,1.518,14.0
1106,-2.491,0.501,0.000,-49.596,1.299,1.518,14.0
1107,-2.491,0.501,0.000,-49.593,1.300,1.517,14.0
1108,-2.491,0.501,0.000,-49.590,1.300,1.517,14.0
1109,-2.491,0.501,0.000,-49.588,1.300,1.517,14.0
1110,-2.491,0.501,0.000,-49.585,1.300,1.517,14.0
1111,-2.491,0.501,0.000,-49.583,1.300,1.517,14.0
1112,-2.491,0.501,0.000,-49.581,1.300,1.517,14.0
1113,-2.491,0.501,0.000,-49.578,1.300,1.517,14.0
1114,-2.491,0.501,0.000,-49.576,1.300,1.517,14.0
1115,-2.491,0.501,0.000,-49.574,1.300,1.517,14.0
1116,-2.491,0.501,0.000,-49.572,1.300,1.517,14.0
1117,-2.491,0.501,0.000,-49.569,1.300,1.517,14.0
1118,-2.491,0.501,0.000,-49.567,1.300,1.517,14.0
1119,-2.491,0.501,0.000,-49.565,1.300,1.517,14.0
1120,-2.491,0.501,0.000,-49.563,1.300,1.517,14.0
1121,-2.491,0.501,0.000,-49.562,1.300,1.517,14.0
1122,-2.491,0.501,0.000,-49.560,1.300,1.517,14.0
1123,-2.491,0.501,0.000,-49.558,1.300,1.517,14.0
1124,-2.491,0.501,0.000,-49.556,1.301,1.517,14.0
1125,-2.491,0.501,0.000,-49.554,1.301,1.517,14.0
1126,-2.491,0.501,0.000,-49.553,1.301,1.517,14.0
1127,-2.491,0.501,0.000,-49.551,1.301,1.517,14.0
1128,-2.491,0.501,0.000,-49.550,1.301,1.516,14.0
1129,-2.491,0.501,0.000,-49.548,1.301,1.516,14.0
1130,-2.491,0.501,0.000,-49.547,1.301,1.516,14.0
1131,-2.491,0.501,0.000,-49.545,1.301,1.516,14.0
1132,-2.491,0.501,0.000,-49.544,1.301,1.516,14.0
1133,-2.491,0.501,0.000,-49.543,1.301,1.516,14.0
1134,-2.491,0.501,0.000,-49.542,1.301,1.516,14.0
1135,-2.491,0.501,0.000,-49.540,1.301,1.516,14.0
1136,-2.491,0.501,0.000,-49.539,1.301,1.516,14.0
1137,-2.491,0.501,0.000,-49.538,1.301,1.516,14.0
1138,-2.491,0.501,0.000,-49.537,1.301,1.516,14.0
1139,-2.491,0.501,0.000,-49.536,1.301,1.516,14.0
1140,-2.491,0.501,0.000,-49.535,1.301,1.516,14.0
1141,-2.491,0.501,0.000,-49.534,1.301,1.516,14.0
1142,-2.491,0.501,0.000,-49.533,1.301,1.516,14.0
1143,-2.491,0.501,0.000,-49.532,1.301,1.516,14.0
1144,-2.491,0.501,0.000,-49.531,1.301,1.516,14.0
1145,-2.491,0.501,0.000,-49.531,1.301,1.516,14.0
1146,-2.491,0.501,0.000,-49.530,1.301,1.516,14.0
1147,-2.491,0.501,0.000,-49.529,1.301,1.516,14.0
1148,-2.491,0.501,0.000,-49.528,1.301,1.516,14.0
1149,-2.491,0.501,0.000,-49.528,1.301,1.516,14.0
1150,-2.491,0.501,0.000,-49.527,1.301,1.516,14.0
1151,-2.491,0.502,0.000,-49.527,1.301,1.516,14.0
1152,-2.491,0.502,0.000,-49.526,1.301,1.516,14.0
1153,-2.491,0.502,0.000,-49.526,1.301,1.516,14.0
1154,-2.491,0.502,0.000,-49.525,1.301,1.516,14.0
1155,-2.491,0.502,0.000,-49.525,1.301,1.516,14.0
1156,-2.491,0.502,0.000,-49.524,1.301,1.516,14.0
1157,-2.491,0.502,0.000,-49.524,1.301,1.516,14.0
1158,-2.491,0.502,0.000,-49.523,1.301,1.516,14.0
1159,-2.491,0.502,0.000,-49.523,1.301,1.516,14.0
1160,-2.491,0.502,0.000,-49.523,1.301,1.516,14.0
1161,-2.491,0.502,0.000,-49.523,1.301,1.516,14.0
1162,-2.491,0.502,0.000,-49.522,1.301,1.516,14.0
1163,-2.491,0.502,0.000,-49.522,1.301,1.516,14.0
1164,-2.491,0.502,0.000,-49.522,1.301,1.516,14.0
1165,-2.491,0.502,0.000,-49.522,1.301,1.516,14.0
1166,-2.491,0.502,0.000,-49.522,1.301,1.516,14.0
1167,-2.491,0.502,0.000,-49.522,1.301,1.516,14.0
1168,-2.491,0.502,0.000,-49.522,1.301,1.516,14.0
1169,-2.491,0.502,0.000,-49.522,1.301,1.516,14.0
1170,-2.491,0.502,0.000,-49.522,1.301,1.516,14.0
1171,-2.491,0.502,0.000,-49.522,1.301,1.516,14.0
1172,-2.491,0.502,0.000,-49.522,1.301,1.516,14.0
1173,-2.491,0.502,0.000,-49.522,1.301,1.516,14.0
1174,-2.491,0.502,0.000,-49.522,1.301,1.516,14.0
1175,-2.491,0.502,0.000,-49.522,1.301,1.516,14.0
1176,-2.491,0.502,0.000,-49.522,1.301,1.516,14.0
1177,-2.491,0.502,0.000,-49.522,1.301,1.516,14.0
1178,-2.491,0.502,0.000,-49.523,1.301,1.516,14.0
1179,-2.491,0.502,0.000,-49.523,1.301,1.516,14.0
1180,-2.491,0.502,0.000,-49.523,1.301,1.516,14.0
1181,-2.491,0.502,0.000,-49.523,1.301,1.516,14.0
1182,-2.491,0.502,0.000,-49.524,1.301,1.516,14.0
1183,-2.491,0.502,0.000,-49.524,1.301,1.516,14.0
1184,-2.491,0.502,0.000,-49.524,1.301,1.516,14.0
1185,-2.491,0.502,0.000,-49.525,1.301,1.516,14.0
1186,-2.491,0.502,0.000,-49.525,1.301,1.516,14.0
1187,-2.491,0.502,0.000,-49.525,1.301,1.516,14.0
1188,-2.491,0.502,0.000,-49.526,1.301,1.516,14.0
1189,-2.491,0.502,0.000,-49.526,1.301,1.516,14.0
1190,-2.491,0.502,0.000,-49.527,1.301,1.516,14.0
1191,-2.491,0.502,0.000,-49.527,1.301,1.516,14.0
1192,-2.491,0.502,0.000,-49.528,1.301,1.516,14.0
1193,-2.491,0.502,0.000,-49.528,1.301,1.516,14.0
1194,-2.491,0.502,0.000,-49.529,1.301,1.516,14.0
1195,-2.491,0.502,0.000,-49.529,1.301,1.516,14.0
1196,-2.491,0.502,0.000,-49.530,1.301,1.516,14.0
1197,-2.491,0.502,0.000,-49.530,1.301,1.516,14.0
1198,-2.491,0.502,0.000,-49.531,1.301,1.516,14.0
1199,-2.491,0.502,0.000,-49.531,1.301,1.516,14.0
1200,-2.491,0.502,0.000,-49.532,1.301,1.516,14.0
1201,-2.491,0.502,0.000,-49.533,1.301,1.516,14.0
1202,-2.491,0.502,0.000,-49.533,1.301,1.516,14.0
1203,-2.491,0.502,0.000,-49.534,1.301,1.516,14.0
1204,-2.491,0.502,0.000,-49.534,1.301,1.516,14.0
1205,-2.491,0.502,0.000,-49.535,1.301,1.516,14.0
1206,-2.491,0.502,0.000,-49.536,1.301,1.516,14.0
1207,-2.491,0.502,0.000,-49.536,1.301,1.516,14.0
1208,-2.491,0.502,0.000,-49.537,1.301,1.516,14.0
1209,-2.491,0.502,0.000,-49.538,1.301,1.516,14.0
1210,-2.491,0.502,0.000,-49.539,1.301,1.516,14.0
1211,-2.491,0.502,0.000,-49.539,1.301,1.516,14.0
1212,-2.491,0.502,0.000,-49.540,1.301,1.516,14.0
1213,-2.491,0.502,0.000,-49.541,1.301,1.516,14.0
1214,-2.491,0.502,0.000,-49.542,1.301,1.516,14.0
1215,-2.491,0.502,0.000,-49.542,1.301,1.516,14.0
1216,-2.491,0.502,0.000,-49.543,1.301,1.516,14.0
1217,-2.491,0.502,0.000,-49.544,1.301,1.516,14.0
1218,-2.491,0.502,0.000,-49.545,1.301,1.516,14.0
1219,-2.491,0.502,0.000,-49.546,1.301,1.516,14.0
1220,-2.491,0.502,0.000,-49.547,1.301,1.516,14.0
1221,-2.491,0.502,0.000,-49.547,1.301,1.516,14.0
1222,-2.491,0.502,0.000,-49.548,1.301,1.516,14.0
1223,-2.491,0.502,0.000,-49.549,1.301,1.516,14.0
1224,-2.491,0.502,0.000,-49.550,1.301,1.516,14.0
1225,-2.491,0.502,0.000,-49.551,1.301,1.517,14.0
1226,-2.491,0.502,0.000,-49.552,1.301,1.517,14.0
1227,-2.491,0.502,0.000,-49.553,1.301,1.517,14.0
1228,-2.491,0.502,0.000,-49.554,1.301,1.517,14.0
1229,-2.491,0.502,0.000,-49.554,1.301,1.517,14.0
1230,-2.491,0.502,0.000,-49.555,1.301,1.517,14.0
1231,-2.491,0.502,0.000,-49.556,1.301,1.517,14.0
1232,-2.491,0.502,0.000,-49.557,1.300,1.517,14.0
1233,-2.491,0.502,0.000,-49.558,1.300,1.517,14.0
1234,-2.491,0.502,0.000,-49.559,1.300,1.517,14.0
1235,-2.491,0.502,0.000,-49.560,1.300,1.517,14.0
1236,-2.491,0.502,0.000,-49.561,1.300,1.517,14.0
1237,-2.491,0.502,0.000,-49.562,1.300,1.517,14.0
1238,-2.491,0.502,0.000,-49.563,1.300,1.517,14.0
1239,-2.491,0.502,0.000,-49.564,1.300,1.517,14.0
1240,-2.491,0.502,0.000,-49.565,1.300,1.517,14.0
1241,-2.491,0.502,0.000,-49.566,1.300,1.517,14.0
1242,-2.491,0.502,0.000,-49.567,1.300,1.517,14.0
1243,-2.491,0.502,0.000,-49.568,1.300,1.517,14.0
1244,-2.491,0.502,0.000,-49.569,1.300,1.517,14.0
1245,-2.491,0.502,0.000,-49.570,1.300,1.517,14.0
1246,-2.491,0.502,0.000,-49.571,1.300,1.517,14.0
1247,-2.491,0.502,0.000,-49.572,1.300,1.517,14.0
1248,-2.491,0.502,0.000,-49.573,1.300,1.517,14.0
1249,-2.491,0.502,0.000,-49.574,1.300,1.517,14.0
1250,-2.491,0.502,0.000,-49.575,1.300,1.517,14.0
1251,-2.491,0.502,0.000,-49.576,1.300,1.517,14.0
1252,-2.491,0.502,0.000,-49.577,1.300,1.517,14.0
1253,-2.491,0.502,0.000,-49.578,1.300,1.517,14.0
1254,-2.491,0.502,0.000,-49.579,1.300,1.517,14.0
1255,-2.491,0.502,0.000,-49.580,1.300,1.517,14.0
1256,-2.491,0.502,0.000,-49.581,1.300,1.517,14.0
1257,-2.491,0.502,0.000,-49.582,1.300,1.517,14.0
1258,-2.491,0.502,0.000,-49.583,1.300,1.517,14.0
1259,-2.491,0.502,0.000,-49.584,1.300,1.517,14.0
1260,-2.491,0.502,0.000,-49.585,1.300,1.517,14.0
1261,-2.491,0.502,0.000,-49.586,1.300,1.517,14.0
1262,-2.491,0.502,0.000,-49.587,1.300,1.517,14.0
1263,-2.491,0.502,0.000,-49.588,1.300,1.517,14.0
1264,-2.491,0.502,0.000,-49.589,1.300,1.517,14.0
1265,-2.491,0.502,0.000,-49.590,1.300,1.517,14.0
1266,-2.491,0.502,0.000,-49.591,1.300,1.517,14.0
1267,-2.491,0.502,0.000,-49.592,1.300,1.517,14.0
1268,-2.491,0.502,0.000,-49.593,1.300,1.517,14.0
1269,-2.491,0.502,0.000,-49.594,1.300,1.518,14.0
1270,-2.491,0.502,0.000,-49.595,1.299,1.518,14.0
1271,-2.491,0.502,0.000,-49.596,1.299,1.518,14.0
1272,-2.491,0.502,0.000,-49.597,1.299,1.518,14.0
1273,-2.491,0.502,0.000,-49.598,1.299,1.518,14.0
1274,-2.491,0.502,0.000,-49.599,1.299,1.518,14.0
1275,-2.491,0.502,0.000,-49.600,1.299,1.518,14.0
1276,-2.491,0.502,0.000,-49.601,1.299,1.518,14.0
1277,-2.491,0.502,0.000,-49.602,1.299,1.518,14.0
1278,-2.491,0.502,0.000,-49.603,1.299,1.518,14.0
1279,-2.491,0.502,0.000,-49.604,1.299,1.518,14.0
1280,-2.491,0.502,0.000,-49.606,1.299,1.518,14.0
1281,-2.491,0.502,0.000,-49.607,1.299,1.518,14.0
1282,-2.491,0.502,0.000,-49.608,1.299,1.518,14.0
1283,-2.491,0.502,0.000,-49.609,1.299,1.518,14.0
1284,-2.491,0.502,0.000,-49.610,1.299,1.518,14.0
1285,-2.491,0.502,0.000,-49.611,1.299,1.518,14.0
1286,-2.491,0.502,0.000,-49.612,1.299,1.518,14.0
1287,-2.491,0.502,0.000,-49.613,1.299,1.518,14.0
1288,-2.491,0.502,0.000,-49.614,1.299,1.518,14.0
1289,-2.491,0.502,0.000,-49.615,1.299,1.518,14.0
1290,-2.491,0.502,0.000,-49.616,1.299,1.518,14.0
1291,-2.491,0.502,0.000,-49.617,1.299,1.518,14.0
1292,-2.491,0.502,0.000,-49.618,1.299,1.518,14.0
1293,-2.491,0.502,0.000,-49.619,1.299,1.518,14.0
1294,-2.491,0.502,0.000,-49.620,1.299,1.518,14.0
1295,-2.491,0.502,0.000,-49.621,1.299,1.518,14.0
1296,-2.491,0.502,0.000,-49.622,1.299,1.518,14.0
1297,-2.491,0.502,0.000,-49.623,1.299,1.518,14.0
1298,-2.491,0.502,0.000,-49.624,1.299,1.518,14.0
1299,-2.491,0.502,0.000,-49.625,1.299,1.518,14.0
1300,-2.491,0.502,0.000,-49.625,1.299,1.518,14.0
1301,-2.491,0.502,0.000,-49.626,1.299,1.518,14.0
1302,-2.491,0.502,0.000,-49.627,1.299,1.518,14.0
1303,-2.491,0.502,0.000,-49.628,1.299,1.518,14.0
1304,-2.491,0.502,0.000,-49.629,1.299,1.518,14.0
1305,-2.491,0.502,0.000,-49.630,1.299,1.518,14.0
1306,-2.491,0.502,0.000,-49.631,1.299,1.518,14.0
1307,-2.491,0.502,0.000,-49.632,1.299,1.518,14.0
1308,-2.491,0.502,0.000,-49.633,1.298,1.518,14.0
1309,-2.491,0.502,0.000,-49.634,1.298,1.518,14.0
1310,-2.491,0.502,0.000,-49.635,1.298,1.518,14.0
1311,-2.491,0.502,0.000,-49.636,1.298,1.518,14.0
1312,-2.491,0.502,0.000,-49.637,1.298,1.518,14.0
1313,-2.491,0.502,0.000,-49.638,1.298,1.518,14.0
1314,-2.491,0.502,0.000,-49.639,1.298,1.519,14.0
1315,-2.491,0.502,0.000,-49.640,1.298,1.519,14.0
1316,-2.491,0.502,0.000,-49.641,1.298,1.519,14.0
1317,-2.491,0.502,0.000,-49.642,1.298,1.519,14.0
1318,-2.491,0.502,0.000,-49.642,1.298,1.519,14.0
1319,-2.491,0.502,0.000,-49.643,1.298,1.519,14.0
1320,-2.491,0.502,0.000,-49.644,1.298,1.519,14.0
1321,-2.491,0.502,0.000,-49.645,1.298,1.519,14.0
1322,-2.491,0.502,0.000,-49.646,1.298,1.519,14.0
1323,-2.491,0.502,0.000,-49.647,1.298,1.519,14.0
1324,-2.491,0.502,0.000,-49.648,1.298,1.519,14.0
1325,-2.491,0.502,0.000,-49.649,1.298,1.519,14.0
1326,-2.491,0.502,0.000,-49.650,1.298,1.519,14.0
1327,-2.491,0.502,0.000,-49.651,1.298,1.519,14.0
1328,-2.491,0.502,0.000,-49.651,1.298,1.519,14.0
1329,-2.491,0.502,0.000,-49.652,1.298,1.519,14.0
1330,-2.491,0.502,0.000,-49.653,1.298,1.519,14.0
1331,-2.491,0.502,0.000,-49.654,1.298,1.519,14.0
1332,-2.491,0.502,0.000,-49.655,1.298,1.519,14.0
1333,-2.491,0.502,0.000,-49.656,1.298,1.519,14.0
1334,-2.491,0.502,0.000,-49.657,1.298,1.519,14.0
1335,-2.491,0.502,0.000,-49.657,1.298,1.519,14.0
1336,-2.491,0.502,0.000,-49.658,1.298,1.519,14.0
1337,-2.491,0.502,0.000,-49.659,1.298,1.519,14.0
1338,-2.491,0.502,0.000,-49.660,1.298,1.519,14.0
1339,-2.491,0.502,0.000,-49.661,1.298,1.519,14.0
1340,-2.491,0.502,0.000,-49.662,1.298,1.519,14.0
1341,-2.491,0.502,0.000,-49.662,1.298,1.519,14.0
1342,-2.491,0.502,0.000,-49.663,1.298,1.519,14.0
1343,-2.491,0.502,0.000,-49.664,1.298,1.519,14.0
1344,-2.491,0.502,0.000,-49.665,1.298,1.519,14.0
1345,-2.491,0.502,0.000,-49.666,1.298,1.519,14.0
1346,-2.491,0.502,0.000,-49.666,1.298,1.519,14.0
1347,-2.491,0.502,0.000,-49.667,1.298,1.519,14.0
1348,-2.491,0.502,0.000,-49.668,1.298,1.519,14.0
1349,-2.491,0.502,0.000,-49.669,1.298,1.519,14.0
1350,-2.491,0.502,0.000,-49.670,1.298,1.519,14.0
1351,-2.491,0.502,0.000,-49.670,1.297,1.519,14.0
1352,-2.491,0.502,0.000,-49.671,1.297,1.519,14.0
1353,-2.491,0.502,0.000,-49.672,1.297,1.519,14.0
1354,-2.491,0.502,0.000,-49.673,1.297,1.519,14.0
1355,-2.491,0.502,0.000,-49.673,1.297,1.519,14.0
1356,-2.491,0.502,0.000,-49.674,1.297,1.519,14.0
1357,-2.491,0.502,0.000,-49.675,1.297,1.519,14.0
1358,-2.491,0.502,0.000,-49.676,1.297,1.519,14.0
1359,-2.491,0.502,0.000,-49.677,1.297,1.519,14.0
1360,-2.491,0.502,0.000,-49.677,1.297,1.519,14.0
1361,-2.491,0.502,0.000,-49.678,1.297,1.519,14.0
1362,-2.491,0.502,0.000,-49.679,1.297,1.519,14.0
1363,-2.491,0.502,0.000,-49.679,1.297,1.519,14.0
1364,-2.491,0.502,0.000,-49.680,1.297,1.519,14.0
1365,-2.491,0.502,0.000,-49.681,1.297,1.519,14.0
1366,-2.491,0.502,0.000,-49.682,1.297,1.519,14.0
1367,-2.491,0.502,0.000,-49.682,1.297,1.519,14.0
1368,-2.491,0.502,0.000,-49.683,1.297,1.520,14.0
1369,-2.491,0.502,0.000,-49.684,1.297,1.520,14.0
1370,-2.491,0.502,0.000,-49.685,1.297,1.520,14.0
1371,-2.491,0.502,0.000,-49.685,1.297,1.520,14.0
1372,-2.491,0.502,0.000,-49.686,1.297,1.520,14.0
1373,-2.491,0.502,0.000,-49.687,1.297,1.520,14.0
1374,-2.491,0.502,0.000,-49.687,1.297,1.520,14.0
1375,-2.491,0.502,0.000,-49.688,1.297,1.520,14.0
1376,-2.491,0.502,0.000,-49.689,1.297,1.520,14.0
1377,-2.491,0.502,0.000,-49.689,1.297,1.520,14.0
1378,-2.491,0.502,0.000,-49.690,1.297,1.520,14.0
1379,-2.491,0.502,0.000,-49.691,1.297,1.520,14.0
1380,-2.491,0.502,0.000,-49.691,1.297,1.520,14.0
1381,-2.491,0.502,0.000,-49.692,1.297,1.520,14.0
1382,-2.491,0.502,0.000,-49.693,1.297,1.520,14.0
1383,-2.491,0.502,0.000,-49.693,1.297,1.520,14.0
1384,-2.491,0.502,0.000,-49.694,1.297,1.520,14.0
1385,-2.491,0.502,0.000,-49.695,1.297,1.520,14.0
1386,-2.491,0.502,0.000,-49.695,1.297,1.520,14.0
1387,-2.491,0.502,0.000,-49.696,1.297,1.520,14.0
1388,-2.491,0.502,0.000,-49.697,1.297,1.520,14.0
1389,-2.491,0.502,0.000,-49.697,1.297,1.520,14.0
1390,-2.491,0.502,0.000,-49.698,1.297,1.520,14.0
1391,-2.491,0.502,0.000,-49.699,1.297,1.520,14.0
1392,-2.491,0.502,0.000,-49.699,1.297,1.520,14.0
1393,-2.491,0.502,0.000,-49.700,1.297,1.520,14.0
1394,-2.491,0.502,0.000,-49.700,1.297,1.520,14.0
1395,-2.491,0.502,0.000,-49.701,1.297,1.520,14.0
1396,-2.491,0.502,0.000,-49.702,1.297,1.520,14.0
1397,-2.491,0.502,0.000,-49.702,1.297,1.520,14.0
1398,-2.491,0.502,0.000,-49.703,1.297,1.520,14.0
1399,-2.491,0.502,0.000,-49.703,1.297,1.520,14.0
1400,-2.491,0.502,0.000,-49.704,1.297,1.520,14.0
1401,-2.491,0.502,0.000,-49.705,1.297,1.520,14.0
1402,-2.491,0.502,0.000,-49.705,1.297,1.520,14.0
1403,-2.491,0.502,0.000,-49.706,1.297,1.520,14.0
1404,-2.491,0.502,0.000,-49.706,1.297,1.520,14.0
1405,-2.491,0.502,0.000,-49.707,1.297,1.520,14.0
1406,-2.491,0.502,0.000,-49.708,1.297,1.520,14.0
1407,-2.491,0.502,0.000,-49.708,1.296,1.520,14.0
1408,-2.491,0.502,0.000,-49.709,1.296,1.520,14.0
1409,-2.491,0.502,0.000,-49.709,1.296,1.520,14.0
1410,-2.491,0.502,0.000,-49.710,1.296,1.520,14.0
1411,-2.491,0.502,0.000,-49.711,1.296,1.520,14.0
1412,-2.491,0.502,0.000,-49.711,1.296,1.520,14.0
1413,-2.491,0.502,0.000,-49.712,1.296,1.520,14.0
1414,-2.491,0.502,0.000,-49.712,1.296,1.520,14.0
1415,-2.491,0.502,0.000,-49.713,1.296,1.520,14.0
1416,-2.491,0.502,0.000,-49.713,1.296,1.520,14.0
1417,-2.491,0.502,0.000,-49.714,1.296,1.520,14.0
1418,-2.491,0.502,0.000,-49.715,1.296,1.520,14.0
1419,-2.491,0.502,0.000,-49.715,1.296,1.520,14.0
1420,-2.491,0.502,0.000,-49.716,1.296,1.520,14.0
1421,-2.491,0.502,0.000,-49.716,1.296,1.520,14.0
1422,-2.491,0.502,0.000,-49.717,1.296,1.520,14.0
1423,-2.491,0.502,0.000,-49.717,1.296,1.520,14.0
1424,-2.491,0.502,0.000,-49.718,1.296,1.520,14.0
1425,-2.491,0.502,0.000,-49.718,1.296,1.520,14.0
1426,-2.491,0.502,0.000,-49.719,1.296,1.520,14.0
1427,-2.491,0.502,0.000,-49.719,1.296,1.520,14.0
1428,-2.491,0.502,0.000,-49.720,1.296,1.520,14.0
1429,-2.491,0.502,0.000,-49.720,1.296,1.520,14.0
1430,-2.491,0.502,0.000,-49.721,1.296,1.520,14.0
1431,-2.491,0.502,0.000,-49.722,1.296,1.520,14.0
1432,-2.491,0.502,0.000,-49.722,1.296,1.520,14.0
1433,-2.491,0.502,0.000,-49.723,1.296,1.520,14.0
1434,-2.491,0.502,0.000,-49.723,1.296,1.520,14.0
1435,-2.491,0.502,0.000,-49.724,1.296,1.520,14.0
1436,-2.491,0.502,0.000,-49.724,1.296,1.520,14.0
1437,-2.491,0.502,0.000,-49.725,1.296,1.520,14.0
1438,-2.491,0.502,0.000,-49.725,1.296,1.520,14.0
1439,-2.491,0.502,0.000,-49.726,1.296,1.520,14.0
1440,-2.491,0.502,0.000,-49.726,1.296,1.520,14.0
1441,-2.491,0.502,0.000,-49.727,1.296,1.521,14.0
1442,-2.491,0.502,0.000,-49.727,1.296,1.521,14.0
1443,-2.491,0.502,0.000,-49.728,1.296,1.521,14.0
1444,-2.491,0.502,0.000,-49.728,1.296,1.521,14.0
1445,-2.491,0.502,0.000,-49.729,1.296,1.521,14.0
1446,-2.491,0.502,0.000,-49.729,1.296,1.521,14.0
1447,-2.491,0.502,0.000,-49.730,1.296,1.521,14.0
1448,-2.491,0.502,0.000,-49.730,1.296,1.521,14.0
1449,-2.491,0.502,0.000,-49.731,1.296,1.521,14.0
1450,-2.491,0.502,0.000,-49.731,1.296,1.521,14.0
1451,-2.491,0.502,0.000,-49.732,1.296,1.521,14.0
1452,-2.491,0.502,0.000,-49.732,1.296,1.521,14.0
1453,-2.491,0.502,0.000,-49.733,1.296,1.521,14.0
1454,-2.491,0.502,0.000,-49.733,1.296,1.521,14.0
1455,-2.491,0.502,0.000,-49.734,1.296,1.521,14.0
1456,-2.491,0.502,0.000,-49.734,1.296,1.521,14.0
1457,-2.491,0.502,0.000,-49.735,1.296,1.521,14.0
1458,-2.491,0.502,0.000,-49.735,1.296,1.521,14.0
1459,-2.491,0.502,0.000,-49.736,1.296,1.521,14.0
1460,-2.491,0.502,0.000,-49.736,1.296,1.521,14.0
1461,-2.491,0.502,0.000,-49.737,1.296,1.521,14.0
1462,-2.491,0.502,0.000,-49.737,1.296,1.521,14.0
1463,-2.491,0.502,0.000,-49.738,1.296,1.521,14.0
1464,-2.491,0.502,0.000,-49.738,1.296,1.521,14.0
1465,-2.491,0.502,0.000,-49.739,1.296,1.521,14.0
1466,-2.491,0.502,0.000,-49.739,1.296,1.521,14.0
1467,-2.491,0.502,0.000,-49.740,1.296,1.521,14.0
1468,-2.491,0.502,0.000,-49.740,1.296,1.521,14.0
1469,-2.491,0.502,0.000,-49.741,1.296,1.521,14.0
1470,-2.491,0.502,0.000,-49.741,1.296,1.521,14.0
1471,-2.491,0.502,0.000,-49.741,1.296,1.521,14.0
1472,-2.491,0.502,0.000,-49.742,1.296,1.521,14.0
1473,-2.491,0.502,0.000,-49.742,1.296,1.521,14.0
1474,-2.491,0.502,0.000,-49.743,1.296,1.521,14.0
1475,-2.491,0.502,0.000,-49.743,1.296,1.521,14.0
1476,-2.491,0.502,0.000,-49.744,1.296,1.521,14.0
1477,-2.491,0.502,0.000,-49.744,1.296,1.521,14.0
1478,-2.491,0.502,0.000,-49.745,1.296,1.521,14.0
1479,-2.491,0.502,0.000,-49.745,1.296,1.521,14.0
1480,-2.491,0.502,0.000,-49.746,1.295,1.521,14.0
1481,-2.491,0.502,0.000,-49.746,1.295,1.521,14.0
1482,-2.491,0.502,0.000,-49.747,1.295,1.521,14.0
1483,-2.491,0.502,0.000,-49.747,1.295,1.521,14.0
1484,-2.491,0.502,0.000,-49.748,1.295,1.521,14.0
1485,-2.491,0.502,0.000,-49.748,1.295,1.521,14.0
1486,-2.491,0.502,0.000,-49.749,1.295,1.521,14.0
1487,-2.491,0.502,0.000,-49.749,1.295,1.521,14.0
1488,-2.491,0.502,0.000,-49.750,1.295,1.521,14.0
1489,-2.491,0.502,0.000,-49.750,1.295,1.521,14.0
1490,-2.491,0.502,0.000,-49.751,1.295,1.521,14.0
1491,-2.491,0.502,0.000,-49.751,1.295,1.521,14.0
1492,-2.491,0.502,0.000,-49.751,1.295,1.521,14.0
1493,-2.491,0.502,0.000,-49.752,1.295,1.521,14.0
1494,-2.491,0.502,0.000,-49.752,1.295,1.521,14.0
1495,-2.491,0.502,0.000,-49.753,1.295,1.521,14.0
1496,-2.491,0.502,0.000,-49.753,1.295,1.521,14.0
1497,-2.491,0.502,0.000,-49.754,1.295,1.521,14.0
1498,-2.491,0.502,0.000,-49.754,1.295,1.521,14.0
1499,-2.491,0.502,0.000,-49.755,1.295,1.521,14.0
1500,-2.491,0.502,0.000,-49.755,1.295,1.521,14.0
1501,-2.491,0.502,0.000,-49.756,1.295,1.521,14.0
1502,-2.491,0.502,0.000,-49.756,1.295,1.521,14.0
1503,-2.491,0.502,0.000,-49.757,1.295,1.521,14.0
1504,-2.491,0.502,0.000,-49.757,1.295,1.521,14.0
1505,-2.491,0.502,0.000,-49.758,1.295,1.521,14.0
1506,-2.491,0.502,0.000,-49.758,1.295,1.521,14.0
1507,-2.491,0.502,0.000,-49.759,1.295,1.521,14.0
1508,-2.491,0.502,0.000,-49.759,1.295,1.521,14.0
1509,-2.491,0.502,0.000,-49.760,1.295,1.521,14.0
1510,-2.491,0.502,0.000,-49.760,1.295,1.521,14.0
1511,-2.491,0.502,0.000,-49.761,1.295,1.521,14.0
1512,-2.491,0.502,0.000,-49.761,1.295,1.521,14.0
1513,-2.491,0.502,0.000,-49.761,1.295,1.521,14.0
1514,-2.491,0.502,0.000,-49.762,1.295,1.521,14.0
1515,-2.491,0.502,0.000,-49.762,1.295,1.521,14.0
1516,-2.491,0.502,0.000,-49.763,1.295,1.521,14.0
1517,-2.491,0.502,0.000,-49.763,1.295,1.521,14.0
1518,-2.491,0.502,0.000,-49.764,1.295,1.521,14.0
1519,-2.491,0.502,0.000,-49.764,1.295,1.521,14.0
1520,-2.491,0.502,0.000,-49.765,1.295,1.521,14.0
1521,-2.491,0.502,0.000,-49.765,1.295,1.521,14.0
1522,-2.491,0.502,0.000,-49.766,1.295,1.521,14.0
1523,-2.491,0.502,0.000,-49.766,1.295,1.521,14.0
1524,-2.491,0.502,0.000,-49.767,1.295,1.521,14.0
1525,-2.491,0.502,0.000,-49.767,1.295,1.521,14.0
1526,-2.491,0.502,0.000,-49.768,1.295,1.521,14.0
1527,-2.491,0.502,0.000,-49.768,1.295,1.521,14.0
1528,-2.491,0.502,0.000,-49.769,1.295,1.521,14.0
1529,-2.491,0.502,0.000,-49.769,1.295,1.521,14.0
1530,-2.491,0.502,0.000,-49.770,1.295,1.521,14.0
1531,-2.491,0.502,0.000,-49.770,1.295,1.521,14.0
1532,-2.491,0.502,0.000,-49.771,1.295,1.521,14.0
1533,-2.491,0.502,0.000,-49.771,1.295,1.522,14.0
1534,-2.491,0.502,0.000,-49.772,1.295,1.522,14.0
1535,-2.491,0.502,0.000,-49.772,1.295,1.522,14.0
1536,-2.491,0.502,0.000,-49.773,1.295,1.522,14.0
1537,-2.491,0.502,0.000,-49.773,1.295,1.522,14.0
1538,-2.491,0.502,0.000,-49.774,1.295,1.522,14.0
1539,-2.491,0.502,0.000,-49.774,1.295,1.522,14.0
1540,-2.491,0.502,0.000,-49.775,1.295,1.522,14.0
1541,-2.491,0.502,0.000,-49.775,1.295,1.522,14.0
1542,-2.491,0.502,0.000,-49.776,1.295,1.522,14.0
1543,-2.491,0.502,0.000,-49.776,1.295,1.522,14.0
1544,-2.491,0.502,0.000,-49.777,1.295,1.522,14.0
1545,-2.491,0.502,0.000,-49.777,1.295,1.522,14.0
1546,-2.491,0.502,0.000,-49.778,1.295,1.522,14.0
1547,-2.491,0.502,0.000,-49.778,1.295,1.522,14.0
1548,-2.491,0.502,0.000,-49.779,1.295,1.522,14.0
1549,-2.491,0.502,0.000,-49.779,1.295,1.522,14.0
1550,-2.491,0.502,0.000,-49.780,1.295,1.522,14.0
1551,-2.491,0.502,0.000,-49.781,1.295,1.522,14.0
1552,-2.491,0.502,0.000,-49.781,1.295,1.522,14.0
1553,-2.491,0.502,0.000,-49.782,1.295,1.522,14.0
1554,-2.491,0.502,0.000,-49.782,1.295,1.522,14.0
1555,-2.491,0.502,0.000,-49.783,1.295,1.522,14.0
1556,-2.491,0.502,0.000,-49.783,1.294,1.522,14.0
1557,-2.491,0.502,0.000,-49.784,1.294,1.522,14.0
1558,-2.491,0.502,0.000,-49.784,1.294,1.522,14.0
1559,-2.491,0.502,0.000,-49.785,1.294,1.522,14.0
1560,-2.491,0.502,0.000,-49.785,1.294,1.522,14.0
1561,-2.491,0.502,0.000,-49.786,1.294,1.522,14.0
1562,-2.491,0.502,0.000,-49.786,1.294,1.522,14.0
1563,-2.491,0.502,0.000,-49.787,1.294,1.522,14.0
1564,-2.491,0.502,0.000,-49.787,1.294,1.522,14.0
1565,-2.491,0.502,0.000,-49.788,1.294,1.522,14.0
1566,-2.491,0.502,0.000,-49.789,1.294,1.522,14.0
1567,-2.491,0.502,0.000,-49.789,1.294,1.522,14.0
1568,-2.491,0.502,0.000,-49.790,1.294,1.522,14.0
1569,-2.491,0.502,0.000,-49.790,1.294,1.522,14.0
1570,-2.491,0.502,0.000,-49.791,1.294,1.522,14.0
1571,-2.491,0.502,0.000,-49.791,1.294,1.522,14.0
1572,-2.491,0.502,0.000,-49.792,1.294,1.522,14.0
1573,-2.491,0.502,0.000,-49.792,1.294,1.522,14.0
1574,-2.491,0.502,0.000,-49.793,1.294,1.522,14.0
1575,-2.491,0.502,0.000,-49.794,1.294,1.522,14.0
1576,-2.491,0.502,0.000,-49.794,1.294,1.522,14.0
1577,-2.491,0.502,0.000,-49.795,1.294,1.522,14.0
1578,-2.491,0.502,0.000,-49.795,1.294,1.522,14.0
1579,-2.491,0.502,0.000,-49.796,1.294,1.522,14.0
1580,-2.491,0.502,0.000,-49.796,1.294,1.522,14.0
1581,-2.491,0.502,0.000,-49.797,1.294,1.522,14.0
1582,-2.491,0.502,0.000,-49.797,1.294,1.522,14.0
1583,-2.491,0.502,0.000,-49.798,1.294,1.522,14.0
1584,-2.491,0.502,0.000,-49.799,1.294,1.522,14.0
1585,-2.491,0.502,0.000,-49.799,1.294,1.522,14.0
1586,-2.491,0.502,0.000,-49.800,1.294,1.522,14.0
1587,-2.491,0.502,0.000,-49.800,1.294,1.522,14.0
1588,-2.491,0.502,0.000,-49.801,1.294,1.522,14.0
1589,-2.491,0.502,0.000,-49.802,1.294,1.522,14.0
1590,-2.491,0.502,0.000,-49.802,1.294,1.522,14.0
1591,-2.491,0.502,0.000,-49.803,1.294,1.522,14.0
1592,-2.491,0.502,0.000,-49.803,1.294,1.522,14.0
1593,-2.491,0.502,0.000,-49.804,1.294,1.522,14.0
1594,-2.491,0.502,0.000,-49.804,1.294,1.522,14.0
1595,-2.491,0.502,0.000,-49.805,1.294,1.522,14.0
1596,-2.491,0.502,0.000,-49.806,1.294,1.522,14.0
1597,-2.491,0.502,0.000,-49.806,1.294,1.522,14.0
1598,-2.491,0.502,0.000,-49.807,1.294,1.522,14.0
1599,-2.491,0.502,0.000,-49.807,1.294,1.522,14.0
1600,-2.491,0.502,0.000,-49.808,1.294,1.522,14.0
1601,-2.491,0.502,0.000,-49.809,1.294,1.522,14.0
1602,-2.491,0.502,0.000,-49.809,1.294,1.522,14.0
1603,-2.491,0.502,0.000,-49.810,1.294,1.522,14.0
1604,-2.491,0.502,0.000,-49.810,1.294,1.522,14.0
1605,-2.491,0.502,0.000,-49.811,1.294,1.522,14.0
1606,-2.491,0.502,0.000,-49.812,1.294,1.522,14.0
1607,-2.491,0.502,0.000,-49.812,1.294,1.522,14.0
1608,-2.491,0.502,0.000,-49.813,1.282,1.531,14.0
1609,-2.491,0.502,0.000,-49.812,1.256,1.490,14.0
1610,-2.491,0.502,0.000,-49.811,1.224,1.457,14.0
1611,-2.491,0.502,0.000,-49.809,1.198,1.431,14.0
1612,-2.491,0.502,0.000,-49.807,1.181,1.408,14.0
1613,-2.492,0.502,0.000,-49.805,1.170,1.393,14.0
1614,-2.492,0.502,0.000,-49.802,1.162,1.385,14.0
1615,-2.492,0.502,0.000,-49.799,1.160,1.383,14.0
1616,-2.492,0.503,0.000,-49.795,1.164,1.387,14.0
1617,-2.492,0.503,0.000,-49.791,1.174,1.398,14.0
1618,-2.492,0.503,0.000,-49.787,1.188,1.415,14.0
1619,-2.492,0.503,0.000,-49.782,1.208,1.438,14.0
1620,-2.492,0.503,0.000,-49.777,1.234,1.468,14.0
1621,-2.492,0.503,0.000,-49.771,1.265,1.504,14.0
1622,-2.492,0.503,0.000,-49.764,1.293,1.532,14.0
1623,-2.492,0.503,0.000,-49.759,1.269,1.511,14.0
1624,-2.492,0.503,0.000,-49.753,1.250,1.487,14.0
1625,-2.492,0.503,0.000,-49.747,1.237,1.470,14.0
1626,-2.492,0.503,0.000,-49.740,1.229,1.461,14.0
1627,-2.493,0.503,0.000,-49.733,1.227,1.458,14.0
1628,-2.493,0.504,0.000,-49.725,1.231,1.462,14.0
1629,-2.493,0.504,0.000,-49.717,1.241,1.473,14.0
1630,-2.493,0.504,0.000,-49.709,1.256,1.490,14.0
1631,-2.493,0.504,0.000,-49.701,1.276,1.514,14.0
1632,-2.493,0.504,0.000,-49.691,1.290,1.525,14.0
1633,-2.493,0.504,0.000,-49.680,1.273,1.510,14.0
1634,-2.493,0.504,0.000,-49.668,1.262,1.497,14.0
1635,-2.493,0.504,0.000,-49.656,1.258,1.491,14.0
1636,-2.493,0.504,0.000,-49.643,1.260,1.492,14.0
1637,-2.493,0.504,0.000,-49.630,1.267,1.500,14.0
1638,-2.493,0.504,0.000,-49.616,1.280,1.515,14.0
1639,-2.493,0.504,0.000,-49.602,1.288,1.521,14.0
1640,-2.493,0.504,0.000,-49.587,1.278,1.510,14.0
1641,-2.493,0.504,0.000,-49.571,1.289,1.492,14.0
1642,-2.493,0.504,0.000,-49.555,1.281,1.501,14.0
1643,-2.493,0.504,0.000,-49.540,1.291,1.506,14.0
1644,-2.494,0.505,0.000,-49.525,1.305,1.519,14.0
1645,-2.494,0.505,0.000,-49.511,1.303,1.512,14.0
1646,-2.494,0.505,0.000,-49.497,1.295,1.506,14.0
1647,-2.494,0.505,0.000,-49.483,1.295,1.507,14.0
1648,-2.494,0.505,0.000,-49.469,1.303,1.513,14.0
1649,-2.494,0.505,0.000,-49.455,1.303,1.517,14.0
1650,-2.494,0.505,0.000,-49.441,1.300,1.510,14.0
1651,-2.494,0.505,0.000,-49.428,1.304,1.511,14.0
1652,-2.494,0.505,0.000,-49.414,1.304,1.517,14.0
1653,-2.494,0.505,0.000,-49.401,1.304,1.510,14.0
1654,-2.494,0.505,0.000,-49.387,1.306,1.513,14.0
1655,-2.494,0.505,0.000,-49.374,1.305,1.513,14.0
1656,-2.494,0.505,0.000,-49.360,1.305,1.511,14.0
1657,-2.494,0.505,0.000,-49.346,1.306,1.513,14.0
1658,-2.494,0.505,0.000,-49.333,1.306,1.510,14.0
1659,-2.494,0.505,0.000,-49.319,1.307,1.512,14.0
1660,-2.494,0.505,0.000,-49.306,1.307,1.510,14.0
1661,-2.494,0.505,0.000,-49.293,1.307,1.511,14.0
1662,-2.494,0.505,0.000,-49.280,1.308,1.510,14.0
1663,-2.494,0.505,0.000,-49.267,1.308,1.510,14.0
1664,-2.494,0.505,0.000,-49.254,1.308,1.510,14.0
1665,-2.494,0.505,0.000,-49.242,1.309,1.509,14.0
1666,-2.494,0.505,0.000,-49.229,1.309,1.509,14.0
1667,-2.494,0.505,0.000,-49.217,1.309,1.509,14.0
1668,-2.494,0.505,0.000,-49.204,1.310,1.509,14.0
1669,-2.494,0.505,0.000,-49.192,1.310,1.508,14.0
1670,-2.494,0.505,0.000,-49.180,1.310,1.508,14.0
1671,-2.494,0.505,0.000,-49.168,1.311,1.508,14.0
1672,-2.494,0.505,0.000,-49.156,1.311,1.508,14.0
1673,-2.494,0.505,0.000,-49.145,1.311,1.507,14.0
1674,-2.494,0.505,0.000,-49.133,1.312,1.507,14.0
1675,-2.494,0.505,0.000,-49.121,1.312,1.507,14.0
1676,-2.494,0.505,0.000,-49.110,1.312,1.506,14.0
1677,-2.494,0.505,0.000,-49.099,1.313,1.506,14.0
1678,-2.494,0.505,0.000,-49.087,1.313,1.506,14.0
1679,-2.494,0.505,0.000,-49.076,1.313,1.506,14.0
1680,-2.494,0.505,0.000,-49.065,1.313,1.505,14.0
1681,-2.494,0.505,0.000,-49.054,1.314,1.505,14.0
1682,-2.494,0.505,0.000,-49.043,1.314,1.505,14.0
1683,-2.494,0.505,0.000,-49.032,1.314,1.505,14.0
1684,-2.494,0.505,0.000,-49.021,1.315,1.504,14.0
1685,-2.494,0.505,0.000,-49.011,1.315,1.504,14.0
1686,-2.494,0.505,0.000,-49.000,1.315,1.504,14.0
1687,-2.494,0.505,0.000,-48.989,1.315,1.504,14.0
1688,-2.494,0.505,0.000,-48.979,1.316,1.503,14.0
1689,-2.494,0.505,0.000,-48.968,1.316,1.503,14.0
1690,-2.494,0.505,0.000,-48.958,1.316,1.503,14.0
1691,-2.494,0.505,0.000,-48.948,1.317,1.503,14.0
1692,-2.494,0.505,0.000,-48.938,1.317,1.503,14.0
1693,-2.494,0.505,0.000,-48.928,1.317,1.502,14.0
1694,-2.494,0.505,0.000,-48.918,1.317,1.502,14.0
1695,-2.494,0.505,0.000,-48.908,1.318,1.502,14.0
1696,-2.494,0.505,0.000,-48.898,1.318,1.502,14.0
1697,-2.494,0.505,0.000,-48.888,1.318,1.501,14.0
1698,-2.494,0.505,0.000,-48.879,1.318,1.501,14.0
1699,-2.494,0.505,0.000,-48.869,1.319,1.501,14.0
1700,-2.494,0.505,0.000,-48.859,1.319,1.501,14.0
1701,-2.494,0.505,0.000,-48.850,1.319,1.500,14.0
1702,-2.494,0.505,0.000,-48.841,1.319,1.500,14.0
1703,-2.494,0.505,0.000,-48.831,1.320,1.500,14.0
1704,-2.494,0.505,0.000,-48.822,1.320,1.500,14.0
1705,-2.494,0.505,0.000,-48.813,1.320,1.500,14.0
1706,-2.494,0.505,0.000,-48.804,1.320,1.499,14.0
1707,-2.494,0.505,0.000,-48.795,1.321,1.499,14.0
1708,-2.494,0.505,0.000,-48.786,1.321,1.499,14.0
1709,-2.494,0.505,0.000,-48.777,1.321,1.499,14.0
1710,-2.494,0.505,0.000,-48.768,1.321,1.499,14.0
1711,-2.494,0.505,0.000,-48.759,1.321,1.498,14.0
1712,-2.494,0.505,0.000,-48.750,1.322,1.498,14.0
1713,-2.494,0.505,0.000,-48.742,1.322,1.498,14.0
1714,-2.494,0.505,0.000,-48.733,1.322,1.498,14.0
1715,-2.494,0.504,0.000,-48.724,1.322,1.498,14.0
1716,-2.494,0.504,0.000,-48.716,1.323,1.497,14.0
1717,-2.494,0.504,0.000,-48.707,1.323,1.497,14.0
1718,-2.494,0.504,0.000,-48.699,1.323,1.497,14.0
1719,-2.494,0.504,0.000,-48.691,1.323,1.497,14.0
1720,-2.494,0.504,0.000,-48.682,1.323,1.497,14.0
1721,-2.494,0.504,0.000,-48.674,1.324,1.496,14.0
1722,-2.494,0.504,0.000,-48.666,1.324,1.496,14.0
1723,-2.494,0.504,0.000,-48.658,1.324,1.496,14.0
1724,-2.494,0.504,0.000,-48.650,1.324,1.496,14.0
1725,-2.494,0.504,0.000,-48.642,1.325,1.496,14.0
1726,-2.494,0.504,0.000,-48.634,1.325,1.496,14.0
1727,-2.494,0.504,0.000,-48.626,1.325,1.495,14.0
1728,-2.494,0.504,0.000,-48.618,1.325,1.495,14.0
1729,-2.494,0.504,0.000,-48.610,1.325,1.495,14.0
1730,-2.494,0.504,0.000,-48.602,1.326,1.495,14.0
1731,-2.494,0.504,0.000,-48.595,1.326,1.495,14.0
1732,-2.494,0.504,0.000,-48.587,1.326,1.494,14.0
1733,-2.494,0.504,0.000,-48.579,1.326,1.494,14.0
1734,-2.494,0.504,0.000,-48.572,1.326,1.494,14.0
1735,-2.494,0.504,0.000,-48.564,1.327,1.494,14.0
1736,-2.494,0.504,0.000,-48.557,1.327,1.494,14.0
1737,-2.494,0.504,0.000,-48.549,1.327,1.494,14.0
1738,-2.494,0.504,0.000,-48.542,1.327,1.493,14.0
1739,-2.494,0.504,0.000,-48.535,1.327,1.493,14.0
1740,-2.494,0.504,0.000,-48.527,1.328,1.493,14.0
1741,-2.494,0.504,0.000,-48.520,1.328,1.493,14.0
1742,-2.494,0.504,0.000,-48.513,1.328,1.493,14.0
1743,-2.494,0.504,0.000,-48.506,1.328,1.493,14.0
1744,-2.494,0.504,0.000,-48.499,1.328,1.492,14.0
1745,-2.494,0.504,0.000,-48.491,1.328,1.492,14.0
1746,-2.494,0.504,0.000,-48.484,1.329,1.492,14.0
1747,-2.494,0.504,0.000,-48.477,1.329,1.492,14.0
1748,-2.494,0.504,0.000,-48.470,1.329,1.492,14.0
1749,-2.494,0.504,0.000,-48.463,1.329,1.492,14.0
1750,-2.494,0.504,0.000,-48.457,1.329,1.491,14.0
1751,-2.494,0.504,0.000,-48.450,1.330,1.491,14.0
1752,-2.494,0.504,0.000,-48.443,1.330,1.491,14.0
1753,-2.494,0.504,0.000,-48.436,1.330,1.491,14.0
1754,-2.494,0.504,0.000,-48.429,1.330,1.491,14.0
1755,-2.494,0.504,0.000,-48.423,1.330,1.491,14.0
1756,-2.494,0.504,0.000,-48.416,1.330,1.490,14.0
1757,-2.494,0.504,0.000,-48.409,1.331,1.490,14.0
1758,-2.494,0.504,0.000,-48.403,1.331,1.490,14.0
1759,-2.494,0.504,0.000,-48.396,1.331,1.490,14.0
1760,-2.494,0.504,0.000,-48.389,1.331,1.490,14.0
1761,-2.494,0.504,0.000,-48.383,1.331,1.490,14.0
1762,-2.494,0.504,0.000,-48.376,1.331,1.490,14.0
1763,-2.494,0.504,0.000,-48.370,1.332,1.489,14.0
1764,-2.494,0.504,0.000,-48.364,1.332,1.489,14.0
1765,-2.494,0.504,0.000,-48.357,1.332,1.489,14.0
1766,-2.494,0.504,0.000,-48.351,1.332,1.489,14.0
1767,-2.494,0.504,0.000,-48.344,1.332,1.489,14.0
1768,-2.494,0.504,0.000,-48.338,1.332,1.489,14.0
1769,-2.494,0.504,0.000,-48.332,1.333,1.489,14.0
1770,-2.494,0.504,0.000,-48.326,1.333,1.488,14.0
1771,-2.494,0.504,0.000,-48.319,1.333,1.488,14.0
1772,-2.494,0.504,0.000,-48.313,1.333,1.488,14.0
1773,-2.494,0.504,0.000,-48.307,1.333,1.488,14.0
1774,-2.494,0.504,0.000,-48.301,1.333,1.488,14.0
1775,-2.494,0.504,0.000,-48.295,1.334,1.488,14.0
1776,-2.494,0.504,0.000,-48.289,1.334,1.488,14.0
1777,-2.494,0.504,0.000,-48.283,1.334,1.487,14.0
1778,-2.494,0.504,0.000,-48.277,1.334,1.487,14.0
1779,-2.494,0.504,0.000,-48.271,1.334,1.487,14.0
1780,-2.494,0.504,0.000,-48.265,1.334,1.487,14.0
1781,-2.494,0.504,0.000,-48.259,1.335,1.487,14.0
1782,-2.494,0.504,0.000,-48.253,1.335,1.487,14.0
1783,-2.494,0.504,0.000,-48.247,1.335,1.487,14.0
1784,-2.494,0.504,0.000,-48.242,1.335,1.486,14.0
1785,-2.494,0.504,0.000,-48.236,1.335,1.486,14.0
1786,-2.494,0.504,0.000,-48.230,1.335,1.486,14.0
1787,-2.494,0.504,0.000,-48.224,1.335,1.486,14.0
1788,-2.494,0.504,0.000,-48.219,1.336,1.486,14.0
1789,-2.494,0.504,0.000,-48.213,1.336,1.486,14.0
1790,-2.494,0.504,0.000,-48.207,1.336,1.486,14.0
1791,-2.494,0.504,0.000,-48.202,1.336,1.485,14.0
1792,-2.494,0.504,0.000,-48.196,1.336,1.485,14.0
1793,-2.494,0.504,0.000,-48.191,1.336,1.485,14.0
1794,-2.494,0.504,0.000,-48.185,1.336,1.485,14.0
1795,-2.494,0.504,0.000,-48.180,1.337,1.485,14.0
1796,-2.494,0.504,0.000,-48.174,1.337,1.485,14.0
1797,-2.494,0.504,0.000,-48.169,1.337,1.485,14.0
1798,-2.494,0.504,0.000,-48.163,1.337,1.485,14.0
1799,-2.494,0.504,0.000,-48.158,1.337,1.484,14.0
1800,-2.494,0.504,0.000,-48.153,1.337,1.484,14.0
1801,-2.494,0.504,0.000,-48.147,1.337,1.484,14.0
1802,-2.494,0.504,0.000,-48.142,1.338,1.484,14.0
1803,-2.494,0.504,0.000,-48.137,1.338,1.484,14.0
1804,-2.494,0.504,0.000,-48.131,1.338,1.484,14.0
1805,-2.494,0.504,0.000,-48.126,1.338,1.484,14.0
1806,-2.494,0.504,0.000,-48.121,1.338,1.484,14.0
1807,-2.494,0.504,0.000,-48.116,1.338,1.483,14.0
1808,-2.494,0.504,0.000,-48.111,1.338,1.483,14.0
1809,-2.494,0.504,0.000,-48.106,1.338,1.483,14.0
1810,-2.494,0.504,0.000,-48.101,1.339,1.483,14.0
1811,-2.494,0.504,0.000,-48.096,1.339,1.483,14.0
1812,-2.494,0.504,0.000,-48.091,1.339,1.483,14.0
1813,-2.494,0.504,0.000,-48.086,1.339,1.483,14.0
1814,-2.494,0.504,0.000,-48.081,1.339,1.483,14.0
1815,-2.494,0.504,0.000,-48.076,1.339,1.483,14.0
1816,-2.494,0.504,0.000,-48.071,1.339,1.482,14.0
1817,-2.494,0.504,0.000,-48.066,1.340,1.482,14.0
1818,-2.494,0.504,0.000,-48.061,1.340,1.482,14.0
1819,-2.494,0.504,0.000,-48.056,1.340,1.482,14.0
1820,-2.494,0.504,0.000,-48.051,1.340,1.482,14.0
1821,-2.494,0.504,0.000,-48.047,1.340,1.482,14.0
1822,-2.494,0.504,0.000,-48.042,1.340,1.482,14.0
1823,-2.494,0.504,0.000,-48.037,1.340,1.482,14.0
1824,-2.494,0.504,0.000,-48.032,1.340,1.482,14.0
1825,-2.494,0.504,0.000,-48.028,1.341,1.481,14.0
1826,-2.494,0.504,0.000,-48.023,1.341,1.481,14.0
1827,-2.494,0.504,0.000,-48.018,1.341,1.481,14.0
1828,-2.494,0.504,0.000,-48.014,1.341,1.481,14.0
1829,-2.494,0.504,0.000,-48.009,1.341,1.481,14.0
1830,-2.494,0.504,0.000,-48.005,1.341,1.481,14.0
1831,-2.494,0.504,0.000,-48.000,1.341,1.481,14.0
1832,-2.494,0.504,0.000,-47.996,1.341,1.481,14.0
1833,-2.494,0.504,0.000,-47.991,1.341,1.481,14.0
1834,-2.494,0.504,0.000,-47.987,1.342,1.480,14.0
1835,-2.494,0.504,0.000,-47.982,1.342,1.480,14.0
1836,-2.494,0.504,0.000,-47.978,1.342,1.480,14.0
1837,-2.494,0.504,0.000,-47.973,1.342,1.480,14.0
1838,-2.494,0.504,0.000,-47.969,1.342,1.480,14.0
1839,-2.494,0.504,0.000,-47.965,1.342,1.480,14.0
1840,-2.494,0.504,0.000,-47.961,1.342,1.480,14.0
1841,-2.494,0.504,0.000,-47.956,1.342,1.480,14.0
1842,-2.494,0.504,0.000,-47.952,1.342,1.480,14.0
1843,-2.494,0.504,0.000,-47.948,1.343,1.480,14.0
1844,-2.494,0.504,0.000,-47.944,1.343,1.479,14.0
1845,-2.494,0.504,0.000,-47.939,1.343,1.479,14.0
1846,-2.494,0.504,0.000,-47.935,1.343,1.479,14.0
1847,-2.494,0.504,0.000,-47.931,1.343,1.479,14.0
1848,-2.494,0.504,0.000,-47.927,1.343,1.479,14.0
1849,-2.494,0.504,0.000,-47.923,1.343,1.479,14.0
1850,-2.494,0.504,0.000,-47.919,1.343,1.479,14.0
1851,-2.494,0.504,0.000,-47.915,1.343,1.479,14.0
1852,-2.494,0.504,0.000,-47.911,1.344,1.479,14.0
1853,-2.494,0.504,0.000,-47.907,1.344,1.479,14.0
1854,-2.494,0.504,0.000,-47.903,1.344,1.478,14.0
1855,-2.494,0.504,0.000,-47.899,1.344,1.478,14.0
1856,-2.494,0.504,0.000,-47.895,1.344,1.478,14.0
1857,-2.494,0.504,0.000,-47.891,1.344,1.478,14.0
1858,-2.494,0.504,0.000,-47.887,1.344,1.478,14.0
1859,-2.494,0.504,0.000,-47.883,1.344,1.478,14.0
1860,-2.494,0.504,0.000,-47.880,1.344,1.478,14.0
1861,-2.494,0.504,0.000,-47.876,1.344,1.478,14.0
1862,-2.494,0.504,0.000,-47.872,1.345,1.478,14.0
1863,-2.494,0.504,0.000,-47.868,1.345,1.478,14.0
1864,-2.494,0.504,0.000,-47.865,1.345,1.478,14.0
1865,-2.494,0.504,0.000,-47.861,1.345,1.478,14.0
1866,-2.494,0.504,0.000,-47.857,1.345,1.477,14.0
1867,-2.494,0.504,0.000,-47.853,1.345,1.477,14.0
1868,-2.494,0.504,0.000,-47.850,1.345,1.477,14.0
1869,-2.494,0.504,0.000,-47.846,1.345,1.477,14.0
1870,-2.494,0.504,0.000,-47.843,1.345,1.477,14.0
1871,-2.494,0.504,0.000,-47.839,1.345,1.477,14.0
1872,-2.494,0.504,0.000,-47.835,1.345,1.477,14.0
1873,-2.494,0.504,0.000,-47.832,1.346,1.477,14.0
1874,-2.494,0.504,0.000,-47.828,1.346,1.477,14.0
1875,-2.494,0.504,0.000,-47.825,1.346,1.477,14.0
1876,-2.494,0.504,0.000,-47.821,1.346,1.477,14.0
1877,-2.494,0.504,0.000,-47.818,1.346,1.476,14.0
1878,-2.494,0.504,0.000,-47.815,1.346,1.476,14.0
1879,-2.494,0.504,0.000,-47.811,1.346,1.476,14.0
1880,-2.494,0.504,0.000,-47.808,1.346,1.476,14.0
1881,-2.494,0.504,0.000,-47.804,1.346,1.476,14.0
1882,-2.494,0.504,0.000,-47.801,1.346,1.476,14.0
1883,-2.494,0.504,0.000,-47.798,1.346,1.476,14.0
1884,-2.494,0.504,0.000,-47.794,1.347,1.476,14.0
1885,-2.494,0.504,0.000,-47.791,1.347,1.476,14.0
1886,-2.494,0.504,0.000,-47.788,1.347,1.476,14.0
1887,-2.494,0.504,0.000,-47.784,1.347,1.476,14.0
1888,-2.494,0.504,0.000,-47.781,1.347,1.476,14.0
1889,-2.494,0.504,0.000,-47.778,1.347,1.476,14.0
1890,-2.494,0.504,0.000,-47.775,1.347,1.475,14.0
1891,-2.494,0.504,0.000,-47.772,1.347,1.475,14.0
1892,-2.494,0.504,0.000,-47.768,1.347,1.475,14.0
1893,-2.494,0.504,0.000,-47.765,1.347,1.475,14.0
1894,-2.494,0.504,0.000,-47.762,1.347,1.475,14.0
1895,-2.494,0.504,0.000,-47.759,1.347,1.475,14.0
1896,-2.494,0.504,0.000,-47.756,1.348,1.475,14.0
1897,-2.494,0.504,0.000,-47.753,1.348,1.475,14.0
1898,-2.494,0.504,0.000,-47.750,1.348,1.475,14.0
1899,-2.494,0.504,0.000,-47.746,1.348,1.475,14.0
1900,-2.494,0.504,0.000,-47.743,1.348,1.475,14.0
1901,-2.494,0.504,0.000,-47.740,1.348,1.475,14.0
1902,-2.494,0.504,0.000,-47.737,1.348,1.475,14.0
1903,-2.494,0.504,0.000,-47.734,1.348,1.475,14.0
1904,-2.494,0.504,0.000,-47.731,1.348,1.474,14.0
1905,-2.494,0.504,0.000,-47.728,1.348,1.474,14.0
1906,-2.494,0.504,0.000,-47.725,1.348,1.474,14.0
1907,-2.494,0.504,0.000,-47.722,1.348,1.474,14.0
1908,-2.494,0.504,0.000,-47.719,1.348,1.474,14.0
1909,-2.494,0.504,0.000,-47.716,1.349,1.474,14.0
1910,-2.494,0.504,0.000,-47.713,1.349,1.474,14.0
1911,-2.494,0.504,0.000,-47.710,1.349,1.474,14.0
1912,-2.494,0.504,0.000,-47.708,1.349,1.474,14.0
1913,-2.494,0.504,0.000,-47.705,1.349,1.474,14.0
1914,-2.494,0.504,0.000,-47.702,1.349,1.474,14.0
1915,-2.494,0.504,0.000,-47.699,1.349,1.474,14.0
1916,-2.494,0.504,0.000,-47.696,1.349,1.474,14.0
1917,-2.494,0.504,0.000,-47.693,1.349,1.474,14.0
1918,-2.494,0.504,0.000,-47.690,1.349,1.473,14.0
1919,-2.494,0.504,0.000,-47.687,1.349,1.473,14.0
1920,-2.494,0.504,0.000,-47.684,1.349,1.473,14.0
1921,-2.494,0.504,0.000,-47.681,1.349,1.473,14.0
1922,-2.494,0.504,0.000,-47.679,1.350,1.473,14.0
1923,-2.494,0.504,0.000,-47.676,1.350,1.473,14.0
1924,-2.494,0.504,0.000,-47.673,1.350,1.473,14.0
1925,-2.494,0.504,0.000,-47.670,1.350,1.473,14.0
1926,-2.494,0.504,0.000,-47.667,1.350,1.473,14.0
1927,-2.494,0.504,0.000,-47.664,1.350,1.473,14.0
1928,-2.494,0.504,0.000,-47.661,1.350,1.473,14.0
1929,-2.494,0.504,0.000,-47.658,1.350,1.473,14.0
1930,-2.494,0.504,0.000,-47.656,1.350,1.473,14.0
1931,-2.494,0.504,0.000,-47.653,1.350,1.473,14.0
1932,-2.494,0.504,0.000,-47.650,1.350,1.473,14.0
1933,-2.494,0.504,0.000,-47.647,1.350,1.472,14.0
1934,-2.494,0.504,0.000,-47.644,1.350,1.472,14.0
1935,-2.494,0.504,0.000,-47.641,1.350,1.472,14.0
1936,-2.494,0.504,0.000,-47.638,1.351,1.472,14.0
1937,-2.494,0.504,0.000,-47.635,1.351,1.472,14.0
1938,-2.494,0.504,0.000,-47.633,1.351,1.472,14.0
1939,-2.494,0.504,0.000,-47.630,1.351,1.472,14.0
1940,-2.494,0.504,0.000,-47.627,1.351,1.472,14.0
1941,-2.494,0.504,0.000,-47.624,1.351,1.472,14.0
1942,-2.494,0.504,0.000,-47.621,1.351,1.472,14.0
1943,-2.494,0.504,0.000,-47.618,1.351,1.472,14.0
1944,-2.494,0.504,0.000,-47.615,1.351,1.472,14.0
1945,-2.494,0.504,0.000,-47.612,1.351,1.472,14.0
1946,-2.494,0.504,0.000,-47.609,1.351,1.472,14.0
1947,-2.494,0.504,0.000,-47.606,1.351,1.472,14.0
1948,-2.494,0.503,0.000,-47.603,1.351,1.471,14.0
1949,-2.494,0.503,0.000,-47.600,1.352,1.471,14.0
1950,-2.494,0.503,0.000,-47.597,1.352,1.471,14.0
1951,-2.494,0.503,0.000,-47.594,1.352,1.471,14.0
1952,-2.494,0.503,0.000,-47.591,1.352,1.471,14.0
1953,-2.494,0.503,0.000,-47.588,1.352,1.471,14.0
1954,-2.494,0.503,0.000,-47.585,1.352,1.471,14.0
1955,-2.494,0.503,0.000,-47.582,1.352,1.471,14.0
1956,-2.494,0.503,0.000,-47.579,1.352,1.471,14.0
1957,-2.494,0.503,0.000,-47.576,1.352,1.471,14.0
1958,-2.494,0.503,0.000,-47.573,1.352,1.471,14.0
1959,-2.494,0.503,0.000,-47.570,1.352,1.471,14.0
1960,-2.494,0.503,0.000,-47.567,1.352,1.471,14.0
1961,-2.494,0.503,0.000,-47.564,1.352,1.471,14.0
1962,-2.494,0.503,0.000,-47.561,1.353,1.470,14.0
1963,-2.494,0.503,0.000,-47.558,1.353,1.470,14.0
1964,-2.494,0.503,0.000,-47.555,1.353,1.470,14.0
1965,-2.494,0.503,0.000,-47.551,1.353,1.470,14.0
1966,-2.494,0.503,0.000,-47.548,1.353,1.470,14.0
1967,-2.494,0.503,0.000,-47.545,1.353,1.470,14.0
1968,-2.494,0.503,0.000,-47.542,1.353,1.470,14.0
1969,-2.494,0.503,0.000,-47.539,1.353,1.470,14.0
1970,-2.494,0.503,0.000,-47.535,1.353,1.470,14.0
1971,-2.494,0.503,0.000,-47.532,1.353,1.470,14.0
1972,-2.494,0.503,0.000,-47.529,1.353,1.470,14.0
1973,-2.494,0.503,0.000,-47.526,1.353,1.470,14.0
1974,-2.494,0.503,0.000,-47.522,1.354,1.470,14.0
1975,-2.494,0.503,0.000,-47.519,1.354,1.469,14.0
1976,-2.494,0.503,0.000,-47.516,1.354,1.469,14.0
1977,-2.494,0.503,0.000,-47.512,1.354,1.469,14.0
1978,-2.494,0.503,0.000,-47.509,1.354,1.469,14.0
1979,-2.494,0.503,0.000,-47.506,1.354,1.469,14.0
1980,-2.494,0.503,0.000,-47.502,1.354,1.469,14.0
1981,-2.494,0.503,0.000,-47.499,1.354,1.469,14.0
1982,-2.494,0.503,0.000,-47.496,1.354,1.469,14.0
1983,-2.494,0.503,0.000,-47.492,1.354,1.469,14.0
1984,-2.494,0.503,0.000,-47.489,1.354,1.469,14.0
1985,-2.494,0.503,0.000,-47.485,1.354,1.469,14.0
1986,-2.494,0.503,0.000,-47.482,1.355,1.469,14.0
1987,-2.494,0.503,0.000,-47.478,1.355,1.468,14.0
1988,-2.494,0.503,0.000,-47.475,1.355,1.468,14.0
1989,-2.494,0.503,0.000,-47.471,1.355,1.468,14.0
1990,-2.494,0.503,0.000,-47.468,1.355,1.468,14.0
1991,-2.494,0.503,0.000,-47.464,1.355,1.468,14.0
1992,-2.494,0.503,0.000,-47.461,1.355,1.468,14.0
1993,-2.494,0.503,0.000,-47.457,1.355,1.468,14.0
1994,-2.494,0.503,0.000,-47.454,1.355,1.468,14.0
1995,-2.494,0.503,0.000,-47.450,1.355,1.468,14.0
1996,-2.494,0.503,0.000,-47.446,1.355,1.468,14.0
1997,-2.494,0.503,0.000,-47.443,1.356,1.468,14.0
1998,-2.494,0.503,0.000,-47.439,1.356,1.468,14.0
1999,-2.494,0.503,0.000,-47.436,1.356,1.467,14.0
2000,-2.494,0.503,0.000,-47.432,1.356,1.467,14.0
2001,-2.494,0.503,0.000,-47.428,1.356,1.467,14.0
2002,-2.494,0.503,0.000,-47.425,1.356,1.467,14.0
2003,-2.494,0.503,0.000,-47.421,1.356,1.467,14.0
2004,-2.494,0.503,0.000,-47.417,1.356,1.467,14.0
2005,-2.494,0.503,0.000,-47.414,1.356,1.467,14.0
2006,-2.494,0.503,0.000,-47.410,1.356,1.467,14.0
2007,-2.494,0.503,0.000,-47.406,1.356,1.467,14.0
2008,-2.494,0.503,0.000,-47.403,1.357,1.467,14.0
2009,-2.494,0.503,0.000,-47.399,1.357,1.467,14.0
2010,-2.494,0.503,0.000,-47.395,1.357,1.467,14.0
2011,-2.494,0.503,0.000,-47.391,1.357,1.466,14.0
2012,-2.494,0.503,0.000,-47.388,1.357,1.466,14.0
2013,-2.494,0.503,0.000,-47.384,1.357,1.466,14.0
2014,-2.494,0.503,0.000,-47.380,1.357,1.466,14.0
2015,-2.494,0.503,0.000,-47.377,1.357,1.466,14.0
2016,-2.494,0.503,0.000,-47.373,1.357,1.466,14.0
2017,-2.494,0.503,0.000,-47.369,1.357,1.466,14.0
2018,-2.494,0.503,0.000,-47.366,1.358,1.466,14.0
2019,-2.494,0.503,0.000,-47.362,1.358,1.466,14.0
2020,-2.494,0.503,0.000,-47.358,1.358,1.466,14.0
2021,-2.494,0.503,0.000,-47.355,1.358,1.466,14.0
2022,-2.494,0.503,0.000,-47.351,1.358,1.465,14.0
2023,-2.494,0.503,0.000,-47.348,1.358,1.465,14.0
2024,-2.494,0.503,0.000,-47.344,1.358,1.465,14.0
2025,-2.494,0.503,0.000,-47.340,1.358,1.465,14.0
2026,-2.494,0.503,0.000,-47.337,1.358,1.465,14.0
2027,-2.494,0.503,0.000,-47.333,1.358,1.465,14.0
2028,-2.494,0.503,0.000,-47.330,1.358,1.465,14.0
2029,-2.494,0.503,0.000,-47.326,1.359,1.465,14.0
2030,-2.494,0.503,0.000,-47.323,1.359,1.465,14.0
2031,-2.494,0.503,0.000,-47.319,1.359,1.465,14.0
2032,-2.494,0.503,0.000,-47.315,1.359,1.465,14.0
2033,-2.494,0.503,0.000,-47.312,1.359,1.465,14.0
2034,-2.494,0.503,0.000,-47.308,1.359,1.464,14.0
2035,-2.494,0.503,0.000,-47.305,1.359,1.464,14.0
2036,-2.494,0.503,0.000,-47.302,1.359,1.464,14.0
2037,-2.494,0.503,0.000,-47.298,1.359,1.464,14.0
2038,-2.494,0.503,0.000,-47.295,1.359,1.464,14.0
2039,-2.494,0.503,0.000,-47.291,1.359,1.464,14.0
2040,-2.494,0.503,0.000,-47.288,1.360,1.464,14.0
2041,-2.494,0.503,0.000,-47.284,1.360,1.464,14.0
2042,-2.494,0.503,0.000,-47.281,1.360,1.464,14.0
2043,-2.494,0.503,0.000,-47.278,1.360,1.464,14.0
2044,-2.494,0.503,0.000,-47.274,1.360,1.464,14.0
2045,-2.494,0.503,0.000,-47.271,1.360,1.464,14.0
2046,-2.494,0.503,0.000,-47.268,1.360,1.464,14.0
2047,-2.494,0.503,0.000,-47.265,1.360,1.463,14.0
2048,-2.494,0.503,0.000,-47.261,1.360,1.463,14.0
2049,-2.494,0.503,0.000,-47.258,1.360,1.463,14.0
2050,-2.494,0.503,0.000,-47.255,1.360,1.463,14.0
2051,-2.494,0.503,0.000,-47.252,1.360,1.463,14.0
2052,-2.494,0.503,0.000,-47.249,1.361,1.463,14.0
2053,-2.494,0.503,0.000,-47.246,1.361,1.463,14.0
2054,-2.494,0.503,0.000,-47.243,1.361,1.463,14.0
2055,-2.494,0.503,0.000,-47.239,1.361,1.463,14.0
2056,-2.494,0.503,0.000,-47.236,1.361,1.463,14.0
2057,-2.494,0.503,0.000,-47.233,1.361,1.463,14.0
2058,-2.494,0.503,0.000,-47.230,1.361,1.463,14.0
2059,-2.494,0.503,0.000,-47.227,1.361,1.463,14.0
2060,-2.494,0.503,0.000,-47.224,1.361,1.462,14.0
2061,-2.494,0.503,0.000,-47.222,1.361,1.462,14.0
2062,-2.494,0.503,0.000,-47.219,1.361,1.462,14.0
2063,-2.494,0.503,0.000,-47.216,1.361,1.462,14.0
2064,-2.494,0.503,0.000,-47.213,1.361,1.462,14.0
2065,-2.494,0.503,0.000,-47.210,1.362,1.462,14.0
2066,-2.494,0.503,0.000,-47.207,1.362,1.462,14.0
2067,-2.494,0.503,0.000,-47.205,1.362,1.462,14.0
2068,-2.494,0.503,0.000,-47.202,1.362,1.462,14.0
2069,-2.494,0.503,0.000,-47.199,1.362,1.462,14.0
2070,-2.494,0.503,0.000,-47.196,1.362,1.462,14.0
2071,-2.494,0.503,0.000,-47.194,1.362,1.462,14.0
2072,-2.494,0.503,0.000,-47.191,1.362,1.462,14.0
2073,-2.494,0.503,0.000,-47.189,1.362,1.462,14.0
2074,-2.494,0.503,0.000,-47.186,1.362,1.462,14.0
2075,-2.494,0.503,0.000,-47.184,1.362,1.462,14.0
2076,-2.494,0.503,0.000,-47.181,1.362,1.461,14.0
2077,-2.494,0.503,0.000,-47.179,1.362,1.461,14.0
2078,-2.494,0.503,0.000,-47.176,1.362,1.461,14.0
2079,-2.494,0.503,0.000,-47.174,1.362,1.461,14.0
2080,-2.494,0.503,0.000,-47.171,1.362,1.461,14.0
2081,-2.494,0.503,0.000,-47.169,1.363,1.461,14.0
2082,-2.494,0.503,0.000,-47.167,1.363,1.461,14.0
2083,-2.494,0.503,0.000,-47.164,1.363,1.461,14.0
2084,-2.494,0.503,0.000,-47.162,1.363,1.461,14.0
2085,-2.494,0.503,0.000,-47.160,1.363,1.461,14.0
2086,-2.494,0.503,0.000,-47.158,1.363,1.461,14.0
2087,-2.494,0.503,0.000,-47.156,1.363,1.461,14.0
2088,-2.494,0.503,0.000,-47.153,1.363,1.461,14.0
2089,-2.494,0.503,0.000,-47.151,1.363,1.461,14.0
2090,-2.494,0.503,0.000,-47.149,1.363,1.461,14.0
2091,-2.494,0.503,0.000,-47.147,1.363,1.461,14.0
2092,-2.494,0.503,0.000,-47.145,1.363,1.461,14.0
2093,-2.494,0.503,0.000,-47.143,1.363,1.461,14.0
2094,-2.494,0.503,0.000,-47.141,1.363,1.460,14.0
2095,-2.494,0.503,0.000,-47.139,1.363,1.460,14.0
2096,-2.494,0.503,0.000,-47.137,1.363,1.460,14.0
2097,-2.494,0.503,0.000,-47.136,1.363,1.460,14.0
2098,-2.494,0.503,0.000,-47.134,1.363,1.460,14.0
2099,-2.494,0.503,0.000,-47.132,1.364,1.460,14.0
2100,-2.494,0.503,0.000,-47.130,1.364,1.460,14.0
2101,-2.494,0.503,0.000,-47.128,1.364,1.460,14.0
2102,-2.494,0.503,0.000,-47.127,1.364,1.460,14.0
2103,-2.494,0.503,0.000,-47.125,1.364,1.460,14.0
2104,-2.494,0.503,0.000,-47.123,1.364,1.460,14.0
2105,-2.494,0.503,0.000,-47.122,1.364,1.460,14.0
2106,-2.494,0.503,0.000,-47.120,1.364,1.460,14.0
2107,-2.494,0.503,0.000,-47.119,1.364,1.460,14.0
2108,-2.494,0.503,0.000,-47.117,1.364,1.460,14.0
2109,-2.494,0.503,0.000,-47.116,1.364,1.460,14.0
2110,-2.494,0.503,0.000,-47.114,1.364,1.460,14.0
2111,-2.494,0.503,0.000,-47.113,1.364,1.460,14.0
2112,-2.494,0.503,0.000,-47.111,1.364,1.460,14.0
2113,-2.494,0.503,0.000,-47.110,1.364,1.460,14.0
2114,-2.494,0.503,0.000,-47.109,1.364,1.460,14.0
2115,-2.494,0.503,0.000,-47.108,1.364,1.460,14.0
2116,-2.494,0.503,0.000,-47.106,1.364,1.460,14.0
2117,-2.494,0.503,0.000,-47.105,1.364,1.460,14.0
2118,-2.494,0.503,0.000,-47.104,1.364,1.460,14.0
2119,-2.494,0.503,0.000,-47.103,1.364,1.460,14.0
2120,-2.494,0.503,0.000,-47.102,1.364,1.460,14.0
2121,-2.494,0.503,0.000,-47.100,1.364,1.460,14.0
2122,-2.494,0.503,0.000,-47.099,1.364,1.459,14.0
2123,-2.494,0.503,0.000,-47.098,1.364,1.459,14.0
2124,-2.494,0.503,0.000,-47.097,1.364,1.459,14.0
2125,-2.494,0.503,0.000,-47.096,1.364,1.459,14.0
2126,-2.494,0.503,0.000,-47.095,1.364,1.459,14.0
2127,-2.494,0.503,0.000,-47.094,1.364,1.459,14.0
2128,-2.494,0.503,0.000,-47.094,1.364,1.459,14.0
2129,-2.494,0.503,0.000,-47.093,1.364,1.459,14.0
2130,-2.494,0.503,0.000,-47.092,1.365,1.459,14.0
2131,-2.494,0.503,0.000,-47.091,1.365,1.459,14.0
2132,-2.494,0.503,0.000,-47.090,1.365,1.459,14.0
2133,-2.494,0.503,0.000,-47.090,1.365,1.459,14.0
2134,-2.494,0.503,0.000,-47.089,1.365,1.459,14.0
2135,-2.494,0.503,0.000,-47.088,1.365,1.459,14.0
2136,-2.494,0.503,0.000,-47.088,1.365,1.459,14.0
2137,-2.494,0.503,0.000,-47.087,1.365,1.459,14.0
2138,-2.494,0.503,0.000,-47.086,1.365,1.459,14.0
2139,-2.494,0.503,0.000,-47.086,1.365,1.459,14.0
2140,-2.494,0.503,0.000,-47.085,1.365,1.459,14.0
2141,-2.494,0.503,0.000,-47.085,1.365,1.459,14.0
2142,-2.494,0.503,0.000,-47.084,1.365,1.459,14.0
2143,-2.494,0.503,0.000,-47.084,1.365,1.459,14.0
2144,-2.494,0.503,0.000,-47.084,1.365,1.459,14.0
2145,-2.494,0.503,0.000,-47.083,1.365,1.459,14.0
2146,-2.494,0.503,0.000,-47.083,1.365,1.459,14.0
2147,-2.494,0.503,0.000,-47.082,1.365,1.459,14.0
2148,-2.494,0.503,0.000,-47.082,1.365,1.459,14.0
2149,-2.494,0.503,0.000,-47.082,1.365,1.459,14.0
2150,-2.494,0.503,0.000,-47.082,1.365,1.459,14.0
2151,-2.494,0.503,0.000,-47.081,1.365,1.459,14.0
2152,-2.494,0.503,0.000,-47.081,1.365,1.459,14.0
2153,-2.494,0.503,0.000,-47.081,1.365,1.459,14.0
2154,-2.494,0.503,0.000,-47.081,1.365,1.459,14.0
2155,-2.494,0.503,0.000,-47.081,1.365,1.459,14.0
2156,-2.494,0.503,0.000,-47.081,1.365,1.459,14.0
2157,-2.494,0.503,0.000,-47.081,1.365,1.459,14.0
2158,-2.494,0.503,0.000,-47.081,1.365,1.459,14.0
2159,-2.494,0.503,0.000,-47.081,1.365,1.459,14.0
2160,-2.494,0.503,0.000,-47.081,1.365,1.459,14.0
2161,-2.494,0.503,0.000,-47.081,1.365,1.459,14.0
2162,-2.494,0.503,0.000,-47.081,1.365,1.459,14.0
2163,-2.494,0.503,0.000,-47.081,1.365,1.459,14.0
2164,-2.494,0.503,0.000,-47.081,1.365,1.459,14.0
2165,-2.494,0.503,0.000,-47.082,1.365,1.459,14.0
2166,-2.494,0.503,0.000,-47.082,1.365,1.459,14.0
2167,-2.494,0.503,0.000,-47.082,1.365,1.459,14.0
2168,-2.494,0.503,0.000,-47.082,1.365,1.459,14.0
2169,-2.494,0.503,0.000,-47.083,1.365,1.459,14.0
2170,-2.494,0.503,0.000,-47.083,1.365,1.459,14.0
2171,-2.494,0.503,0.000,-47.083,1.365,1.459,14.0
2172,-2.494,0.503,0.000,-47.084,1.365,1.459,14.0
2173,-2.494,0.503,0.000,-47.084,1.365,1.459,14.0
2174,-2.494,0.503,0.000,-47.084,1.365,1.459,14.0
2175,-2.494,0.503,0.000,-47.085,1.365,1.459,14.0
2176,-2.494,0.503,0.000,-47.085,1.365,1.459,14.0
2177,-2.494,0.503,0.000,-47.086,1.365,1.459,14.0
2178,-2.494,0.503,0.000,-47.086,1.365,1.459,14.0
2179,-2.494,0.503,0.000,-47.087,1.365,1.459,14.0
2180,-2.494,0.503,0.000,-47.087,1.365,1.459,14.0
2181,-2.494,0.503,0.000,-47.088,1.365,1.459,14.0
2182,-2.494,0.503,0.000,-47.089,1.365,1.459,14.0
2183,-2.494,0.503,0.000,-47.089,1.365,1.459,14.0
2184,-2.494,0.503,0.000,-47.090,1.365,1.459,14.0
2185,-2.494,0.503,0.000,-47.091,1.365,1.459,14.0
2186,-2.494,0.503,0.000,-47.091,1.365,1.459,14.0
2187,-2.494,0.503,0.000,-47.092,1.365,1.459,14.0
2188,-2.494,0.503,0.000,-47.093,1.364,1.459,14.0
2189,-2.494,0.503,0.000,-47.094,1.364,1.459,14.0
2190,-2.494,0.503,0.000,-47.095,1.364,1.459,14.0
2191,-2.494,0.503,0.000,-47.095,1.364,1.459,14.0
2192,-2.494,0.503,0.000,-47.096,1.364,1.459,14.0
2193,-2.494,0.503,0.000,-47.097,1.364,1.459,14.0
2194,-2.494,0.503,0.000,-47.098,1.364,1.459,14.0
2195,-2.494,0.503,0.000,-47.099,1.364,1.459,14.0
2196,-2.494,0.503,0.000,-47.100,1.364,1.460,14.0
2197,-2.494,0.503,0.000,-47.101,1.364,1.460,14.0
2198,-2.494,0.503,0.000,-47.102,1.364,1.460,14.0
2199,-2.494,0.503,0.000,-47.103,1.364,1.460,14.0
2200,-2.494,0.503,0.000,-47.104,1.364,1.460,14.0
2201,-2.494,0.503,0.000,-47.105,1.364,1.460,14.0
2202,-2.494,0.503,0.000,-47.107,1.364,1.460,14.0
2203,-2.494,0.503,0.000,-47.108,1.364,1.460,14.0
2204,-2.494,0.503,0.000,-47.109,1.364,1.460,14.0
2205,-2.494,0.503,0.000,-47.110,1.364,1.460,14.0
2206,-2.494,0.503,0.000,-47.111,1.364,1.460,14.0
2207,-2.494,0.503,0.000,-47.113,1.364,1.460,14.0
2208,-2.494,0.503,0.000,-47.114,1.364,1.460,14.0
2209,-2.494,0.503,0.000,-47.115,1.364,1.460,14.0
2210,-2.494,0.503,0.000,-47.116,1.364,1.460,14.0
2211,-2.494,0.503,0.000,-47.118,1.364,1.460,14.0
2212,-2.494,0.503,0.000,-47.119,1.364,1.460,14.0
2213,-2.494,0.503,0.000,-47.121,1.364,1.460,14.0
2214,-2.494,0.503,0.000,-47.122,1.364,1.460,14.0
2215,-2.494,0.503,0.000,-47.123,1.364,1.460,14.0
2216,-2.494,0.503,0.000,-47.125,1.364,1.460,14.0
2217,-2.494,0.503,0.000,-47.126,1.364,1.460,14.0
2218,-2.494,0.503,0.000,-47.128,1.364,1.460,14.0
2219,-2.494,0.503,0.000,-47.129,1.364,1.460,14.0
2220,-2.494,0.503,0.000,-47.131,1.364,1.460,14.0
2221,-2.494,0.503,0.000,-47.133,1.363,1.460,14.0
2222,-2.494,0.503,0.000,-47.134,1.363,1.460,14.0
2223,-2.494,0.503,0.000,-47.136,1.363,1.460,14.0
2224,-2.494,0.503,0.000,-47.137,1.363,1.460,14.0
2225,-2.494,0.503,0.000,-47.139,1.363,1.460,14.0
2226,-2.494,0.503,0.000,-47.141,1.363,1.460,14.0
2227,-2.494,0.503,0.000,-47.143,1.363,1.461,14.0
2228,-2.494,0.503,0.000,-47.144,1.363,1.461,14.0
2229,-2.494,0.503,0.000,-47.146,1.363,1.461,14.0
2230,-2.494,0.503,0.000,-47.148,1.363,1.461,14.0
2231,-2.494,0.503,0.000,-47.150,1.363,1.461,14.0
2232,-2.494,0.503,0.000,-47.152,1.363,1.461,14.0
2233,-2.494,0.503,0.000,-47.153,1.363,1.461,14.0
2234,-2.494,0.503,0.000,-47.155,1.363,1.461,14.0
2235,-2.494,0.503,0.000,-47.157,1.363,1.461,14.0
2236,-2.494,0.503,0.000,-47.159,1.363,1.461,14.0
2237,-2.494,0.503,0.000,-47.161,1.363,1.461,14.0
2238,-2.494,0.503,0.000,-47.163,1.363,1.461,14.0
2239,-2.494,0.503,0.000,-47.165,1.363,1.461,14.0
2240,-2.494,0.503,0.000,-47.167,1.363,1.461,14.0
2241,-2.494,0.503,0.000,-47.169,1.363,1.461,14.0
2242,-2.494,0.503,0.000,-47.171,1.362,1.461,14.0
2243,-2.494,0.503,0.000,-47.173,1.362,1.461,14.0
2244,-2.494,0.503,0.000,-47.175,1.362,1.461,14.0
2245,-2.494,0.503,0.000,-47.177,1.362,1.461,14.0
2246,-2.494,0.503,0.000,-47.180,1.362,1.461,14.0
2247,-2.494,0.503,0.000,-47.182,1.362,1.461,14.0
2248,-2.494,0.503,0.000,-47.184,1.362,1.462,14.0
2249,-2.494,0.503,0.000,-47.186,1.362,1.462,14.0
2250,-2.494,0.503,0.000,-47.188,1.362,1.462,14.0
2251,-2.494,0.503,0.000,-47.190,1.362,1.462,14.0
2252,-2.494,0.503,0.000,-47.193,1.362,1.462,14.0
2253,-2.494,0.503,0.000,-47.195,1.362,1.462,14.0
2254,-2.494,0.503,0.000,-47.197,1.362,1.462,14.0
2255,-2.494,0.503,0.000,-47.199,1.362,1.462,14.0
2256,-2.494,0.503,0.000,-47.202,1.362,1.462,14.0
2257,-2.494,0.503,0.000,-47.204,1.362,1.462,14.0
2258,-2.494,0.503,0.000,-47.206,1.362,1.462,14.0
2259,-2.494,0.503,0.000,-47.209,1.362,1.462,14.0
2260,-2.494,0.503,0.000,-47.211,1.361,1.462,14.0
2261,-2.494,0.503,0.000,-47.213,1.361,1.462,14.0
2262,-2.494,0.503,0.000,-47.216,1.361,1.462,14.0
2263,-2.494,0.503,0.000,-47.218,1.361,1.462,14.0
2264,-2.494,0.503,0.000,-47.221,1.361,1.462,14.0
2265,-2.494,0.503,0.000,-47.223,1.361,1.462,14.0
2266,-2.494,0.503,0.000,-47.225,1.361,1.462,14.0
2267,-2.494,0.503,0.000,-47.228,1.361,1.463,14.0
2268,-2.494,0.503,0.000,-47.230,1.361,1.463,14.0
2269,-2.494,0.503,0.000,-47.233,1.361,1.463,14.0
2270,-2.494,0.503,0.000,-47.235,1.361,1.463,14.0
2271,-2.494,0.503,0.000,-47.238,1.361,1.463,14.0
2272,-2.494,0.503,0.000,-47.240,1.361,1.463,14.0
2273,-2.494,0.503,0.000,-47.243,1.361,1.463,14.0
2274,-2.494,0.503,0.000,-47.245,1.361,1.463,14.0
2275,-2.494,0.503,0.000,-47.247,1.361,1.463,14.0
2276,-2.494,0.503,0.000,-47.250,1.360,1.463,14.0
2277,-2.494,0.503,0.000,-47.252,1.360,1.463,14.0
2278,-2.494,0.503,0.000,-47.255,1.360,1.463,14.0
2279,-2.494,0.503,0.000,-47.258,1.360,1.463,14.0
2280,-2.494,0.503,0.000,-47.260,1.360,1.463,14.0
2281,-2.494,0.503,0.000,-47.263,1.360,1.463,14.0
2282,-2.494,0.503,0.000,-47.265,1.360,1.463,14.0
2283,-2.494,0.503,0.000,-47.268,1.360,1.463,14.0
2284,-2.494,0.503,0.000,-47.270,1.360,1.464,14.0
2285,-2.494,0.503,0.000,-47.273,1.360,1.464,14.0
2286,-2.494,0.503,0.000,-47.275,1.360,1.464,14.0
2287,-2.494,0.503,0.000,-47.278,1.360,1.464,14.0
2288,-2.494,0.503,0.000,-47.280,1.360,1.464,14.0
2289,-2.494,0.503,0.000,-47.283,1.360,1.464,14.0
2290,-2.494,0.503,0.000,-47.285,1.360,1.464,14.0
2291,-2.494,0.503,0.000,-47.288,1.360,1.464,14.0
2292,-2.494,0.503,0.000,-47.290,1.359,1.464,14.0
2293,-2.494,0.503,0.000,-47.293,1.359,1.464,14.0
2294,-2.494,0.503,0.000,-47.296,1.359,1.464,14.0
2295,-2.494,0.503,0.000,-47.298,1.359,1.464,14.0
2296,-2.494,0.503,0.000,-47.301,1.359,1.464,14.0
2297,-2.494,0.503,0.000,-47.303,1.359,1.464,14.0
2298,-2.494,0.503,0.000,-47.306,1.359,1.464,14.0
2299,-2.494,0.503,0.000,-47.308,1.359,1.464,14.0
2300,-2.494,0.503,0.000,-47.311,1.359,1.465,14.0
2301,-2.494,0.503,0.000,-47.313,1.359,1.465,14.0
2302,-2.494,0.503,0.000,-47.316,1.359,1.465,14.0
2303,-2.494,0.503,0.000,-47.318,1.359,1.465,14.0
2304,-2.494,0.503,0.000,-47.321,1.359,1.465,14.0
2305,-2.494,0.503,0.000,-47.323,1.359,1.465,14.0
2306,-2.494,0.503,0.000,-47.326,1.359,1.465,14.0
2307,-2.494,0.503,0.000,-47.329,1.358,1.465,14.0
2308,-2.494,0.503,0.000,-47.331,1.358,1.465,14.0
2309,-2.494,0.503,0.000,-47.334,1.358,1.465,14.0
2310,-2.494,0.503,0.000,-47.336,1.358,1.465,14.0
2311,-2.494,0.503,0.000,-47.339,1.358,1.465,14.0
2312,-2.494,0.503,0.000,-47.341,1.358,1.465,14.0
2313,-2.494,0.503,0.000,-47.343,1.358,1.465,14.0
2314,-2.494,0.503,0.000,-47.346,1.358,1.465,14.0
2315,-2.494,0.503,0.000,-47.348,1.358,1.465,14.0
2316,-2.494,0.503,0.000,-47.351,1.358,1.465,14.0
2317,-2.494,0.503,0.000,-47.353,1.358,1.466,14.0
2318,-2.494,0.503,0.000,-47.356,1.358,1.466,14.0
2319,-2.494,0.503,0.000,-47.358,1.358,1.466,14.0
2320,-2.494,0.503,0.000,-47.361,1.358,1.466,14.0
2321,-2.494,0.503,0.000,-47.363,1.358,1.466,14.0
2322,-2.494,0.503,0.000,-47.365,1.358,1.466,14.0
2323,-2.494,0.503,0.000,-47.368,1.357,1.466,14.0
2324,-2.494,0.503,0.000,-47.370,1.357,1.466,14.0
2325,-2.494,0.503,0.000,-47.372,1.357,1.466,14.0
2326,-2.494,0.503,0.000,-47.375,1.357,1.466,14.0
2327,-2.494,0.503,0.000,-47.377,1.357,1.466,14.0
2328,-2.494,0.503,0.000,-47.379,1.357,1.466,14.0
2329,-2.494,0.503,0.000,-47.382,1.357,1.466,14.0
2330,-2.494,0.503,0.000,-47.384,1.357,1.466,14.0
2331,-2.494,0.503,0.000,-47.386,1.357,1.466,14.0
2332,-2.494,0.503,0.000,-47.389,1.357,1.466,14.0
2333,-2.494,0.503,0.000,-47.391,1.357,1.466,14.0
2334,-2.494,0.503,0.000,-47.393,1.357,1.466,14.0
2335,-2.494,0.503,0.000,-47.395,1.357,1.467,14.0
2336,-2.494,0.503,0.000,-47.398,1.357,1.467,14.0
2337,-2.494,0.503,0.000,-47.400,1.357,1.467,14.0
2338,-2.494,0.503,0.000,-47.402,1.357,1.467,14.0
2339,-2.494,0.503,0.000,-47.404,1.357,1.467,14.0
2340,-2.494,0.503,0.000,-47.406,1.356,1.467,14.0
2341,-2.494,0.503,0.000,-47.409,1.356,1.467,14.0
2342,-2.494,0.503,0.000,-47.411,1.356,1.467,14.0
2343,-2.494,0.503,0.000,-47.413,1.356,1.467,14.0
2344,-2.494,0.503,0.000,-47.415,1.356,1.467,14.0
2345,-2.494,0.503,0.000,-47.417,1.356,1.467,14.0
2346,-2.494,0.503,0.000,-47.419,1.356,1.467,14.0
2347,-2.494,0.503,0.000,-47.421,1.356,1.467,14.0
2348,-2.494,0.503,0.000,-47.423,1.356,1.467,14.0
2349,-2.494,0.503,0.000,-47.425,1.356,1.467,14.0
2350,-2.494,0.503,0.000,-47.427,1.356,1.467,14.0
2351,-2.494,0.503,0.000,-47.429,1.356,1.467,14.0
2352,-2.494,0.503,0.000,-47.431,1.356,1.467,14.0
2353,-2.494,0.503,0.000,-47.433,1.356,1.467,14.0
2354,-2.494,0.503,0.000,-47.435,1.356,1.467,14.0
2355,-2.494,0.503,0.000,-47.437,1.356,1.468,14.0
2356,-2.494,0.503,0.000,-47.439,1.356,1.468,14.0
2357,-2.494,0.503,0.000,-47.441,1.356,1.468,14.0
2358,-2.494,0.503,0.000,-47.442,1.356,1.468,14.0
2359,-2.494,0.503,0.000,-47.444,1.356,1.468,14.0
2360,-2.494,0.503,0.000,-47.446,1.355,1.468,14.0
2361,-2.494,0.503,0.000,-47.448,1.355,1.468,14.0
2362,-2.494,0.503,0.000,-47.450,1.355,1.468,14.0
2363,-2.494,0.503,0.000,-47.451,1.355,1.468,14.0
2364,-2.494,0.503,0.000,-47.453,1.355,1.468,14.0
2365,-2.494,0.503,0.000,-47.455,1.355,1.468,14.0
2366,-2.494,0.503,0.000,-47.456,1.355,1.468,14.0
2367,-2.494,0.503,0.000,-47.458,1.355,1.468,14.0
2368,-2.494,0.503,0.000,-47.460,1.355,1.468,14.0
2369,-2.494,0.503,0.000,-47.461,1.355,1.468,14.0
2370,-2.494,0.503,0.000,-47.463,1.355,1.468,14.0
2371,-2.494,0.503,0.000,-47.465,1.355,1.468,14.0
2372,-2.494,0.503,0.000,-47.466,1.355,1.468,14.0
2373,-2.494,0.503,0.000,-47.468,1.355,1.468,14.0
2374,-2.494,0.503,0.000,-47.469,1.355,1.468,14.0
2375,-2.494,0.503,0.000,-47.471,1.355,1.468,14.0
2376,-2.494,0.503,0.000,-47.472,1.355,1.468,14.0
2377,-2.494,0.503,0.000,-47.473,1.355,1.468,14.0
2378,-2.494,0.503,0.000,-47.475,1.355,1.468,14.0
2379,-2.494,0.503,0.000,-47.476,1.355,1.468,14.0
2380,-2.494,0.503,0.000,-47.478,1.355,1.468,14.0
2381,-2.494,0.503,0.000,-47.479,1.355,1.469,14.0
2382,-2.494,0.503,0.000,-47.480,1.355,1.469,14.0
2383,-2.494,0.503,0.000,-47.482,1.355,1.469,14.0
2384,-2.494,0.503,0.000,-47.483,1.355,1.469,14.0
2385,-2.494,0.503,0.000,-47.484,1.354,1.469,14.0
2386,-2.494,0.503,0.000,-47.485,1.354,1.469,14.0
2387,-2.494,0.503,0.000,-47.487,1.354,1.469,14.0
2388,-2.494,0.503,0.000,-47.488,1.354,1.469,14.0
2389,-2.494,0.503,0.000,-47.489,1.354,1.469,14.0
2390,-2.494,0.503,0.000,-47.490,1.354,1.469,14.0
2391,-2.494,0.503,0.000,-47.491,1.354,1.469,14.0
2392,-2.494,0.503,0.000,-47.492,1.354,1.469,14.0
2393,-2.494,0.503,0.000,-47.493,1.354,1.469,14.0
2394,-2.494,0.503,0.000,-47.494,1.354,1.469,14.0
2395,-2.494,0.503,0.000,-47.495,1.354,1.469,14.0
2396,-2.494,0.503,0.000,-47.496,1.354,1.469,14.0
2397,-2.494,0.503,0.000,-47.497,1.354,1.469,14.0
2398,-2.494,0.503,0.000,-47.498,1.354,1.469,14.0
2399,-2.494,0.503,0.000,-47.499,1.354,1.469,14.0
2400,-2.494,0.503,0.000,-47.500,1.354,1.469,14.0
2401,-2.494,0.503,0.000,-47.501,1.354,1.469,14.0
2402,-2.494,0.503,0.000,-47.502,1.354,1.469,14.0
2403,-2.494,0.503,0.000,-47.502,1.354,1.469,14.0
2404,-2.494,0.503,0.000,-47.503,1.354,1.469,14.0
2405,-2.494,0.503,0.000,-47.504,1.354,1.469,14.0
2406,-2.494,0.503,0.000,-47.505,1.354,1.469,14.0
2407,-2.494,0.503,0.000,-47.505,1.354,1.469,14.0
2408,-2.494,0.503,0.000,-47.506,1.354,1.469,14.0
2409,-2.494,0.503,0.000,-47.507,1.354,1.469,14.0
2410,-2.494,0.503,0.000,-47.507,1.354,1.469,14.0
2411,-2.494,0.503,0.000,-47.508,1.354,1.469,14.0
2412,-2.494,0.503,0.000,-47.508,1.354,1.469,14.0
2413,-2.494,0.503,0.000,-47.509,1.354,1.469,14.0
2414,-2.494,0.503,0.000,-47.509,1.354,1.469,14.0
2415,-2.494,0.503,0.000,-47.510,1.354,1.469,14.0
2416,-2.494,0.503,0.000,-47.510,1.354,1.469,14.0
2417,-2.494,0.503,0.000,-47.511,1.354,1.469,14.0
2418,-2.494,0.503,0.000,-47.511,1.354,1.469,14.0
2419,-2.494,0.503,0.000,-47.512,1.354,1.469,14.0
2420,-2.494,0.503,0.000,-47.512,1.354,1.469,14.0
2421,-2.494,0.503,0.000,-47.512,1.354,1.469,14.0
2422,-2.494,0.503,0.000,-47.512,1.354,1.469,14.0
2423,-2.494,0.503,0.000,-47.513,1.354,1.469,14.0
2424,-2.494,0.503,0.000,-47.513,1.354,1.469,14.0
2425,-2.494,0.503,0.000,-47.513,1.354,1.469,14.0
2426,-2.494,0.503,0.000,-47.513,1.354,1.469,14.0
2427,-2.494,0.503,0.000,-47.514,1.354,1.469,14.0
2428,-2.494,0.503,0.000,-47.514,1.354,1.469,14.0
2429,-2.494,0.503,0.000,-47.514,1.354,1.469,14.0
2430,-2.494,0.503,0.000,-47.514,1.354,1.469,14.0
2431,-2.494,0.503,0.000,-47.514,1.354,1.469,14.0
2432,-2.494,0.503,0.000,-47.514,1.354,1.469,14.0
2433,-2.494,0.503,0.000,-47.514,1.354,1.469,14.0
2434,-2.494,0.503,0.000,-47.514,1.354,1.469,14.0
2435,-2.494,0.503,0.000,-47.514,1.354,1.469,14.0
2436,-2.494,0.503,0.000,-47.514,1.354,1.469,14.0
2437,-2.494,0.503,0.000,-47.514,1.354,1.469,14.0
2438,-2.494,0.503,0.000,-47.514,1.354,1.469,14.0
2439,-2.494,0.503,0.000,-47.513,1.354,1.469,14.0
2440,-2.494,0.503,0.000,-47.513,1.354,1.469,14.0
2441,-2.494,0.503,0.000,-47.513,1.354,1.469,14.0
2442,-2.494,0.503,0.000,-47.513,1.354,1.469,14.0
2443,-2.494,0.503,0.000,-47.513,1.354,1.469,14.0
2444,-2.494,0.503,0.000,-47.512,1.354,1.469,14.0
2445,-2.494,0.503,0.000,-47.512,1.354,1.469,14.0
2446,-2.494,0.503,0.000,-47.512,1.354,1.469,14.0
2447,-2.494,0.503,0.000,-47.511,1.354,1.469,14.0
2448,-2.494,0.503,0.000,-47.511,1.354,1.469,14.0
2449,-2.494,0.503,0.000,-47.511,1.354,1.469,14.0
2450,-2.494,0.503,0.000,-47.510,1.354,1.469,14.0
2451,-2.494,0.503,0.000,-47.510,1.354,1.469,14.0
2452,-2.494,0.503,0.000,-47.509,1.354,1.469,14.0
2453,-2.494,0.503,0.000,-47.509,1.354,1.469,14.0
2454,-2.494,0.503,0.000,-47.508,1.354,1.469,14.0
2455,-2.494,0.503,0.000,-47.508,1.354,1.469,14.0
2456,-2.494,0.503,0.000,-47.507,1.354,1.469,14.0
2457,-2.494,0.503,0.000,-47.506,1.354,1.469,14.0
2458,-2.494,0.503,0.000,-47.506,1.354,1.469,14.0
2459,-2.494,0.503,0.000,-47.505,1.354,1.469,14.0
2460,-2.494,0.503,0.000,-47.504,1.354,1.469,14.0
2461,-2.494,0.503,0.000,-47.504,1.354,1.469,14.0
2462,-2.494,0.503,0.000,-47.503,1.354,1.469,14.0
2463,-2.494,0.503,0.000,-47.502,1.354,1.469,14.0
2464,-2.494,0.503,0.000,-47.501,1.354,1.469,14.0
2465,-2.494,0.503,0.000,-47.501,1.354,1.469,14.0
2466,-2.494,0.503,0.000,-47.500,1.354,1.469,14.0
2467,-2.494,0.503,0.000,-47.499,1.354,1.469,14.0
2468,-2.494,0.503,0.000,-47.498,1.354,1.469,14.0
2469,-2.494,0.503,0.000,-47.497,1.354,1.469,14.0
2470,-2.494,0.503,0.000,-47.496,1.354,1.469,14.0
2471,-2.494,0.503,0.000,-47.495,1.354,1.469,14.0
2472,-2.494,0.503,0.000,-47.494,1.354,1.469,14.0
2473,-2.494,0.503,0.000,-47.493,1.354,1.469,14.0
2474,-2.494,0.503,0.000,-47.492,1.354,1.469,14.0
2475,-2.494,0.503,0.000,-47.491,1.354,1.469,14.0
2476,-2.494,0.503,0.000,-47.490,1.354,1.469,14.0
2477,-2.494,0.503,0.000,-47.489,1.354,1.469,14.0
2478,-2.494,0.503,0.000,-47.488,1.354,1.469,14.0
2479,-2.494,0.503,0.000,-47.487,1.354,1.469,14.0
2480,-2.494,0.503,0.000,-47.486,1.354,1.469,14.0
2481,-2.494,0.503,0.000,-47.484,1.354,1.469,14.0
2482,-2.494,0.503,0.000,-47.483,1.355,1.469,14.0
2483,-2.494,0.503,0.000,-47.482,1.355,1.469,14.0
2484,-2.494,0.503,0.000,-47.481,1.355,1.469,14.0
2485,-2.494,0.503,0.000,-47.479,1.355,1.469,14.0
2486,-2.494,0.503,0.000,-47.478,1.355,1.468,14.0
2487,-2.494,0.503,0.000,-47.477,1.355,1.468,14.0
2488,-2.494,0.503,0.000,-47.475,1.355,1.468,14.0
2489,-2.494,0.503,0.000,-47.474,1.355,1.468,14.0
2490,-2.494,0.503,0.000,-47.473,1.355,1.468,14.0
2491,-2.494,0.503,0.000,-47.471,1.355,1.468,14.0
2492,-2.494,0.503,0.000,-47.470,1.355,1.468,14.0
2493,-2.494,0.503,0.000,-47.468,1.355,1.468,14.0
2494,-2.494,0.503,0.000,-47.467,1.355,1.468,14.0
2495,-2.494,0.503,0.000,-47.465,1.355,1.468,14.0
2496,-2.494,0.503,0.000,-47.464,1.355,1.468,14.0
2497,-2.494,0.503,0.000,-47.462,1.355,1.468,14.0
2498,-2.494,0.503,0.000,-47.461,1.355,1.468,14.0
2499,-2.494,0.503,0.000,-47.459,1.355,1.468,14.0
2500,-2.494,0.503,0.000,-47.458,1.355,1.468,14.0
