1,1.592,-0.480,0.000,-82.725,0.007,-0.001,-1
2,1.592,-0.480,0.000,-82.725,0.009,-0.001,-1
3,1.592,-0.480,0.000,-82.725,0.006,-0.001,-1
4,1.592,-0.480,0.000,-82.725,0.005,-0.001,-1
5,1.592,-0.480,0.000,-82.725,0.006,-0.001,-1
6,1.592,-0.482,0.000,-82.715,0.006,-0.010,8.0
7,1.592,-0.484,0.000,-82.680,0.004,-0.022,8.0
8,1.593,-0.487,0.000,-82.621,0.001,-0.036,8.0
9,1.593,-0.489,0.000,-82.537,-0.000,-0.049,8.0
10,1.593,-0.492,0.000,-82.428,-0.002,-0.063,8.0
11,1.593,-0.492,0.000,-82.295,-0.003,-0.065,8.0
12,1.592,-0.490,0.000,-82.138,-0.002,-0.058,8.0
13,1.591,-0.486,0.000,-81.960,0.001,-0.036,8.0
14,1.590,-0.479,0.000,-81.761,0.005,-0.008,8.0
15,1.589,-0.473,0.000,-81.540,-0.010,0.027,8.0
16,1.589,-0.467,0.000,-81.307,0.012,0.051,8.0
17,1.588,-0.460,0.000,-81.064,0.004,0.084,8.0
18,1.587,-0.455,0.000,-80.815,0.006,0.110,8.0
19,1.587,-0.450,0.000,-80.567,0.040,0.129,8.0
20,1.586,-0.446,0.000,-80.315,0.027,0.149,19.0
21,1.585,-0.444,0.000,-80.051,0.029,0.161,19.0
22,1.585,-0.442,0.000,-79.777,0.048,0.165,19.0
23,1.584,-0.439,0.000,-79.492,0.006,0.192,19.0
24,1.585,-0.439,0.000,-79.196,0.043,0.185,19.0
25,1.582,-0.435,0.000,-78.885,0.045,0.210,19.0
26,1.583,-0.430,0.000,-78.559,0.008,0.244,19.0
27,1.582,-0.428,0.000,-78.222,0.086,0.244,19.0
28,1.579,-0.420,0.000,-77.872,0.049,0.302,19.0
29,1.579,-0.413,0.000,-77.511,0.032,0.347,19.0
30,1.577,-0.407,0.000,-77.146,0.123,0.365,19.0
31,1.573,-0.397,0.000,-76.771,0.092,0.436,19.0
32,1.572,-0.388,0.000,-76.390,0.070,0.500,19.0
33,1.570,-0.380,0.000,-76.007,0.168,0.531,19.0
34,1.566,-0.370,0.000,-75.618,0.153,0.610,19.0
35,1.564,-0.359,0.000,-75.225,0.133,0.688,19.0
36,1.562,-0.350,0.000,-74.831,0.231,0.734,19.0
37,1.558,-0.339,0.000,-74.432,0.217,0.825,19.0
38,1.556,-0.329,0.000,-74.031,0.225,0.909,19.0
39,1.552,-0.319,0.000,-73.630,0.315,0.972,19.0
40,1.549,-0.307,0.000,-73.226,0.293,1.081,19.0
41,1.546,-0.297,0.000,-72.821,0.362,1.159,19.0
42,1.542,-0.286,0.000,-72.415,0.397,1.260,19.0
43,1.539,-0.275,0.000,-72.007,0.425,1.365,19.0
44,1.535,-0.264,0.000,-71.598,0.493,1.466,19.0
45,1.532,-0.253,0.000,-71.186,0.526,1.585,19.0
46,1.528,-0.243,0.000,-70.773,0.587,1.703,19.0
47,1.524,-0.232,0.000,-70.359,0.653,1.826,19.0
48,1.520,-0.222,0.000,-69.941,0.707,1.919,19.0
49,1.518,-0.217,0.000,-69.523,0.671,1.847,19.0
50,1.514,-0.211,0.000,-69.111,0.670,1.742,19.0
51,1.510,-0.201,0.000,-68.698,0.641,1.672,19.0
52,1.506,-0.191,0.000,-68.284,0.637,1.606,19.0
53,1.501,-0.181,0.000,-67.871,0.635,1.551,19.0
54,1.497,-0.170,0.000,-67.455,0.636,1.504,19.0
55,1.492,-0.159,0.000,-67.034,0.609,1.480,19.0
56,1.488,-0.149,0.000,-66.613,0.622,1.447,19.0
57,1.483,-0.138,0.000,-66.189,0.640,1.420,19.0
58,1.478,-0.127,0.000,-65.761,0.617,1.421,19.0
59,1.473,-0.117,0.000,-65.332,0.647,1.405,19.0
60,1.469,-0.106,0.000,-64.898,0.655,1.407,19.0
61,1.464,-0.095,0.000,-64.459,0.663,1.419,19.0
62,1.459,-0.085,0.000,-64.013,0.705,1.419,19.0
63,1.454,-0.075,0.000,-63.555,0.722,1.442,19.0
64,1.449,-0.065,0.000,-63.086,0.749,1.467,19.0
65,1.443,-0.054,0.000,-62.606,0.780,1.501,19.0
66,1.438,-0.044,0.000,-62.117,0.822,1.537,19.0
67,1.433,-0.034,0.000,-61.618,0.864,1.582,19.0
68,1.427,-0.024,0.000,-61.110,0.909,1.635,19.0
69,1.421,-0.014,0.000,-60.593,0.962,1.694,19.0
70,1.416,-0.004,0.000,-60.071,0.988,1.741,19.0
71,1.411,0.004,0.000,-59.551,1.017,1.693,19.0
72,1.405,0.013,0.000,-59.029,0.993,1.650,19.0
73,1.398,0.022,0.000,-58.505,0.989,1.612,19.0
74,1.392,0.033,0.000,-57.978,0.984,1.587,19.0
75,1.386,0.043,0.000,-57.447,0.990,1.567,19.0
76,1.379,0.053,0.000,-56.915,1.005,1.553,19.0
77,1.372,0.063,0.000,-56.380,1.023,1.547,19.0
78,1.365,0.074,0.000,-55.844,1.044,1.550,19.0
79,1.358,0.084,0.000,-55.307,1.072,1.559,19.0
80,1.351,0.094,0.000,-54.770,1.105,1.576,19.0
81,1.344,0.104,0.000,-54.232,1.145,1.599,19.0
82,1.337,0.113,0.000,-53.693,1.179,1.598,19.0
83,1.330,0.123,0.000,-53.153,1.169,1.567,19.0
84,1.323,0.132,0.000,-52.615,1.169,1.546,19.0
85,1.315,0.142,0.000,-52.076,1.182,1.528,19.0
86,1.308,0.152,0.000,-51.537,1.199,1.517,19.0
87,1.300,0.162,0.000,-50.998,1.220,1.516,19.0
88,1.292,0.171,0.000,-50.459,1.247,1.521,19.0
89,1.284,0.181,0.000,-49.918,1.280,1.517,19.0
90,1.276,0.190,0.000,-49.376,1.276,1.498,19.0
91,1.268,0.199,0.000,-48.834,1.284,1.481,19.0
92,1.260,0.208,0.000,-48.292,1.302,1.469,19.0
93,1.252,0.218,0.000,-47.751,1.324,1.465,19.0
94,1.243,0.227,0.000,-47.211,1.344,1.454,19.0
95,1.235,0.236,0.000,-46.669,1.350,1.439,19.0
96,1.226,0.245,0.000,-46.130,1.364,1.430,19.0
97,1.218,0.254,0.000,-45.593,1.382,1.417,19.0
98,1.209,0.263,0.000,-45.058,1.406,1.388,19.0
99,1.201,0.271,0.000,-44.527,1.395,1.401,19.0
100,1.192,0.280,0.000,-44.000,1.422,1.367,19.0
101,1.183,0.288,0.000,-43.477,1.431,1.365,19.0
102,1.174,0.297,0.000,-42.959,1.444,1.353,19.0
103,1.165,0.305,0.000,-42.446,1.452,1.337,19.0
104,1.156,0.314,0.000,-41.938,1.468,1.326,19.0
105,1.147,0.322,0.000,-41.437,1.479,1.313,19.0
106,1.138,0.330,0.000,-40.940,1.490,1.300,19.0
107,1.128,0.338,0.000,-40.450,1.502,1.287,19.0
108,1.119,0.346,0.000,-39.965,1.511,1.274,19.0
109,1.109,0.354,0.000,-39.485,1.523,1.262,19.0
110,1.107,0.355,0.000,-39.010,1.497,1.221,7.0
111,1.110,0.352,0.000,-38.543,1.452,1.165,7.0
112,1.114,0.349,0.000,-38.084,1.411,1.114,7.0
113,1.115,0.349,0.000,-37.629,1.391,1.080,7.0
114,1.114,0.349,0.000,-37.175,1.385,1.058,7.0
115,1.107,0.356,0.000,-36.722,1.420,1.066,7.0
116,1.096,0.364,0.000,-36.268,1.479,1.093,7.0
117,1.084,0.373,0.000,-35.812,1.549,1.125,7.0
118,1.072,0.382,0.000,-35.355,1.627,1.156,7.0
119,1.063,0.389,0.000,-34.897,1.599,1.136,-1
120,1.063,0.397,0.000,-34.444,1.545,1.062,-1
121,1.063,0.404,0.000,-33.988,1.485,1.009,-1
122,1.063,0.410,0.000,-33.530,1.439,0.953,-1
123,1.063,0.415,0.000,-33.066,1.386,0.920,-1
124,1.063,0.421,0.000,-32.599,1.354,0.873,-1
125,1.063,0.426,0.000,-32.124,1.328,0.837,-1
126,1.063,0.432,0.000,-31.639,1.306,0.811,-1
127,1.063,0.437,0.000,-31.144,1.293,0.790,-1
128,1.063,0.443,0.000,-30.640,1.289,0.771,-1
129,1.063,0.448,0.000,-30.125,1.292,0.756,-1
130,1.060,0.453,0.000,-29.606,1.317,0.754,-1
131,1.051,0.459,0.000,-29.096,1.365,0.766,-1
132,1.042,0.464,0.000,-28.594,1.424,0.784,-1
133,1.033,0.468,0.000,-28.100,1.485,0.801,12.0
134,1.026,0.472,0.000,-27.613,1.551,0.818,12.0
135,1.018,0.476,0.000,-27.132,1.622,0.838,12.0
136,1.010,0.480,0.000,-26.658,1.701,0.861,12.0
137,1.002,0.484,0.000,-26.191,1.787,0.883,12.0
138,0.997,0.487,0.000,-25.729,1.764,0.863,12.0
139,0.991,0.491,0.000,-25.276,1.728,0.814,12.0
140,0.984,0.494,0.000,-24.830,1.690,0.799,12.0
141,0.977,0.498,0.000,-24.391,1.675,0.763,12.0
142,0.972,0.500,0.000,-23.964,1.650,0.737,12.0
143,0.968,0.501,0.000,-23.558,1.622,0.715,12.0
144,0.965,0.502,0.000,-23.172,1.601,0.693,12.0
145,0.963,0.503,0.000,-22.806,1.584,0.673,12.0
146,0.961,0.503,0.000,-22.461,1.571,0.656,12.0
147,0.960,0.504,0.000,-22.137,1.562,0.642,12.0
148,0.959,0.504,0.000,-21.835,1.560,0.632,12.0
149,0.958,0.505,0.000,-21.554,1.566,0.625,12.0
150,0.957,0.505,0.000,-21.284,1.576,0.621,-1
151,0.957,0.505,0.000,-21.017,1.591,0.618,-1
152,0.957,0.505,0.000,-20.753,1.613,0.618,-1
153,0.956,0.505,0.000,-20.487,1.634,0.612,-1
154,0.956,0.506,0.000,-20.245,1.641,0.608,-1
155,0.955,0.507,0.000,-20.051,1.644,0.606,-1
156,0.955,0.507,0.000,-19.904,1.644,0.601,-1
157,0.954,0.508,0.000,-19.804,1.640,0.595,-1
158,0.953,0.509,0.000,-19.749,1.631,0.590,-1
159,0.953,0.510,0.000,-19.735,1.613,0.582,-1
160,0.952,0.511,0.000,-19.760,1.591,0.577,-1
161,0.951,0.512,0.000,-19.824,1.573,0.574,-1
162,0.950,0.513,0.000,-19.928,1.560,0.573,-1
163,0.950,0.514,0.000,-20.070,1.553,0.573,-1
164,0.949,0.514,0.000,-20.258,1.549,0.578,-1
165,0.945,0.517,0.000,-20.474,1.572,0.592,12.0
166,0.938,0.520,0.000,-20.696,1.614,0.616,12.0
167,0.931,0.523,0.000,-20.924,1.666,0.644,12.0
168,0.923,0.526,0.000,-21.158,1.727,0.675,12.0
169,0.917,0.527,0.000,-21.400,1.782,0.706,12.0
170,0.914,0.528,0.000,-21.656,1.835,0.735,12.0
171,0.913,0.529,0.000,-21.919,1.832,0.737,12.0
172,0.912,0.530,0.000,-22.183,1.794,0.735,12.0
173,0.910,0.531,0.000,-22.451,1.762,0.742,12.0
174,0.907,0.533,0.000,-22.721,1.744,0.724,12.0
175,0.905,0.534,0.000,-22.991,1.703,0.734,12.0
176,0.902,0.535,0.000,-23.268,1.679,0.728,12.0
177,0.899,0.536,0.000,-23.550,1.659,0.734,12.0
178,0.896,0.538,0.000,-23.835,1.664,0.717,12.0
179,0.893,0.538,0.000,-24.122,1.651,0.742,12.0
180,0.891,0.540,0.000,-24.414,1.648,0.779,12.0
181,0.888,0.541,0.000,-24.703,1.679,0.750,-1
182,0.887,0.541,0.000,-24.992,1.671,0.813,-1
183,0.885,0.542,0.000,-25.278,1.702,0.789,-1
184,0.882,0.543,0.000,-25.564,1.684,0.830,-1
185,0.879,0.542,0.000,-25.832,1.640,0.759,-1
186,0.878,0.540,0.000,-26.097,1.509,0.750,-1
187,0.876,0.538,0.000,-26.336,1.328,0.633,-1
188,0.872,0.539,0.000,-26.560,1.084,0.571,11.0
189,0.870,0.539,0.000,-26.767,0.865,0.429,11.0
190,0.866,0.541,0.000,-26.950,0.641,0.337,11.0
191,0.862,0.544,0.000,-27.098,0.432,0.232,11.0
192,0.856,0.547,0.000,-27.204,0.232,0.125,11.0
193,0.851,0.550,0.000,-27.279,0.041,0.015,11.0
194,0.844,0.554,0.000,-27.336,-0.151,-0.073,11.0
195,0.837,0.557,0.000,-27.370,-0.341,-0.164,11.0
196,0.831,0.560,0.000,-27.367,-0.530,-0.266,11.0
197,0.826,0.562,0.000,-27.335,-0.730,-0.373,11.0
198,0.825,0.562,0.000,-27.307,-0.951,-0.485,11.0
199,0.825,0.562,0.000,-27.313,-1.179,-0.601,11.0
200,0.826,0.561,0.000,-27.350,-1.415,-0.724,11.0
201,0.828,0.560,0.000,-27.418,-1.660,-0.854,11.0
202,0.830,0.559,0.000,-27.512,-1.872,-0.990,11.0
203,0.830,0.559,0.000,-27.605,-1.935,-1.020,11.0
204,0.830,0.558,0.000,-27.687,-1.827,-0.965,11.0
205,0.830,0.558,0.000,-27.766,-1.603,-0.852,11.0
206,0.832,0.557,0.000,-27.873,-1.403,-0.722,11.0
207,0.832,0.557,0.000,-27.999,-1.180,-0.633,11.0
208,0.831,0.558,0.000,-28.120,-0.974,-0.512,11.0
209,0.827,0.562,0.000,-28.212,-0.754,-0.393,11.0
210,0.821,0.565,0.000,-28.268,-0.533,-0.278,11.0
211,0.815,0.568,0.000,-28.289,-0.313,-0.164,11.0
212,0.810,0.571,0.000,-28.271,-0.099,-0.050,11.0
213,0.803,0.575,0.000,-28.229,0.118,0.066,11.0
214,0.797,0.578,0.000,-28.167,0.330,0.178,11.0
215,0.794,0.578,0.000,-28.105,0.515,0.292,11.0
216,0.793,0.578,0.000,-28.067,0.705,0.381,11.0
217,0.793,0.579,0.000,-28.053,0.898,0.463,11.0
218,0.795,0.576,0.000,-28.057,1.062,0.565,11.0
219,0.798,0.575,0.000,-28.074,1.243,0.652,11.0
220,0.802,0.572,0.000,-28.106,1.409,0.751,11.0
221,0.805,0.571,0.000,-28.154,1.599,0.840,11.0
222,0.809,0.568,0.000,-28.218,1.771,0.955,11.0
223,0.810,0.567,0.000,-28.295,1.885,0.998,11.0
224,0.810,0.567,0.000,-28.368,1.824,0.975,11.0
225,0.810,0.567,0.000,-28.442,1.644,0.881,11.0
226,0.808,0.569,0.000,-28.510,1.479,0.798,11.0
227,0.804,0.572,0.000,-28.534,1.330,0.724,11.0
228,0.799,0.575,0.000,-28.531,1.195,0.651,11.0
229,0.793,0.578,0.000,-28.503,1.075,0.570,11.0
230,0.787,0.582,0.000,-28.442,0.956,0.509,11.0
231,0.781,0.585,0.000,-28.347,0.839,0.449,11.0
232,0.776,0.588,0.000,-28.216,0.731,0.386,11.0
233,0.773,0.588,0.000,-28.087,0.611,0.318,11.0
234,0.773,0.587,0.000,-27.993,0.466,0.264,11.0
235,0.774,0.587,0.000,-27.921,0.343,0.178,11.0
236,0.776,0.586,0.000,-27.873,0.203,0.117,11.0
237,0.779,0.583,0.000,-27.847,0.064,0.045,11.0
238,0.781,0.582,0.000,-27.838,-0.055,-0.053,11.0
239,0.786,0.580,0.000,-27.846,-0.211,-0.103,11.0
240,0.788,0.578,0.000,-27.874,-0.333,-0.196,11.0
241,0.793,0.575,0.000,-27.917,-0.492,-0.249,11.0
242,0.797,0.574,0.000,-27.984,-0.631,-0.325,11.0
243,0.798,0.573,0.000,-28.088,-0.758,-0.399,11.0
244,0.799,0.573,0.000,-28.232,-0.886,-0.470,11.0
245,0.797,0.575,0.000,-28.371,-1.002,-0.534,11.0
246,0.794,0.577,0.000,-28.467,-1.111,-0.605,11.0
247,0.794,0.575,0.000,-28.561,-1.253,-0.676,11.0
248,0.796,0.574,0.000,-28.659,-1.408,-0.752,11.0
249,0.794,0.576,0.000,-28.739,-1.530,-0.845,11.0
250,0.791,0.577,0.000,-28.820,-1.666,-0.923,11.0
251,0.791,0.577,0.000,-28.928,-1.809,-0.993,11.0
252,0.791,0.577,0.000,-29.024,-1.803,-0.994,11.0
253,0.791,0.576,0.000,-29.115,-1.672,-0.922,11.0
254,0.793,0.575,0.000,-29.240,-1.544,-0.858,11.0
255,0.795,0.574,0.000,-29.403,-1.427,-0.797,11.0
256,0.797,0.573,0.000,-29.603,-1.318,-0.741,11.0
257,0.799,0.572,0.000,-29.833,-1.199,-0.709,11.0
258,0.802,0.570,0.000,-30.080,-1.118,-0.646,11.0
259,0.804,0.568,0.000,-30.346,-1.028,-0.607,11.0
260,0.806,0.567,0.000,-30.631,-0.939,-0.570,11.0
261,0.805,0.569,0.000,-30.914,-0.855,-0.495,11.0
262,0.804,0.571,0.000,-31.173,-0.744,-0.470,11.0
263,0.798,0.575,0.000,-31.412,-0.652,-0.375,11.0
264,0.794,0.578,0.000,-31.632,-0.534,-0.356,11.0
265,0.788,0.581,0.000,-31.829,-0.444,-0.280,11.0
266,0.783,0.584,0.000,-31.995,-0.353,-0.222,11.0
267,0.778,0.588,0.000,-32.125,-0.258,-0.170,11.0
268,0.774,0.589,0.000,-32.250,-0.179,-0.119,11.0
269,0.773,0.590,0.000,-32.398,-0.118,-0.064,11.0
270,0.773,0.590,0.000,-32.569,-0.053,-0.036,11.0
271,0.776,0.587,0.000,-32.761,-0.017,0.000,11.0
272,0.779,0.584,0.000,-32.973,0.040,0.003,11.0
273,0.784,0.582,0.000,-33.202,0.064,0.045,11.0
274,0.787,0.579,0.000,-33.451,0.108,0.062,11.0
275,0.791,0.577,0.000,-33.718,0.151,0.086,11.0
276,0.795,0.574,0.000,-34.009,0.182,0.122,11.0
277,0.799,0.571,0.000,-34.321,0.224,0.147,11.0
278,0.803,0.568,0.000,-34.660,0.266,0.175,11.0
279,0.802,0.570,0.000,-34.987,0.332,0.222,11.0
280,0.799,0.573,0.000,-35.276,0.401,0.299,11.0
281,0.795,0.576,0.000,-35.533,0.482,0.357,11.0
282,0.789,0.580,0.000,-35.763,0.589,0.402,11.0
283,0.783,0.585,0.000,-35.967,0.665,0.501,11.0
284,0.780,0.586,0.000,-36.147,0.767,0.535,11.0
285,0.775,0.590,0.000,-36.301,0.846,0.629,11.0
286,0.772,0.592,0.000,-36.457,0.928,0.695,11.0
287,0.771,0.593,0.000,-36.640,1.007,0.760,11.0
288,0.770,0.593,0.000,-36.850,1.087,0.826,11.0
289,0.770,0.593,0.000,-37.087,1.166,0.893,11.0
290,0.771,0.592,0.000,-37.348,1.244,0.961,11.0
291,0.773,0.591,0.000,-37.636,1.324,1.033,11.0
292,0.774,0.590,0.000,-37.949,1.408,1.109,11.0
293,0.775,0.589,0.000,-38.289,1.497,1.193,11.0
294,0.776,0.589,0.000,-38.654,1.593,1.268,11.0
295,0.776,0.589,0.000,-39.015,1.563,1.269,11.0
296,0.777,0.588,0.000,-39.393,1.457,1.206,11.0
297,0.777,0.588,0.000,-39.772,1.364,1.149,11.0
298,0.777,0.588,0.000,-40.118,1.285,1.095,11.0
299,0.777,0.588,0.000,-40.430,1.214,1.046,11.0
300,0.777,0.588,0.000,-40.709,1.151,1.002,11.0
301,0.777,0.588,0.000,-40.954,1.094,0.962,11.0
302,0.777,0.588,0.000,-41.166,1.045,0.926,11.0
303,0.777,0.589,0.000,-41.346,1.003,0.894,11.0
304,0.778,0.588,0.000,-41.533,0.962,0.860,11.0
305,0.779,0.586,0.000,-41.763,0.920,0.828,11.0
306,0.781,0.584,0.000,-42.037,0.879,0.801,11.0
307,0.784,0.582,0.000,-42.355,0.839,0.774,11.0
308,0.788,0.578,0.000,-42.714,0.800,0.747,11.0
309,0.792,0.575,0.000,-43.115,0.762,0.722,11.0
310,0.796,0.570,0.000,-43.553,0.724,0.697,11.0
311,0.801,0.566,0.000,-44.023,0.688,0.674,11.0
312,0.805,0.561,0.000,-44.520,0.674,0.642,11.0
313,0.810,0.557,0.000,-45.038,0.624,0.646,11.0
314,0.814,0.553,0.000,-45.575,0.615,0.630,11.0
315,0.814,0.553,0.000,-46.097,0.614,0.642,11.0
316,0.813,0.554,0.000,-46.568,0.624,0.671,11.0
317,0.811,0.557,0.000,-46.986,0.643,0.700,11.0
318,0.808,0.559,0.000,-47.353,0.666,0.731,11.0
319,0.806,0.561,0.000,-47.668,0.691,0.766,11.0
320,0.804,0.563,0.000,-47.931,0.718,0.805,11.0
321,0.802,0.565,0.000,-48.144,0.750,0.847,11.0
322,0.802,0.566,0.000,-48.349,0.777,0.888,11.0
323,0.801,0.567,0.000,-48.584,0.806,0.928,11.0
324,0.801,0.567,0.000,-48.848,0.836,0.970,11.0
325,0.802,0.567,0.000,-49.142,0.864,1.014,11.0
326,0.803,0.565,0.000,-49.465,0.891,1.058,11.0
327,0.804,0.564,0.000,-49.817,0.919,1.105,11.0
328,0.806,0.562,0.000,-50.199,0.951,1.157,11.0
329,0.807,0.561,0.000,-50.610,0.985,1.215,11.0
330,0.807,0.560,0.000,-51.051,1.024,1.282,11.0
331,0.808,0.559,0.000,-51.520,1.069,1.357,11.0
332,0.806,0.561,0.000,-51.985,1.139,1.437,11.0
333,0.804,0.564,0.000,-52.419,1.200,1.542,11.0
334,0.802,0.566,0.000,-52.819,1.220,1.637,11.0
335,0.801,0.567,0.000,-53.196,1.189,1.567,11.0
336,0.798,0.570,0.000,-53.543,1.109,1.539,11.0
337,0.797,0.572,0.000,-53.864,1.093,1.452,11.0
338,0.793,0.576,0.000,-54.157,1.030,1.444,11.0
339,0.790,0.580,0.000,-54.422,1.004,1.407,11.0
340,0.790,0.581,0.000,-54.688,0.963,1.365,11.0
341,0.793,0.579,0.000,-54.998,0.912,1.317,11.0
342,0.795,0.575,0.000,-55.356,0.867,1.268,11.0
343,0.799,0.571,0.000,-55.758,0.823,1.218,11.0
344,0.802,0.565,0.000,-56.202,0.777,1.172,11.0
345,0.806,0.560,0.000,-56.688,0.735,1.131,11.0
346,0.810,0.554,0.000,-57.216,0.698,1.096,11.0
347,0.814,0.548,0.000,-57.783,0.663,1.064,11.0
348,0.817,0.542,0.000,-58.386,0.632,1.038,11.0
349,0.821,0.537,0.000,-59.024,0.604,1.018,11.0
350,0.822,0.534,0.000,-59.655,0.586,1.021,11.0
351,0.823,0.532,0.000,-60.246,0.577,1.028,11.0
352,0.824,0.530,0.000,-60.799,0.573,1.041,11.0
353,0.825,0.528,0.000,-61.312,0.571,1.059,11.0
354,0.826,0.526,0.000,-61.787,0.571,1.082,11.0
355,0.827,0.525,0.000,-62.224,0.575,1.111,11.0
356,0.828,0.523,0.000,-62.622,0.583,1.144,11.0
357,0.829,0.521,0.000,-62.982,0.593,1.182,11.0
358,0.830,0.518,0.000,-63.349,0.606,1.219,11.0
359,0.833,0.514,0.000,-63.760,0.612,1.254,11.0
360,0.836,0.508,0.000,-64.209,0.616,1.290,11.0
361,0.839,0.502,0.000,-64.699,0.621,1.332,11.0
362,0.842,0.495,0.000,-65.233,0.630,1.379,11.0
363,0.845,0.489,0.000,-65.811,0.638,1.432,11.0
364,0.847,0.483,0.000,-66.433,0.645,1.493,11.0
365,0.850,0.477,0.000,-67.098,0.652,1.561,11.0
366,0.853,0.471,0.000,-67.802,0.662,1.638,11.0
367,0.853,0.467,0.000,-68.498,0.674,1.737,11.0
368,0.854,0.464,0.000,-69.152,0.694,1.845,11.0
369,0.855,0.464,0.000,-69.781,0.710,1.886,11.0
370,0.856,0.464,0.000,-70.386,0.634,1.815,11.0
371,0.856,0.463,0.000,-70.953,0.583,1.729,11.0
372,0.857,0.461,0.000,-71.491,0.552,1.640,11.0
373,0.858,0.461,0.000,-72.000,0.496,1.578,11.0
374,0.856,0.461,0.000,-72.483,0.484,1.515,11.0
375,0.857,0.463,0.000,-72.941,0.426,1.480,11.0
376,0.856,0.463,0.000,-73.379,0.450,1.417,11.0
377,0.854,0.467,0.000,-73.793,0.372,1.416,11.0
378,0.857,0.465,0.000,-74.190,0.382,1.362,11.0
379,0.855,0.464,0.000,-74.568,0.433,1.315,11.0
380,0.853,0.469,0.000,-74.927,0.343,1.343,11.0
381,0.856,0.469,0.000,-75.266,0.290,1.337,11.0
382,0.857,0.465,0.000,-75.593,0.380,1.279,11.0
383,0.854,0.467,0.000,-75.900,0.403,1.280,11.0
384,0.856,0.466,0.000,-76.210,0.280,1.309,11.0
385,0.855,0.467,0.000,-76.531,0.279,1.322,11.0
386,0.857,0.467,0.000,-76.862,0.350,1.318,11.0
387,0.860,0.460,0.000,-77.206,0.290,1.314,11.0
388,0.860,0.455,0.000,-77.568,0.304,1.316,11.0
389,0.862,0.448,0.000,-77.957,0.287,1.317,11.0
390,0.864,0.441,0.000,-78.391,0.276,1.323,11.0
391,0.865,0.434,0.000,-78.869,0.269,1.334,11.0
392,0.866,0.427,0.000,-79.393,0.261,1.352,11.0
393,0.867,0.422,0.000,-79.958,0.255,1.388,11.0
394,0.867,0.420,0.000,-80.565,0.247,1.445,11.0
395,0.867,0.420,0.000,-81.220,0.239,1.515,11.0
396,0.867,0.419,0.000,-81.920,0.233,1.594,11.0
397,0.867,0.419,0.000,-82.666,0.223,1.680,11.0
398,0.867,0.419,0.000,-83.457,0.210,1.773,11.0
399,0.867,0.419,0.000,-84.291,0.194,1.874,11.0
400,0.867,0.420,0.000,-85.165,0.174,1.985,11.0
401,0.868,0.420,0.000,-86.055,0.137,2.020,11.0
402,0.869,0.419,0.000,-86.940,0.112,1.931,11.0
403,0.869,0.417,0.000,-87.843,0.076,1.845,11.0
404,0.869,0.418,0.000,-88.765,0.044,1.778,11.0
405,0.869,0.417,0.000,-89.703,0.015,1.709,11.0
406,0.869,0.412,0.000,-90.659,-0.012,1.630,11.0
407,0.869,0.408,0.000,-91.633,-0.038,1.567,11.0
408,0.869,0.408,0.000,-92.625,-0.064,1.527,11.0
409,0.869,0.407,0.000,-93.635,-0.089,1.489,11.0
410,0.869,0.406,0.000,-94.670,-0.112,1.457,11.0
411,0.868,0.405,0.000,-95.734,-0.137,1.431,11.0
412,0.868,0.403,0.000,-96.832,-0.164,1.411,11.0
413,0.868,0.402,0.000,-97.967,-0.189,1.397,11.0
414,0.867,0.400,0.000,-99.142,-0.216,1.387,11.0
415,0.867,0.398,0.000,-100.357,-0.246,1.380,11.0
416,0.866,0.396,0.000,-101.613,-0.277,1.379,11.0
417,0.866,0.393,0.000,-102.908,-0.310,1.382,11.0
418,0.864,0.388,0.000,-104.234,-0.343,1.376,11.0
419,0.862,0.381,0.000,-105.583,-0.374,1.365,11.0
420,0.859,0.373,0.000,-106.953,-0.406,1.355,11.0
421,0.856,0.364,0.000,-108.343,-0.440,1.346,11.0
422,0.853,0.355,0.000,-109.747,-0.479,1.335,11.0
423,0.850,0.345,0.000,-111.158,-0.518,1.333,11.0
424,0.845,0.336,0.000,-112.570,-0.568,1.325,11.0
425,0.842,0.327,0.000,-113.987,-0.596,1.339,11.0
426,0.839,0.319,0.000,-115.412,-0.646,1.355,11.0
427,0.835,0.312,0.000,-116.855,-0.707,1.378,11.0
428,0.832,0.306,0.000,-118.320,-0.769,1.411,11.0
429,0.829,0.299,0.000,-119.806,-0.835,1.447,11.0
430,0.826,0.294,0.000,-121.310,-0.912,1.486,11.0
431,0.822,0.288,0.000,-122.832,-0.991,1.528,11.0
432,0.818,0.282,0.000,-124.376,-1.082,1.571,11.0
433,0.815,0.276,0.000,-125.942,-1.175,1.618,11.0
434,0.814,0.274,0.000,-127.506,-1.211,1.578,11.0
435,0.812,0.272,0.000,-129.068,-1.198,1.466,11.0
436,0.809,0.268,0.000,-130.652,-1.178,1.356,11.0
437,0.805,0.263,0.000,-132.262,-1.152,1.257,11.0
438,0.801,0.259,0.000,-133.896,-1.128,1.165,11.0
439,0.797,0.254,0.000,-135.552,-1.107,1.077,11.0
440,0.792,0.250,0.000,-137.228,-1.087,0.996,11.0
441,0.787,0.245,0.000,-138.921,-1.067,0.922,11.0
442,0.782,0.241,0.000,-140.630,-1.049,0.853,11.0
443,0.777,0.236,0.000,-142.353,-1.033,0.789,11.0
444,0.771,0.232,0.000,-144.087,-1.019,0.730,11.0
445,0.765,0.228,0.000,-145.831,-1.006,0.675,11.0
446,0.759,0.224,0.000,-147.583,-0.994,0.624,11.0
447,0.752,0.219,0.000,-149.341,-0.985,0.577,11.0
448,0.746,0.216,0.000,-151.104,-0.978,0.532,11.0
449,0.739,0.212,0.000,-152.870,-0.972,0.491,11.0
450,0.732,0.208,0.000,-154.637,-0.970,0.453,11.0
451,0.724,0.205,0.000,-156.405,-0.969,0.416,11.0
452,0.717,0.201,0.000,-158.172,-0.971,0.382,11.0
453,0.709,0.198,0.000,-159.937,-0.975,0.349,11.0
454,0.701,0.195,0.000,-161.697,-0.982,0.318,11.0
455,0.692,0.193,0.000,-163.453,-0.992,0.288,11.0
456,0.684,0.190,0.000,-165.203,-1.004,0.259,11.0
457,0.675,0.188,0.000,-166.946,-1.019,0.230,11.0
458,0.667,0.186,0.000,-168.680,-1.037,0.201,11.0
459,0.658,0.184,0.000,-170.406,-1.059,0.173,11.0
460,0.649,0.183,0.000,-172.120,-1.083,0.146,11.0
461,0.640,0.182,0.000,-173.823,-1.109,0.124,11.0
462,0.630,0.181,0.000,-175.512,-1.140,0.100,11.0
463,0.621,0.180,0.000,-177.188,-1.176,0.050,11.0
464,0.612,0.180,0.000,-178.849,-1.214,0.023,11.0
465,0.602,0.180,0.000,179.504,-1.256,-0.016,11.0
466,0.593,0.180,0.000,177.872,-1.301,-0.056,11.0
467,0.583,0.180,0.000,176.257,-1.351,-0.095,11.0
468,0.574,0.181,0.000,174.659,-1.404,-0.137,11.0
469,0.564,0.182,0.000,173.079,-1.462,-0.183,11.0
470,0.555,0.183,0.000,171.518,-1.523,-0.234,11.0
471,0.546,0.185,0.000,169.977,-1.590,-0.287,11.0
472,0.536,0.187,0.000,168.456,-1.661,-0.345,11.0
473,0.527,0.189,0.000,166.957,-1.737,-0.408,11.0
474,0.518,0.191,0.000,165.480,-1.817,-0.477,11.0
475,0.509,0.193,0.000,164.026,-1.903,-0.551,11.0
476,0.503,0.195,0.000,162.593,-1.916,-0.605,11.0
477,0.499,0.197,0.000,161.186,-1.808,-0.615,11.0
478,0.493,0.200,0.000,159.801,-1.683,-0.625,11.0
479,0.485,0.203,0.000,158.437,-1.568,-0.614,11.0
480,0.477,0.206,0.000,157.097,-1.459,-0.604,11.0
481,0.469,0.210,0.000,155.783,-1.353,-0.601,11.0
482,0.461,0.213,0.000,154.498,-1.257,-0.595,11.0
483,0.453,0.217,0.000,153.243,-1.170,-0.583,11.0
484,0.445,0.221,0.000,152.018,-1.090,-0.571,11.0
485,0.438,0.225,0.000,150.824,-1.017,-0.560,11.0
486,0.431,0.229,0.000,149.662,-0.951,-0.549,11.0
487,0.424,0.233,0.000,148.532,-0.891,-0.538,11.0
488,0.417,0.238,0.000,147.437,-0.836,-0.526,11.0
489,0.410,0.242,0.000,146.375,-0.788,-0.516,11.0
490,0.403,0.246,0.000,145.349,-0.744,-0.506,11.0
491,0.397,0.251,0.000,144.359,-0.705,-0.498,11.0
492,0.391,0.255,0.000,143.405,-0.671,-0.490,11.0
493,0.385,0.259,0.000,142.489,-0.641,-0.484,11.0
494,0.379,0.264,0.000,141.611,-0.615,-0.479,11.0
495,0.374,0.268,0.000,140.772,-0.593,-0.476,11.0
496,0.368,0.273,0.000,139.966,-0.565,-0.484,11.0
497,0.362,0.278,0.000,139.193,-0.544,-0.484,11.0
498,0.357,0.282,0.000,138.459,-0.535,-0.482,11.0
499,0.352,0.287,0.000,137.768,-0.527,-0.485,11.0
500,0.347,0.291,0.000,137.118,-0.520,-0.491,11.0
501,0.342,0.296,0.000,136.512,-0.516,-0.499,11.0
502,0.337,0.300,0.000,135.949,-0.516,-0.508,11.0
503,0.332,0.305,0.000,135.430,-0.518,-0.519,11.0
504,0.328,0.310,0.000,134.956,-0.522,-0.531,11.0
505,0.323,0.314,0.000,134.526,-0.528,-0.546,11.0
506,0.319,0.319,0.000,134.139,-0.537,-0.562,11.0
507,0.314,0.323,0.000,133.796,-0.548,-0.581,11.0
508,0.310,0.328,0.000,133.495,-0.562,-0.601,11.0
509,0.305,0.333,0.000,133.237,-0.578,-0.624,11.0
510,0.301,0.338,0.000,133.021,-0.597,-0.648,11.0
511,0.296,0.343,0.000,132.845,-0.618,-0.675,11.0
512,0.292,0.346,0.000,132.708,-0.639,-0.698,11.0
513,0.289,0.348,0.000,132.604,-0.621,-0.685,11.0
514,0.286,0.350,0.000,132.539,-0.579,-0.639,11.0
515,0.283,0.352,0.000,132.513,-0.512,-0.566,11.0
516,0.280,0.354,0.000,132.523,-0.414,-0.460,11.0
517,0.278,0.356,0.000,132.568,-0.285,-0.319,11.0
518,0.275,0.358,0.000,132.649,-0.125,-0.144,11.0
519,0.272,0.360,0.000,132.764,0.067,0.065,11.0
520,0.269,0.362,0.000,132.913,0.292,0.306,11.0
521,0.266,0.363,0.000,133.093,0.532,0.560,11.0
522,0.264,0.364,0.000,133.303,0.775,0.813,11.0
523,0.261,0.366,0.000,133.542,1.022,1.066,11.0
524,0.259,0.367,0.000,133.811,1.276,1.320,11.0
525,0.257,0.368,0.000,134.102,1.491,1.559,11.0
526,0.257,0.368,0.000,134.389,1.597,1.643,11.0
527,0.257,0.367,0.000,134.665,1.568,1.595,11.0
528,0.257,0.367,0.000,134.928,1.405,1.416,11.0
529,0.256,0.368,0.000,135.191,1.195,1.172,11.0
530,0.253,0.369,0.000,135.473,0.984,0.952,11.0
531,0.250,0.370,0.000,135.779,0.775,0.748,11.0
532,0.248,0.372,0.000,136.113,0.575,0.547,11.0
533,0.245,0.373,0.000,136.473,0.379,0.350,11.0
534,0.242,0.374,0.000,136.859,0.183,0.162,11.0
535,0.240,0.376,0.000,137.269,-0.012,-0.020,11.0
536,0.236,0.378,0.000,137.706,-0.205,-0.194,11.0
537,0.232,0.382,0.000,138.178,-0.392,-0.359,11.0
538,0.228,0.386,0.000,138.684,-0.581,-0.519,11.0
539,0.223,0.390,0.000,139.224,-0.774,-0.676,11.0
540,0.218,0.394,0.000,139.797,-0.973,-0.828,11.0
541,0.213,0.397,0.000,140.401,-1.175,-0.979,11.0
542,0.207,0.401,0.000,141.035,-1.383,-1.126,11.0
543,0.202,0.404,0.000,141.694,-1.599,-1.260,11.0
544,0.200,0.405,0.000,142.351,-1.712,-1.333,11.0
545,0.200,0.405,0.000,142.975,-1.692,-1.274,11.0
546,0.199,0.405,0.000,143.566,-1.520,-1.123,11.0
547,0.196,0.408,0.000,144.165,-1.311,-0.952,11.0
548,0.191,0.411,0.000,144.789,-1.098,-0.784,11.0
549,0.186,0.415,0.000,145.440,-0.889,-0.621,11.0
550,0.180,0.419,0.000,146.115,-0.684,-0.466,11.0
551,0.174,0.423,0.000,146.815,-0.478,-0.320,11.0
552,0.169,0.427,0.000,147.538,-0.273,-0.181,11.0
553,0.163,0.430,0.000,148.284,-0.067,-0.049,11.0
554,0.157,0.434,0.000,149.051,0.140,0.077,11.0
555,0.151,0.438,0.000,149.840,0.350,0.196,11.0
556,0.145,0.441,0.000,150.648,0.564,0.310,11.0
557,0.139,0.444,0.000,151.476,0.782,0.418,11.0
558,0.133,0.448,0.000,152.321,1.003,0.530,11.0
559,0.127,0.451,0.000,153.178,1.233,0.625,11.0
560,0.120,0.454,0.000,154.049,1.467,0.722,11.0
561,0.114,0.457,0.000,154.937,1.714,0.811,11.0
562,0.109,0.459,0.000,155.836,1.925,0.850,11.0
563,0.108,0.459,0.000,156.720,1.931,0.843,11.0
564,0.108,0.459,0.000,157.593,1.776,0.748,11.0
565,0.105,0.461,0.000,158.465,1.606,0.635,11.0
566,0.099,0.464,0.000,159.344,1.451,0.551,11.0
567,0.092,0.466,0.000,160.235,1.305,0.477,11.0
568,0.085,0.469,0.000,161.136,1.168,0.407,11.0
569,0.078,0.471,0.000,162.046,1.037,0.342,11.0
570,0.070,0.474,0.000,162.966,0.909,0.285,11.0
571,0.063,0.476,0.000,163.893,0.787,0.234,11.0
572,0.055,0.478,0.000,164.829,0.668,0.188,11.0
573,0.048,0.480,0.000,165.772,0.553,0.146,11.0
574,0.040,0.482,0.000,166.721,0.440,0.110,11.0
575,0.032,0.484,0.000,167.676,0.330,0.078,11.0
576,0.025,0.485,0.000,168.635,0.222,0.051,11.0
577,0.017,0.487,0.000,169.600,0.116,0.028,11.0
578,0.009,0.488,0.000,170.568,0.011,0.008,11.0
579,0.001,0.489,0.000,171.539,-0.093,-0.012,11.0
580,-0.007,0.491,0.000,172.509,-0.195,-0.029,11.0
581,-0.015,0.492,0.000,173.480,-0.298,-0.044,11.0
582,-0.023,0.493,0.000,174.451,-0.404,-0.030,11.0
583,-0.031,0.493,0.000,175.421,-0.508,-0.039,11.0
584,-0.039,0.494,0.000,176.391,-0.614,-0.034,11.0
585,-0.047,0.494,0.000,177.360,-0.722,-0.025,11.0
586,-0.056,0.495,0.000,178.328,-0.831,-0.017,11.0
587,-0.064,0.495,0.000,179.292,-0.943,-0.006,11.0
588,-0.072,0.495,0.000,-179.749,-1.057,0.011,11.0
589,-0.080,0.495,0.000,-178.794,-1.175,0.031,11.0
590,-0.089,0.495,0.000,-177.844,-1.296,0.055,11.0
591,-0.097,0.494,0.000,-176.898,-1.421,0.083,11.0
592,-0.105,0.494,0.000,-175.956,-1.551,0.116,11.0
593,-0.113,0.493,0.000,-175.018,-1.685,0.153,11.0
594,-0.122,0.492,0.000,-174.085,-1.825,0.195,11.0
595,-0.130,0.491,0.000,-173.156,-1.971,0.243,11.0
596,-0.135,0.491,0.000,-172.234,-2.058,0.275,11.0
597,-0.136,0.491,0.000,-171.328,-1.978,0.304,11.0
598,-0.139,0.490,0.000,-170.429,-1.812,0.311,11.0
599,-0.145,0.489,0.000,-169.536,-1.644,0.310,11.0
600,-0.152,0.487,0.000,-168.651,-1.479,0.311,11.0
601,-0.159,0.486,0.000,-167.773,-1.322,0.287,11.0
602,-0.167,0.484,0.000,-166.902,-1.169,0.276,11.0
603,-0.174,0.482,0.000,-166.040,-1.023,0.263,11.0
604,-0.182,0.480,0.000,-165.185,-0.884,0.241,11.0
605,-0.190,0.478,0.000,-164.339,-0.752,0.216,11.0
606,-0.197,0.476,0.000,-163.502,-0.624,0.191,11.0
607,-0.205,0.473,0.000,-162.673,-0.501,0.163,11.0
608,-0.212,0.471,0.000,-161.854,-0.382,0.132,11.0
609,-0.220,0.469,0.000,-161.044,-0.267,0.098,11.0
610,-0.227,0.466,0.000,-160.243,-0.156,0.063,11.0
611,-0.234,0.463,0.000,-159.453,-0.046,0.024,11.0
612,-0.241,0.461,0.000,-158.672,0.061,-0.017,11.0
613,-0.248,0.458,0.000,-157.902,0.166,-0.061,11.0
614,-0.255,0.455,0.000,-157.143,0.270,-0.107,11.0
615,-0.262,0.452,0.000,-156.395,0.374,-0.156,11.0
616,-0.269,0.449,0.000,-155.658,0.476,-0.209,11.0
617,-0.275,0.446,0.000,-154.933,0.579,-0.264,11.0
618,-0.282,0.443,0.000,-154.220,0.682,-0.322,11.0
619,-0.288,0.440,0.000,-153.520,0.785,-0.384,11.0
620,-0.294,0.437,0.000,-152.833,0.890,-0.449,11.0
621,-0.300,0.434,0.000,-152.159,0.996,-0.519,11.0
622,-0.306,0.431,0.000,-151.499,1.104,-0.592,11.0
623,-0.312,0.428,0.000,-150.853,1.214,-0.670,11.0
624,-0.318,0.424,0.000,-150.222,1.328,-0.752,11.0
625,-0.323,0.421,0.000,-149.606,1.445,-0.840,11.0
626,-0.329,0.418,0.000,-149.004,1.565,-0.933,11.0
627,-0.334,0.415,0.000,-148.419,1.690,-1.031,11.0
628,-0.337,0.413,0.000,-147.846,1.738,-1.099,11.0
629,-0.337,0.412,0.000,-147.290,1.644,-1.052,11.0
630,-0.340,0.409,0.000,-146.744,1.546,-1.012,11.0
631,-0.345,0.406,0.000,-146.216,1.467,-0.972,11.0
632,-0.349,0.403,0.000,-145.704,1.394,-0.940,11.0
633,-0.354,0.400,0.000,-145.210,1.327,-0.914,11.0
634,-0.359,0.396,0.000,-144.733,1.268,-0.890,11.0
635,-0.363,0.393,0.000,-144.273,1.217,-0.867,11.0
636,-0.367,0.390,0.000,-143.831,1.171,-0.848,11.0
637,-0.372,0.387,0.000,-143.407,1.132,-0.832,11.0
638,-0.376,0.384,0.000,-143.001,1.098,-0.820,11.0
639,-0.380,0.381,0.000,-142.612,1.070,-0.810,11.0
640,-0.384,0.378,0.000,-142.242,1.048,-0.803,11.0
641,-0.388,0.375,0.000,-141.889,1.030,-0.800,11.0
642,-0.391,0.372,0.000,-141.554,1.017,-0.800,11.0
643,-0.395,0.369,0.000,-141.237,1.010,-0.803,11.0
644,-0.399,0.366,0.000,-140.938,1.007,-0.809,11.0
645,-0.402,0.363,0.000,-140.656,1.008,-0.818,11.0
646,-0.406,0.360,0.000,-140.393,1.014,-0.831,11.0
647,-0.409,0.358,0.000,-140.147,1.025,-0.847,11.0
648,-0.412,0.355,0.000,-139.919,1.040,-0.867,11.0
649,-0.416,0.352,0.000,-139.709,1.060,-0.890,11.0
650,-0.419,0.349,0.000,-139.516,1.085,-0.917,11.0
651,-0.422,0.347,0.000,-139.340,1.114,-0.948,11.0
652,-0.425,0.344,0.000,-139.182,1.148,-0.983,11.0
653,-0.428,0.342,0.000,-139.041,1.187,-1.022,11.0
654,-0.431,0.339,0.000,-138.918,1.231,-1.065,11.0
655,-0.434,0.336,0.000,-138.811,1.280,-1.112,11.0
656,-0.437,0.334,0.000,-138.722,1.335,-1.164,11.0
657,-0.439,0.332,0.000,-138.649,1.396,-1.220,11.0
658,-0.442,0.329,0.000,-138.593,1.463,-1.281,11.0
659,-0.444,0.327,0.000,-138.551,1.512,-1.348,11.0
660,-0.445,0.327,0.000,-138.518,1.491,-1.291,11.0
661,-0.447,0.324,0.000,-138.495,1.436,-1.276,11.0
662,-0.450,0.322,0.000,-138.480,1.412,-1.241,11.0
663,-0.453,0.319,0.000,-138.478,1.390,-1.217,11.0
664,-0.455,0.317,0.000,-138.493,1.370,-1.203,11.0
665,-0.458,0.315,0.000,-138.524,1.357,-1.193,11.0
666,-0.460,0.313,0.000,-138.571,1.353,-1.186,11.0
667,-0.463,0.310,0.000,-138.633,1.355,-1.184,11.0
668,-0.465,0.308,0.000,-138.710,1.363,-1.188,11.0
669,-0.467,0.306,0.000,-138.803,1.377,-1.197,11.0
670,-0.470,0.304,0.000,-138.911,1.399,-1.211,11.0
671,-0.472,0.302,0.000,-139.033,1.426,-1.230,11.0
672,-0.474,0.300,0.000,-139.171,1.461,-1.254,11.0
673,-0.477,0.298,0.000,-139.323,1.502,-1.282,11.0
674,-0.478,0.297,0.000,-139.488,1.525,-1.313,11.0
675,-0.479,0.296,0.000,-139.659,1.516,-1.268,11.0
676,-0.481,0.294,0.000,-139.839,1.502,-1.255,11.0
677,-0.484,0.292,0.000,-140.032,1.494,-1.247,11.0
678,-0.486,0.290,0.000,-140.238,1.498,-1.239,11.0
679,-0.488,0.289,0.000,-140.457,1.509,-1.236,11.0
680,-0.490,0.287,0.000,-140.690,1.526,-1.240,11.0
681,-0.492,0.285,0.000,-140.936,1.550,-1.250,11.0
682,-0.494,0.284,0.000,-141.193,1.559,-1.256,11.0
683,-0.495,0.282,0.000,-141.456,1.559,-1.235,11.0
684,-0.497,0.281,0.000,-141.732,1.566,-1.223,11.0
685,-0.499,0.279,0.000,-142.020,1.577,-1.222,11.0
686,-0.501,0.278,0.000,-142.320,1.584,-1.221,11.0
687,-0.503,0.276,0.000,-142.630,1.589,-1.206,11.0
688,-0.505,0.275,0.000,-142.952,1.599,-1.198,11.0
689,-0.507,0.273,0.000,-143.285,1.605,-1.190,11.0
690,-0.509,0.272,0.000,-143.629,1.612,-1.179,11.0
691,-0.511,0.270,0.000,-143.983,1.619,-1.171,11.0
692,-0.512,0.269,0.000,-144.347,1.627,-1.159,11.0
693,-0.514,0.268,0.000,-144.722,1.634,-1.150,11.0
694,-0.516,0.266,0.000,-145.107,1.642,-1.138,11.0
695,-0.518,0.265,0.000,-145.502,1.650,-1.127,11.0
696,-0.520,0.264,0.000,-145.904,1.638,-1.118,11.0
697,-0.521,0.263,0.000,-146.312,1.607,-1.074,11.0
698,-0.523,0.261,0.000,-146.731,1.579,-1.042,11.0
699,-0.525,0.260,0.000,-147.159,1.559,-1.015,11.0
700,-0.527,0.259,0.000,-147.596,1.548,-0.990,11.0
701,-0.529,0.257,0.000,-148.043,1.544,-0.970,11.0
702,-0.531,0.256,0.000,-148.500,1.546,-0.955,11.0
703,-0.533,0.255,0.000,-148.965,1.556,-0.944,11.0
704,-0.535,0.254,0.000,-149.439,1.574,-0.937,11.0
705,-0.537,0.253,0.000,-149.922,1.599,-0.933,11.0
706,-0.539,0.252,0.000,-150.413,1.631,-0.933,11.0
707,-0.541,0.250,0.000,-150.913,1.671,-0.936,11.0
708,-0.543,0.249,0.000,-151.421,1.718,-0.943,11.0
709,-0.545,0.248,0.000,-151.937,1.759,-0.930,11.0
710,-0.546,0.247,0.000,-152.454,1.729,-0.914,11.0
711,-0.548,0.246,0.000,-152.974,1.715,-0.886,11.0
712,-0.550,0.245,0.000,-153.501,1.711,-0.858,11.0
713,-0.552,0.244,0.000,-154.035,1.713,-0.839,11.0
714,-0.554,0.244,0.000,-154.576,1.722,-0.826,11.0
715,-0.556,0.243,0.000,-155.124,1.739,-0.814,11.0
716,-0.558,0.242,0.000,-155.678,1.765,-0.805,11.0
717,-0.560,0.241,0.000,-156.239,1.799,-0.799,11.0
718,-0.561,0.240,0.000,-156.806,1.826,-0.779,11.0
719,-0.563,0.239,0.000,-157.376,1.811,-0.762,11.0
720,-0.565,0.238,0.000,-157.950,1.807,-0.742,11.0
721,-0.567,0.237,0.000,-158.531,1.813,-0.720,11.0
722,-0.569,0.237,0.000,-159.117,1.827,-0.702,11.0
723,-0.571,0.236,0.000,-159.708,1.848,-0.690,11.0
724,-0.573,0.235,0.000,-160.305,1.866,-0.668,11.0
725,-0.575,0.234,0.000,-160.908,1.860,-0.652,11.0
726,-0.576,0.234,0.000,-161.516,1.865,-0.632,11.0
727,-0.578,0.233,0.000,-162.129,1.879,-0.612,11.0
728,-0.580,0.232,0.000,-162.747,1.889,-0.590,11.0
729,-0.582,0.232,0.000,-163.370,1.891,-0.571,11.0
730,-0.584,0.231,0.000,-163.997,1.901,-0.551,11.0
731,-0.585,0.231,0.000,-164.630,1.904,-0.531,11.0
732,-0.587,0.230,0.000,-165.267,1.912,-0.508,11.0
733,-0.589,0.229,0.000,-165.908,1.916,-0.487,11.0
734,-0.591,0.229,0.000,-166.553,1.922,-0.465,11.0
735,-0.593,0.228,0.000,-167.202,1.927,-0.444,11.0
736,-0.595,0.228,0.000,-167.855,1.932,-0.422,11.0
737,-0.596,0.228,0.000,-168.511,1.937,-0.399,11.0
738,-0.598,0.227,0.000,-169.171,1.941,-0.377,11.0
739,-0.600,0.227,0.000,-169.833,1.945,-0.355,11.0
740,-0.602,0.226,0.000,-170.499,1.949,-0.332,11.0
741,-0.603,0.226,0.000,-171.168,1.953,-0.309,11.0
742,-0.605,0.226,0.000,-171.840,1.957,-0.286,11.0
743,-0.607,0.226,0.000,-172.514,1.960,-0.263,11.0
744,-0.609,0.225,0.000,-173.190,1.963,-0.240,11.0
745,-0.610,0.225,0.000,-173.868,1.966,-0.217,11.0
746,-0.612,0.225,0.000,-174.549,1.968,-0.194,11.0
747,-0.614,0.225,0.000,-175.230,1.973,-0.152,11.0
748,-0.616,0.225,0.000,-175.909,1.984,-0.141,11.0
749,-0.617,0.224,0.000,-176.587,1.998,-0.119,11.0
750,-0.618,0.224,0.000,-177.263,1.992,-0.087,11.0
751,-0.620,0.224,0.000,-177.937,1.993,-0.064,11.0
752,-0.621,0.224,0.000,-178.611,2.000,-0.046,11.0
753,-0.623,0.224,0.000,-179.281,1.996,-0.018,11.0
754,-0.624,0.224,0.000,-179.949,1.998,0.004,11.0
755,-0.626,0.224,0.000,179.387,1.998,0.027,11.0
756,-0.627,0.224,0.000,178.725,1.997,0.050,11.0
757,-0.629,0.224,0.000,178.067,1.997,0.073,11.0
758,-0.630,0.224,0.000,177.410,1.995,0.096,11.0
759,-0.632,0.225,0.000,176.755,1.995,0.118,11.0
760,-0.633,0.225,0.000,176.101,1.993,0.142,11.0
761,-0.635,0.225,0.000,175.449,1.991,0.164,11.0
762,-0.636,0.225,0.000,174.798,1.989,0.187,11.0
763,-0.638,0.225,0.000,174.148,1.987,0.209,11.0
764,-0.639,0.225,0.000,173.500,1.984,0.232,11.0
765,-0.640,0.226,0.000,172.853,1.982,0.254,11.0
766,-0.642,0.226,0.000,172.208,1.979,0.276,11.0
767,-0.643,0.226,0.000,171.564,1.975,0.299,11.0
768,-0.645,0.226,0.000,170.921,1.972,0.321,11.0
769,-0.646,0.227,0.000,170.280,1.968,0.343,11.0
770,-0.647,0.227,0.000,169.641,1.964,0.365,11.0
771,-0.649,0.227,0.000,169.004,1.960,0.386,11.0
772,-0.650,0.228,0.000,168.369,1.956,0.408,11.0
773,-0.651,0.228,0.000,167.735,1.951,0.430,11.0
774,-0.653,0.228,0.000,167.104,1.946,0.451,11.0
775,-0.654,0.229,0.000,166.475,1.941,0.473,11.0
776,-0.655,0.229,0.000,165.848,1.936,0.494,11.0
777,-0.656,0.229,0.000,165.224,1.930,0.515,11.0
778,-0.658,0.230,0.000,164.602,1.925,0.536,11.0
779,-0.659,0.230,0.000,163.982,1.919,0.557,11.0
780,-0.660,0.231,0.000,163.365,1.913,0.577,11.0
781,-0.661,0.231,0.000,162.750,1.906,0.598,11.0
782,-0.663,0.232,0.000,162.138,1.900,0.618,11.0
783,-0.664,0.232,0.000,161.529,1.893,0.638,11.0
784,-0.665,0.233,0.000,160.923,1.886,0.658,11.0
785,-0.666,0.233,0.000,160.320,1.879,0.678,11.0
786,-0.667,0.234,0.000,159.720,1.872,0.698,11.0
787,-0.668,0.234,0.000,159.122,1.865,0.717,11.0
788,-0.670,0.235,0.000,158.528,1.857,0.736,11.0
789,-0.671,0.235,0.000,157.938,1.849,0.755,11.0
790,-0.672,0.236,0.000,157.350,1.842,0.774,11.0
791,-0.673,0.236,0.000,156.766,1.834,0.793,11.0
792,-0.674,0.237,0.000,156.186,1.826,0.812,11.0
793,-0.675,0.237,0.000,155.610,1.817,0.830,11.0
794,-0.676,0.238,0.000,155.037,1.809,0.848,11.0
795,-0.677,0.238,0.000,154.468,1.800,0.866,11.0
796,-0.678,0.239,0.000,153.902,1.792,0.884,11.0
797,-0.679,0.240,0.000,153.341,1.783,0.901,11.0
798,-0.680,0.240,0.000,152.783,1.774,0.919,11.0
799,-0.681,0.241,0.000,152.229,1.765,0.936,11.0
800,-0.682,0.241,0.000,151.678,1.756,0.953,11.0
801,-0.682,0.242,0.000,151.132,1.747,0.969,11.0
802,-0.683,0.242,0.000,150.589,1.738,0.986,11.0
803,-0.684,0.243,0.000,150.051,1.728,1.002,11.0
804,-0.685,0.244,0.000,149.516,1.719,1.018,11.0
805,-0.686,0.244,0.000,148.986,1.709,1.034,11.0
806,-0.687,0.245,0.000,148.460,1.700,1.050,11.0
807,-0.687,0.245,0.000,147.938,1.690,1.065,11.0
808,-0.688,0.246,0.000,147.420,1.681,1.080,11.0
809,-0.689,0.246,0.000,146.907,1.671,1.095,11.0
810,-0.689,0.247,0.000,146.399,1.654,1.089,11.0
811,-0.690,0.247,0.000,145.899,1.599,1.080,11.0
812,-0.691,0.248,0.000,145.403,1.559,1.068,11.0
813,-0.692,0.249,0.000,144.909,1.526,1.063,11.0
814,-0.693,0.249,0.000,144.418,1.499,1.064,11.0
815,-0.694,0.250,0.000,143.931,1.479,1.070,11.0
816,-0.695,0.251,0.000,143.447,1.467,1.080,11.0
817,-0.695,0.251,0.000,142.965,1.461,1.094,11.0
818,-0.696,0.252,0.000,142.487,1.462,1.114,11.0
819,-0.697,0.253,0.000,142.013,1.469,1.139,11.0
820,-0.698,0.253,0.000,141.541,1.482,1.169,11.0
821,-0.699,0.254,0.000,141.073,1.502,1.205,11.0
822,-0.700,0.255,0.000,140.608,1.528,1.246,11.0
823,-0.700,0.255,0.000,140.149,1.520,1.271,11.0
824,-0.700,0.255,0.000,139.695,1.488,1.255,11.0
825,-0.700,0.255,0.000,139.245,1.465,1.246,11.0
826,-0.701,0.256,0.000,138.798,1.442,1.254,11.0
827,-0.701,0.257,0.000,138.355,1.428,1.265,11.0
828,-0.702,0.257,0.000,137.916,1.424,1.278,11.0
829,-0.703,0.258,0.000,137.480,1.426,1.297,11.0
830,-0.704,0.259,0.000,137.047,1.433,1.324,11.0
831,-0.704,0.259,0.000,136.618,1.445,1.358,11.0
832,-0.704,0.260,0.000,136.193,1.432,1.359,11.0
833,-0.705,0.260,0.000,135.774,1.405,1.364,11.0
834,-0.706,0.261,0.000,135.357,1.393,1.369,11.0
835,-0.706,0.262,0.000,134.944,1.388,1.379,11.0
836,-0.707,0.262,0.000,134.533,1.386,1.399,11.0
837,-0.708,0.263,0.000,134.126,1.381,1.423,11.0
838,-0.708,0.263,0.000,133.721,1.371,1.419,11.0
839,-0.709,0.264,0.000,133.320,1.358,1.428,11.0
840,-0.709,0.265,0.000,132.922,1.351,1.444,11.0
841,-0.710,0.265,0.000,132.528,1.331,1.474,11.0
842,-0.710,0.266,0.000,132.136,1.340,1.486,11.0
843,-0.710,0.266,0.000,131.751,1.325,1.492,11.0
844,-0.710,0.266,0.000,131.368,1.312,1.494,11.0
845,-0.711,0.266,0.000,130.990,1.304,1.510,11.0
846,-0.711,0.267,0.000,130.616,1.301,1.520,11.0
847,-0.711,0.267,0.000,130.248,1.283,1.527,11.0
848,-0.712,0.268,0.000,129.884,1.276,1.537,11.0
849,-0.712,0.268,0.000,129.525,1.269,1.544,11.0
850,-0.713,0.269,0.000,129.170,1.257,1.552,11.0
851,-0.713,0.269,0.000,128.820,1.250,1.560,11.0
852,-0.713,0.270,0.000,128.474,1.238,1.567,11.0
853,-0.714,0.270,0.000,128.131,1.230,1.575,11.0
854,-0.714,0.271,0.000,127.793,1.220,1.582,11.0
855,-0.714,0.271,0.000,127.459,1.211,1.589,11.0
856,-0.715,0.272,0.000,127.129,1.202,1.596,11.0
857,-0.715,0.272,0.000,126.803,1.193,1.603,11.0
858,-0.715,0.272,0.000,126.481,1.184,1.610,11.0
859,-0.716,0.273,0.000,126.163,1.175,1.616,11.0
860,-0.716,0.273,0.000,125.849,1.166,1.622,11.0
861,-0.716,0.274,0.000,125.540,1.157,1.629,11.0
862,-0.717,0.274,0.000,125.235,1.148,1.635,11.0
863,-0.717,0.275,0.000,124.934,1.140,1.641,11.0
864,-0.717,0.275,0.000,124.638,1.131,1.647,11.0
865,-0.718,0.275,0.000,124.347,1.123,1.652,11.0
866,-0.718,0.276,0.000,124.060,1.115,1.658,11.0
867,-0.718,0.276,0.000,123.777,1.106,1.664,11.0
868,-0.718,0.277,0.000,123.498,1.098,1.669,11.0
869,-0.719,0.277,0.000,123.223,1.090,1.674,11.0
870,-0.719,0.277,0.000,122.952,1.082,1.679,11.0
871,-0.719,0.278,0.000,122.685,1.074,1.684,11.0
872,-0.719,0.278,0.000,122.422,1.067,1.689,11.0
873,-0.720,0.278,0.000,122.162,1.059,1.694,11.0
874,-0.720,0.279,0.000,121.907,1.051,1.699,11.0
875,-0.720,0.279,0.000,121.655,1.044,1.703,11.0
876,-0.720,0.279,0.000,121.407,1.037,1.708,11.0
877,-0.721,0.280,0.000,121.163,1.029,1.712,11.0
878,-0.721,0.280,0.000,120.922,1.022,1.717,11.0
879,-0.721,0.281,0.000,120.686,1.015,1.721,11.0
880,-0.722,0.281,0.000,120.453,1.008,1.725,11.0
881,-0.722,0.281,0.000,120.223,1.001,1.729,11.0
882,-0.722,0.282,0.000,119.998,0.994,1.733,11.0
883,-0.722,0.282,0.000,119.776,0.988,1.737,11.0
884,-0.723,0.283,0.000,119.558,0.981,1.740,11.0
885,-0.723,0.283,0.000,119.344,0.974,1.744,11.0
886,-0.723,0.283,0.000,119.133,0.968,1.748,11.0
887,-0.723,0.284,0.000,118.927,0.962,1.751,11.0
888,-0.723,0.284,0.000,118.724,0.955,1.755,11.0
889,-0.724,0.284,0.000,118.525,0.949,1.758,11.0
890,-0.724,0.284,0.000,118.329,0.943,1.761,11.0
891,-0.724,0.285,0.000,118.138,0.938,1.764,11.0
892,-0.724,0.285,0.000,117.951,0.932,1.767,11.0
893,-0.724,0.285,0.000,117.767,0.926,1.770,11.0
894,-0.724,0.286,0.000,117.587,0.921,1.773,11.0
895,-0.725,0.286,0.000,117.411,0.915,1.776,11.0
896,-0.725,0.286,0.000,117.239,0.910,1.779,11.0
897,-0.725,0.286,0.000,117.071,0.904,1.781,11.0
898,-0.725,0.286,0.000,116.906,0.899,1.784,11.0
899,-0.725,0.287,0.000,116.744,0.894,1.787,11.0
900,-0.725,0.287,0.000,116.586,0.889,1.789,11.0
901,-0.726,0.287,0.000,116.432,0.885,1.791,11.0
902,-0.726,0.287,0.000,116.281,0.880,1.794,11.0
903,-0.726,0.288,0.000,116.133,0.875,1.796,11.0
904,-0.726,0.288,0.000,115.989,0.871,1.798,11.0
905,-0.726,0.288,0.000,115.849,0.866,1.800,11.0
906,-0.726,0.288,0.000,115.711,0.862,1.802,11.0
907,-0.726,0.288,0.000,115.577,0.858,1.804,11.0
908,-0.726,0.288,0.000,115.447,0.854,1.806,11.0
909,-0.727,0.289,0.000,115.319,0.850,1.808,11.0
910,-0.727,0.289,0.000,115.194,0.846,1.810,11.0
911,-0.727,0.289,0.000,115.072,0.842,1.812,11.0
912,-0.727,0.289,0.000,114.953,0.838,1.814,11.0
913,-0.727,0.289,0.000,114.836,0.834,1.815,11.0
914,-0.727,0.290,0.000,114.723,0.831,1.817,11.0
915,-0.727,0.290,0.000,114.612,0.827,1.819,11.0
916,-0.728,0.290,0.000,114.504,0.824,1.820,11.0
917,-0.728,0.290,0.000,114.399,0.820,1.822,11.0
918,-0.728,0.290,0.000,114.297,0.817,1.823,11.0
919,-0.728,0.290,0.000,114.198,0.814,1.824,11.0
920,-0.728,0.291,0.000,114.101,0.811,1.826,11.0
921,-0.728,0.291,0.000,114.008,0.808,1.827,11.0
922,-0.728,0.291,0.000,113.917,0.805,1.828,11.0
923,-0.728,0.291,0.000,113.830,0.805,1.796,11.0
924,-0.728,0.291,0.000,113.745,0.778,1.753,11.0
925,-0.728,0.291,0.000,113.661,0.758,1.717,11.0
926,-0.728,0.292,0.000,113.579,0.744,1.689,11.0
927,-0.729,0.292,0.000,113.498,0.733,1.669,11.0
928,-0.729,0.292,0.000,113.419,0.725,1.656,11.0
929,-0.729,0.292,0.000,113.341,0.720,1.652,11.0
930,-0.729,0.293,0.000,113.264,0.718,1.655,11.0
931,-0.729,0.293,0.000,113.189,0.720,1.665,11.0
932,-0.729,0.293,0.000,113.115,0.726,1.683,11.0
933,-0.729,0.293,0.000,113.043,0.734,1.709,11.0
934,-0.729,0.294,0.000,112.972,0.739,1.745,11.0
935,-0.729,0.294,0.000,112.902,0.752,1.787,11.0
936,-0.729,0.294,0.000,112.833,0.762,1.839,11.0
937,-0.729,0.294,0.000,112.767,0.772,1.851,11.0
938,-0.729,0.294,0.000,112.705,0.750,1.815,11.0
939,-0.730,0.294,0.000,112.645,0.738,1.785,11.0
940,-0.730,0.295,0.000,112.585,0.728,1.764,11.0
941,-0.730,0.295,0.000,112.527,0.720,1.752,11.0
942,-0.730,0.295,0.000,112.471,0.716,1.748,11.0
943,-0.730,0.295,0.000,112.415,0.716,1.751,11.0
944,-0.730,0.295,0.000,112.360,0.719,1.763,11.0
945,-0.730,0.295,0.000,112.307,0.725,1.783,11.0
946,-0.730,0.295,0.000,112.255,0.734,1.811,11.0
947,-0.730,0.296,0.000,112.204,0.747,1.846,11.0
948,-0.730,0.296,0.000,112.157,0.752,1.857,11.0
949,-0.730,0.296,0.000,112.115,0.736,1.831,11.0
950,-0.730,0.296,0.000,112.073,0.727,1.812,11.0
951,-0.730,0.296,0.000,112.032,0.723,1.801,11.0
952,-0.730,0.296,0.000,111.993,0.720,1.799,11.0
953,-0.730,0.296,0.000,111.954,0.721,1.805,11.0
954,-0.730,0.296,0.000,111.916,0.725,1.819,11.0
955,-0.730,0.296,0.000,111.879,0.733,1.842,11.0
956,-0.730,0.296,0.000,111.844,0.749,1.862,11.0
957,-0.730,0.296,0.000,111.812,0.728,1.851,11.0
958,-0.730,0.296,0.000,111.782,0.726,1.835,11.0
959,-0.730,0.297,0.000,111.752,0.725,1.829,11.0
960,-0.730,0.297,0.000,111.723,0.724,1.832,11.0
961,-0.730,0.297,0.000,111.695,0.727,1.845,11.0
962,-0.731,0.297,0.000,111.668,0.735,1.863,11.0
963,-0.730,0.297,0.000,111.644,0.729,1.858,11.0
964,-0.731,0.297,0.000,111.620,0.729,1.847,11.0
965,-0.731,0.297,0.000,111.598,0.726,1.848,11.0
966,-0.731,0.297,0.000,111.576,0.727,1.857,11.0
967,-0.731,0.297,0.000,111.555,0.735,1.862,11.0
968,-0.731,0.297,0.000,111.537,0.725,1.856,11.0
969,-0.731,0.297,0.000,111.519,0.724,1.856,11.0
970,-0.731,0.297,0.000,111.501,0.728,1.862,11.0
971,-0.731,0.297,0.000,111.486,0.726,1.861,11.0
972,-0.731,0.297,0.000,111.471,0.726,1.858,11.0
973,-0.731,0.297,0.000,111.457,0.728,1.862,11.0
974,-0.731,0.297,0.000,111.444,0.724,1.861,11.0
975,-0.731,0.297,0.000,111.433,0.725,1.862,11.0
976,-0.731,0.297,0.000,111.422,0.725,1.862,11.0
977,-0.731,0.297,0.000,111.413,0.724,1.862,11.0
978,-0.731,0.297,0.000,111.405,0.725,1.862,11.0
979,-0.731,0.297,0.000,111.398,0.723,1.862,11.0
980,-0.731,0.297,0.000,111.392,0.724,1.862,11.0
981,-0.731,0.297,0.000,111.386,0.723,1.862,11.0
982,-0.731,0.297,0.000,111.382,0.724,1.862,11.0
983,-0.731,0.297,0.000,111.378,0.723,1.862,11.0
984,-0.731,0.297,0.000,111.376,0.723,1.862,11.0
985,-0.731,0.297,0.000,111.373,0.723,1.862,11.0
986,-0.731,0.297,0.000,111.372,0.723,1.862,11.0
987,-0.731,0.297,0.000,111.371,0.723,1.862,11.0
988,-0.731,0.297,0.000,111.371,0.723,1.862,11.0
989,-0.731,0.297,0.000,111.371,0.723,1.862,11.0
990,-0.731,0.297,0.000,111.371,0.723,1.862,11.0
991,-0.731,0.297,0.000,111.372,0.723,1.862,11.0
992,-0.731,0.297,0.000,111.374,0.723,1.862,11.0
993,-0.731,0.297,0.000,111.376,0.723,1.862,11.0
994,-0.731,0.297,0.000,111.377,0.723,1.862,11.0
995,-0.731,0.297,0.000,111.379,0.723,1.862,11.0
996,-0.731,0.297,0.000,111.379,0.723,1.862,11.0
997,-0.731,0.297,0.000,111.380,0.723,1.862,11.0
998,-0.731,0.297,0.000,111.380,0.723,1.862,11.0
999,-0.731,0.297,0.000,111.379,0.723,1.862,11.0
1000,-0.731,0.297,0.000,111.379,0.723,1.862,11.0
1001,-0.731,0.297,0.000,111.377,0.723,1.862,11.0
1002,-0.731,0.297,0.000,111.376,0.723,1.862,11.0
1003,-0.731,0.297,0.000,111.373,0.723,1.862,11.0
1004,-0.731,0.297,0.000,111.371,0.723,1.862,11.0
1005,-0.731,0.297,0.000,111.368,0.723,1.862,11.0
1006,-0.731,0.297,0.000,111.365,0.723,1.862,11.0
1007,-0.731,0.297,0.000,111.361,0.723,1.863,11.0
1008,-0.731,0.297,0.000,111.357,0.723,1.863,11.0
1009,-0.731,0.297,0.000,111.352,0.722,1.863,11.0
1010,-0.731,0.297,0.000,111.347,0.722,1.863,11.0
1011,-0.731,0.297,0.000,111.342,0.722,1.863,11.0
1012,-0.731,0.297,0.000,111.337,0.722,1.863,11.0
1013,-0.731,0.297,0.000,111.331,0.722,1.863,11.0
1014,-0.731,0.297,0.000,111.324,0.728,1.838,11.0
1015,-0.731,0.297,0.000,111.320,0.704,1.791,11.0
1016,-0.731,0.297,0.000,111.315,0.689,1.750,11.0
1017,-0.731,0.297,0.000,111.310,0.678,1.717,11.0
1018,-0.730,0.297,0.000,111.304,0.668,1.693,11.0
1019,-0.730,0.297,0.000,111.299,0.661,1.676,11.0
1020,-0.730,0.297,0.000,111.293,0.657,1.668,11.0
1021,-0.730,0.297,0.000,111.288,0.657,1.667,11.0
1022,-0.730,0.297,0.000,111.282,0.659,1.674,11.0
1023,-0.730,0.297,0.000,111.277,0.644,1.697,11.0
1024,-0.730,0.297,0.000,111.270,0.662,1.715,11.0
1025,-0.730,0.297,0.000,111.264,0.676,1.745,11.0
1026,-0.730,0.297,0.000,111.257,0.688,1.784,11.0
1027,-0.730,0.297,0.000,111.251,0.704,1.831,11.0
1028,-0.730,0.297,0.000,111.244,0.731,1.876,11.0
1029,-0.730,0.297,0.000,111.240,0.701,1.851,11.0
1030,-0.730,0.297,0.000,111.236,0.697,1.799,11.0
1031,-0.730,0.297,0.000,111.232,0.681,1.762,11.0
1032,-0.730,0.297,0.000,111.227,0.666,1.734,11.0
1033,-0.730,0.297,0.000,111.223,0.657,1.714,11.0
1034,-0.731,0.297,0.000,111.218,0.653,1.700,11.0
1035,-0.731,0.297,0.000,111.214,0.652,1.696,11.0
1036,-0.731,0.297,0.000,111.209,0.653,1.699,11.0
1037,-0.731,0.297,0.000,111.204,0.656,1.710,11.0
1038,-0.731,0.297,0.000,111.199,0.664,1.729,11.0
1039,-0.731,0.297,0.000,111.194,0.674,1.756,11.0
1040,-0.731,0.297,0.000,111.188,0.687,1.791,11.0
1041,-0.731,0.297,0.000,111.183,0.704,1.833,11.0
1042,-0.731,0.297,0.000,111.177,0.728,1.876,11.0
1043,-0.731,0.297,0.000,111.174,0.701,1.855,11.0
1044,-0.731,0.297,0.000,111.169,0.702,1.815,11.0
1045,-0.731,0.297,0.000,111.166,0.690,1.790,11.0
1046,-0.731,0.297,0.000,111.162,0.678,1.774,11.0
1047,-0.731,0.297,0.000,111.159,0.675,1.765,11.0
1048,-0.731,0.297,0.000,111.156,0.677,1.763,11.0
1049,-0.731,0.297,0.000,111.154,0.679,1.771,11.0
1050,-0.731,0.297,0.000,111.152,0.684,1.786,11.0
1051,-0.731,0.297,0.000,111.150,0.693,1.810,11.0
1052,-0.731,0.297,0.000,111.148,0.706,1.841,11.0
1053,-0.731,0.297,0.000,111.146,0.725,1.874,11.0
1054,-0.731,0.297,0.000,111.147,0.704,1.858,11.0
1055,-0.731,0.297,0.000,111.147,0.703,1.830,11.0
1056,-0.731,0.297,0.000,111.147,0.698,1.813,11.0
1057,-0.731,0.297,0.000,111.148,0.692,1.807,11.0
1058,-0.731,0.297,0.000,111.149,0.692,1.809,11.0
1059,-0.731,0.298,0.000,111.151,0.697,1.817,11.0
1060,-0.731,0.298,0.000,111.153,0.704,1.835,11.0
1061,-0.731,0.298,0.000,111.155,0.714,1.861,11.0
1062,-0.731,0.298,0.000,111.157,0.724,1.867,11.0
1063,-0.731,0.298,0.000,111.160,0.711,1.849,11.0
1064,-0.731,0.298,0.000,111.162,0.702,1.838,11.0
1065,-0.731,0.298,0.000,111.165,0.703,1.834,11.0
1066,-0.731,0.298,0.000,111.169,0.706,1.838,11.0
1067,-0.731,0.298,0.000,111.172,0.711,1.852,11.0
1068,-0.731,0.298,0.000,111.176,0.721,1.870,11.0
1069,-0.731,0.298,0.000,111.181,0.711,1.863,11.0
1070,-0.731,0.298,0.000,111.186,0.713,1.851,11.0
1071,-0.731,0.298,0.000,111.191,0.713,1.851,11.0
1072,-0.731,0.298,0.000,111.196,0.714,1.859,11.0
1073,-0.731,0.298,0.000,111.203,0.723,1.867,11.0
1074,-0.731,0.298,0.000,111.211,0.713,1.862,11.0
1075,-0.731,0.298,0.000,111.219,0.715,1.859,11.0
1076,-0.731,0.298,0.000,111.228,0.719,1.865,11.0
1077,-0.731,0.298,0.000,111.239,0.720,1.864,11.0
1078,-0.731,0.298,0.000,111.250,0.719,1.861,11.0
1079,-0.731,0.299,0.000,111.263,0.721,1.865,11.0
1080,-0.731,0.299,0.000,111.277,0.718,1.863,11.0
1081,-0.731,0.299,0.000,111.292,0.721,1.864,11.0
1082,-0.731,0.299,0.000,111.309,0.721,1.863,11.0
1083,-0.731,0.299,0.000,111.328,0.722,1.863,11.0
1084,-0.731,0.299,0.000,111.348,0.723,1.863,11.0
1085,-0.732,0.299,0.000,111.370,0.723,1.862,11.0
1086,-0.732,0.299,0.000,111.394,0.724,1.862,11.0
1087,-0.732,0.299,0.000,111.419,0.724,1.862,11.0
1088,-0.732,0.299,0.000,111.446,0.726,1.862,11.0
1089,-0.732,0.299,0.000,111.474,0.726,1.861,11.0
1090,-0.732,0.299,0.000,111.505,0.727,1.861,11.0
1091,-0.732,0.299,0.000,111.537,0.728,1.860,11.0
1092,-0.732,0.299,0.000,111.570,0.730,1.860,11.0
1093,-0.732,0.299,0.000,111.606,0.731,1.859,11.0
1094,-0.732,0.299,0.000,111.643,0.732,1.859,11.0
1095,-0.732,0.299,0.000,111.681,0.733,1.858,11.0
1096,-0.732,0.299,0.000,111.721,0.734,1.858,11.0
1097,-0.732,0.299,0.000,111.763,0.736,1.857,11.0
1098,-0.732,0.299,0.000,111.807,0.737,1.857,11.0
1099,-0.732,0.299,0.000,111.852,0.739,1.856,11.0
1100,-0.732,0.299,0.000,111.898,0.740,1.856,11.0
1101,-0.732,0.299,0.000,111.946,0.742,1.855,11.0
1102,-0.733,0.299,0.000,111.996,0.743,1.854,11.0
1103,-0.733,0.299,0.000,112.048,0.745,1.854,11.0
1104,-0.733,0.300,0.000,112.100,0.747,1.853,11.0
1105,-0.733,0.300,0.000,112.155,0.748,1.852,11.0
1106,-0.733,0.300,0.000,112.211,0.750,1.852,11.0
1107,-0.733,0.300,0.000,112.269,0.752,1.851,11.0
1108,-0.733,0.300,0.000,112.328,0.754,1.850,11.0
1109,-0.733,0.300,0.000,112.388,0.756,1.849,11.0
1110,-0.733,0.300,0.000,112.451,0.758,1.848,11.0
1111,-0.733,0.300,0.000,112.514,0.760,1.848,11.0
1112,-0.733,0.300,0.000,112.579,0.762,1.847,11.0
1113,-0.734,0.300,0.000,112.646,0.764,1.846,11.0
1114,-0.734,0.300,0.000,112.714,0.767,1.845,11.0
1115,-0.734,0.301,0.000,112.784,0.769,1.844,11.0
1116,-0.734,0.301,0.000,112.855,0.771,1.843,11.0
1117,-0.734,0.301,0.000,112.928,0.773,1.842,11.0
1118,-0.734,0.301,0.000,113.002,0.776,1.841,11.0
1119,-0.734,0.301,0.000,113.078,0.778,1.840,11.0
1120,-0.734,0.301,0.000,113.155,0.781,1.839,11.0
1121,-0.735,0.301,0.000,113.233,0.783,1.838,11.0
1122,-0.735,0.301,0.000,113.313,0.786,1.837,11.0
1123,-0.735,0.302,0.000,113.395,0.788,1.836,11.0
1124,-0.735,0.302,0.000,113.478,0.791,1.835,11.0
1125,-0.735,0.302,0.000,113.562,0.794,1.833,11.0
1126,-0.735,0.302,0.000,113.648,0.796,1.832,11.0
1127,-0.735,0.302,0.000,113.735,0.799,1.831,11.0
1128,-0.736,0.302,0.000,113.823,0.802,1.830,11.0
1129,-0.736,0.303,0.000,113.913,0.805,1.828,11.0
1130,-0.736,0.303,0.000,114.005,0.808,1.827,11.0
1131,-0.736,0.303,0.000,114.097,0.811,1.826,11.0
1132,-0.736,0.303,0.000,114.188,0.814,1.825,11.0
1133,-0.736,0.303,0.000,114.279,0.816,1.823,11.0
1134,-0.736,0.303,0.000,114.368,0.820,1.822,11.0
1135,-0.736,0.303,0.000,114.456,0.822,1.821,11.0
1136,-0.736,0.303,0.000,114.542,0.825,1.820,11.0
1137,-0.736,0.303,0.000,114.627,0.828,1.818,11.0
1138,-0.736,0.303,0.000,114.709,0.830,1.817,11.0
1139,-0.736,0.303,0.000,114.789,0.833,1.816,11.0
1140,-0.736,0.303,0.000,114.868,0.835,1.815,11.0
1141,-0.736,0.303,0.000,114.944,0.838,1.814,11.0
1142,-0.736,0.303,0.000,115.019,0.840,1.813,11.0
1143,-0.736,0.303,0.000,115.092,0.842,1.812,11.0
1144,-0.736,0.303,0.000,115.164,0.845,1.810,11.0
1145,-0.736,0.303,0.000,115.233,0.847,1.809,11.0
1146,-0.736,0.303,0.000,115.301,0.849,1.808,11.0
1147,-0.736,0.303,0.000,115.368,0.851,1.807,11.0
1148,-0.737,0.303,0.000,115.433,0.853,1.807,11.0
1149,-0.737,0.303,0.000,115.496,0.855,1.806,11.0
1150,-0.737,0.303,0.000,115.557,0.857,1.805,11.0
1151,-0.737,0.303,0.000,115.617,0.859,1.804,11.0
1152,-0.737,0.303,0.000,115.675,0.861,1.803,11.0
1153,-0.737,0.303,0.000,115.732,0.863,1.802,11.0
1154,-0.737,0.303,0.000,115.787,0.864,1.801,11.0
1155,-0.737,0.303,0.000,115.840,0.866,1.800,11.0
1156,-0.737,0.303,0.000,115.892,0.868,1.800,11.0
1157,-0.737,0.303,0.000,115.943,0.869,1.799,11.0
1158,-0.737,0.303,0.000,115.991,0.871,1.798,11.0
1159,-0.737,0.303,0.000,116.039,0.872,1.797,11.0
1160,-0.737,0.303,0.000,116.085,0.874,1.797,11.0
1161,-0.737,0.303,0.000,116.129,0.875,1.796,11.0
1162,-0.737,0.303,0.000,116.172,0.876,1.795,11.0
1163,-0.737,0.303,0.000,116.214,0.878,1.795,11.0
1164,-0.737,0.303,0.000,116.254,0.879,1.794,11.0
1165,-0.737,0.303,0.000,116.293,0.880,1.793,11.0
1166,-0.737,0.303,0.000,116.330,0.881,1.793,11.0
1167,-0.737,0.303,0.000,116.367,0.883,1.792,11.0
1168,-0.737,0.303,0.000,116.402,0.884,1.792,11.0
1169,-0.737,0.303,0.000,116.436,0.885,1.791,11.0
1170,-0.737,0.303,0.000,116.468,0.886,1.791,11.0
1171,-0.737,0.303,0.000,116.499,0.887,1.790,11.0
1172,-0.737,0.303,0.000,116.530,0.888,1.790,11.0
1173,-0.737,0.303,0.000,116.559,0.889,1.789,11.0
1174,-0.737,0.303,0.000,116.586,0.889,1.789,11.0
1175,-0.737,0.303,0.000,116.613,0.890,1.789,11.0
1176,-0.737,0.303,0.000,116.639,0.891,1.788,11.0
1177,-0.737,0.303,0.000,116.663,0.892,1.788,11.0
1178,-0.737,0.303,0.000,116.686,0.893,1.787,11.0
1179,-0.737,0.303,0.000,116.709,0.893,1.787,11.0
1180,-0.737,0.303,0.000,116.730,0.894,1.787,11.0
1181,-0.737,0.303,0.000,116.750,0.894,1.786,11.0
1182,-0.737,0.303,0.000,116.769,0.895,1.786,11.0
1183,-0.737,0.303,0.000,116.788,0.896,1.786,11.0
1184,-0.737,0.303,0.000,116.805,0.896,1.786,11.0
1185,-0.737,0.303,0.000,116.822,0.897,1.785,11.0
1186,-0.737,0.303,0.000,116.837,0.897,1.785,11.0
1187,-0.737,0.303,0.000,116.852,0.898,1.785,11.0
1188,-0.737,0.303,0.000,116.867,0.898,1.785,11.0
1189,-0.737,0.303,0.000,116.880,0.899,1.784,11.0
1190,-0.737,0.303,0.000,116.893,0.899,1.784,11.0
1191,-0.737,0.303,0.000,116.905,0.899,1.784,11.0
1192,-0.737,0.303,0.000,116.916,0.900,1.784,11.0
1193,-0.737,0.303,0.000,116.927,0.900,1.784,11.0
1194,-0.737,0.303,0.000,116.938,0.900,1.783,11.0
1195,-0.737,0.303,0.000,116.947,0.901,1.783,11.0
1196,-0.737,0.303,0.000,116.956,0.901,1.783,11.0
1197,-0.738,0.303,0.000,116.965,0.901,1.783,11.0
1198,-0.738,0.303,0.000,116.973,0.901,1.783,11.0
1199,-0.738,0.303,0.000,116.980,0.902,1.783,11.0
1200,-0.738,0.303,0.000,116.987,0.902,1.783,11.0
1201,-0.738,0.303,0.000,116.994,0.902,1.783,11.0
1202,-0.738,0.303,0.000,117.002,0.902,1.782,11.0
1203,-0.738,0.303,0.000,117.010,0.903,1.782,11.0
1204,-0.738,0.303,0.000,117.018,0.903,1.782,11.0
1205,-0.738,0.303,0.000,117.026,0.903,1.782,11.0
1206,-0.738,0.303,0.000,117.034,0.903,1.782,11.0
1207,-0.738,0.303,0.000,117.043,0.904,1.782,11.0
1208,-0.738,0.303,0.000,117.053,0.904,1.782,11.0
1209,-0.738,0.303,0.000,117.063,0.904,1.782,11.0
1210,-0.738,0.303,0.000,117.073,0.905,1.781,11.0
1211,-0.738,0.303,0.000,117.084,0.905,1.781,11.0
1212,-0.738,0.303,0.000,117.095,0.905,1.781,11.0
1213,-0.738,0.303,0.000,117.106,0.906,1.781,11.0
1214,-0.738,0.303,0.000,117.118,0.906,1.781,11.0
1215,-0.738,0.303,0.000,117.130,0.906,1.780,11.0
1216,-0.738,0.303,0.000,117.142,0.907,1.780,11.0
1217,-0.738,0.303,0.000,117.155,0.907,1.780,11.0
1218,-0.738,0.303,0.000,117.168,0.907,1.780,11.0
1219,-0.738,0.303,0.000,117.181,0.908,1.780,11.0
1220,-0.738,0.303,0.000,117.194,0.908,1.779,11.0
1221,-0.738,0.303,0.000,117.207,0.909,1.779,11.0
1222,-0.738,0.303,0.000,117.221,0.909,1.779,11.0
1223,-0.738,0.303,0.000,117.235,0.910,1.779,11.0
1224,-0.738,0.303,0.000,117.248,0.910,1.779,11.0
1225,-0.738,0.303,0.000,117.262,0.910,1.778,11.0
1226,-0.738,0.303,0.000,117.276,0.911,1.778,11.0
1227,-0.738,0.303,0.000,117.290,0.911,1.778,11.0
1228,-0.738,0.304,0.000,117.305,0.912,1.778,11.0
1229,-0.738,0.304,0.000,117.319,0.912,1.777,11.0
1230,-0.738,0.304,0.000,117.333,0.913,1.777,11.0
1231,-0.738,0.304,0.000,117.348,0.913,1.777,11.0
1232,-0.738,0.304,0.000,117.363,0.914,1.777,11.0
1233,-0.738,0.304,0.000,117.377,0.914,1.777,11.0
1234,-0.738,0.304,0.000,117.392,0.914,1.776,11.0
1235,-0.738,0.304,0.000,117.407,0.915,1.776,11.0
1236,-0.738,0.304,0.000,117.422,0.915,1.776,11.0
1237,-0.738,0.304,0.000,117.437,0.916,1.776,11.0
1238,-0.738,0.304,0.000,117.453,0.916,1.775,11.0
1239,-0.738,0.304,0.000,117.468,0.917,1.775,11.0
1240,-0.738,0.304,0.000,117.484,0.917,1.775,11.0
1241,-0.738,0.304,0.000,117.499,0.918,1.775,11.0
1242,-0.738,0.304,0.000,117.515,0.918,1.774,11.0
1243,-0.738,0.304,0.000,117.531,0.919,1.774,11.0
1244,-0.738,0.304,0.000,117.547,0.919,1.774,11.0
1245,-0.738,0.304,0.000,117.563,0.920,1.774,11.0
1246,-0.738,0.304,0.000,117.579,0.920,1.773,11.0
1247,-0.738,0.304,0.000,117.595,0.921,1.773,11.0
1248,-0.738,0.304,0.000,117.611,0.921,1.773,11.0
1249,-0.738,0.304,0.000,117.627,0.922,1.773,11.0
1250,-0.738,0.304,0.000,117.643,0.922,1.772,11.0
1251,-0.738,0.304,0.000,117.660,0.923,1.772,11.0
1252,-0.738,0.304,0.000,117.676,0.923,1.772,11.0
1253,-0.738,0.304,0.000,117.692,0.924,1.771,11.0
1254,-0.738,0.304,0.000,117.709,0.924,1.771,11.0
1255,-0.738,0.304,0.000,117.725,0.925,1.771,11.0
1256,-0.738,0.304,0.000,117.742,0.925,1.771,11.0
1257,-0.738,0.304,0.000,117.758,0.926,1.770,11.0
1258,-0.738,0.304,0.000,117.774,0.926,1.770,11.0
1259,-0.738,0.304,0.000,117.791,0.927,1.770,11.0
1260,-0.738,0.304,0.000,117.807,0.927,1.770,11.0
1261,-0.738,0.304,0.000,117.824,0.928,1.769,11.0
1262,-0.738,0.304,0.000,117.840,0.928,1.769,11.0
1263,-0.738,0.304,0.000,117.857,0.929,1.769,11.0
1264,-0.738,0.304,0.000,117.873,0.929,1.769,11.0
1265,-0.738,0.304,0.000,117.890,0.930,1.768,11.0
1266,-0.738,0.304,0.000,117.906,0.930,1.768,11.0
1267,-0.738,0.304,0.000,117.923,0.931,1.768,11.0
1268,-0.738,0.304,0.000,117.940,0.931,1.767,11.0
1269,-0.738,0.304,0.000,117.956,0.932,1.767,11.0
1270,-0.738,0.304,0.000,117.973,0.932,1.767,11.0
1271,-0.738,0.304,0.000,117.989,0.933,1.767,11.0
1272,-0.738,0.304,0.000,118.006,0.933,1.766,11.0
1273,-0.738,0.304,0.000,118.022,0.934,1.766,11.0
1274,-0.738,0.304,0.000,118.039,0.934,1.766,11.0
1275,-0.738,0.304,0.000,118.055,0.935,1.766,11.0
1276,-0.738,0.304,0.000,118.071,0.935,1.765,11.0
1277,-0.738,0.304,0.000,118.088,0.936,1.765,11.0
1278,-0.738,0.304,0.000,118.104,0.936,1.765,11.0
1279,-0.738,0.304,0.000,118.121,0.937,1.765,11.0
1280,-0.739,0.304,0.000,118.137,0.937,1.764,11.0
1281,-0.739,0.304,0.000,118.153,0.938,1.764,11.0
1282,-0.739,0.304,0.000,118.170,0.938,1.764,11.0
1283,-0.739,0.304,0.000,118.186,0.939,1.763,11.0
1284,-0.739,0.304,0.000,118.202,0.939,1.763,11.0
1285,-0.739,0.304,0.000,118.218,0.940,1.763,11.0
1286,-0.739,0.304,0.000,118.234,0.940,1.763,11.0
1287,-0.739,0.304,0.000,118.251,0.941,1.762,11.0
1288,-0.739,0.304,0.000,118.267,0.942,1.761,11.0
1289,-0.739,0.304,0.000,118.282,0.928,1.711,11.0
1290,-0.739,0.304,0.000,118.298,0.908,1.667,11.0
1291,-0.739,0.304,0.000,118.314,0.889,1.634,11.0
1292,-0.739,0.304,0.000,118.329,0.874,1.608,11.0
1293,-0.739,0.304,0.000,118.344,0.864,1.589,11.0
1294,-0.739,0.304,0.000,118.359,0.859,1.577,11.0
1295,-0.739,0.304,0.000,118.373,0.858,1.573,11.0
1296,-0.739,0.304,0.000,118.387,0.860,1.576,11.0
1297,-0.739,0.304,0.000,118.401,0.866,1.587,11.0
1298,-0.739,0.304,0.000,118.415,0.876,1.604,11.0
1299,-0.739,0.304,0.000,118.428,0.890,1.629,11.0
1300,-0.739,0.304,0.000,118.442,0.908,1.662,11.0
1301,-0.739,0.304,0.000,118.455,0.930,1.701,11.0
1302,-0.739,0.304,0.000,118.467,0.951,1.748,11.0
1303,-0.739,0.304,0.000,118.478,0.943,1.727,11.0
1304,-0.739,0.304,0.000,118.487,0.925,1.694,11.0
1305,-0.739,0.304,0.000,118.496,0.913,1.668,11.0
1306,-0.739,0.304,0.000,118.506,0.905,1.650,11.0
1307,-0.739,0.304,0.000,118.514,0.900,1.641,11.0
1308,-0.739,0.304,0.000,118.523,0.899,1.639,11.0
1309,-0.739,0.304,0.000,118.532,0.902,1.645,11.0
1310,-0.739,0.304,0.000,118.540,0.910,1.658,11.0
1311,-0.739,0.304,0.000,118.548,0.921,1.679,11.0
1312,-0.739,0.304,0.000,118.556,0.937,1.708,11.0
1313,-0.739,0.304,0.000,118.564,0.953,1.743,11.0
1314,-0.739,0.304,0.000,118.570,0.948,1.728,11.0
1315,-0.739,0.305,0.000,118.575,0.934,1.704,11.0
1316,-0.739,0.305,0.000,118.580,0.927,1.687,11.0
1317,-0.739,0.305,0.000,118.586,0.923,1.679,11.0
1318,-0.739,0.305,0.000,118.591,0.923,1.679,11.0
1319,-0.739,0.305,0.000,118.596,0.927,1.687,11.0
1320,-0.739,0.305,0.000,118.600,0.935,1.702,11.0
1321,-0.739,0.305,0.000,118.605,0.948,1.725,11.0
1322,-0.739,0.305,0.000,118.609,0.953,1.742,11.0
1323,-0.739,0.305,0.000,118.612,0.947,1.719,11.0
1324,-0.739,0.305,0.000,118.615,0.939,1.706,11.0
1325,-0.739,0.305,0.000,118.618,0.935,1.702,11.0
1326,-0.739,0.305,0.000,118.621,0.937,1.704,11.0
1327,-0.739,0.305,0.000,118.624,0.943,1.715,11.0
1328,-0.739,0.305,0.000,118.626,0.944,1.738,11.0
1329,-0.739,0.305,0.000,118.628,0.963,1.759,11.0
1330,-0.739,0.305,0.000,118.630,0.944,1.754,11.0
1331,-0.739,0.305,0.000,118.630,0.940,1.734,11.0
1332,-0.739,0.305,0.000,118.630,0.937,1.725,11.0
1333,-0.739,0.305,0.000,118.631,0.936,1.727,11.0
1334,-0.739,0.305,0.000,118.631,0.939,1.735,11.0
1335,-0.739,0.305,0.000,118.631,0.949,1.751,11.0
1336,-0.739,0.305,0.000,118.632,0.962,1.758,11.0
1337,-0.739,0.305,0.000,118.632,0.947,1.748,11.0
1338,-0.739,0.305,0.000,118.633,0.942,1.743,11.0
1339,-0.739,0.305,0.000,118.633,0.945,1.743,11.0
1340,-0.739,0.305,0.000,118.634,0.951,1.752,11.0
1341,-0.739,0.305,0.000,118.634,0.959,1.757,11.0
1342,-0.739,0.305,0.000,118.635,0.948,1.752,11.0
1343,-0.739,0.305,0.000,118.636,0.947,1.751,11.0
1344,-0.739,0.305,0.000,118.636,0.953,1.757,11.0
1345,-0.739,0.305,0.000,118.637,0.954,1.756,11.0
1346,-0.739,0.305,0.000,118.638,0.952,1.753,11.0
1347,-0.739,0.305,0.000,118.639,0.954,1.757,11.0
1348,-0.739,0.305,0.000,118.640,0.951,1.756,11.0
1349,-0.739,0.305,0.000,118.642,0.952,1.756,11.0
1350,-0.739,0.305,0.000,118.643,0.954,1.756,11.0
1351,-0.739,0.305,0.000,118.645,0.952,1.755,11.0
1352,-0.739,0.305,0.000,118.647,0.954,1.756,11.0
1353,-0.739,0.305,0.000,118.649,0.952,1.756,11.0
1354,-0.739,0.305,0.000,118.651,0.954,1.756,11.0
1355,-0.739,0.305,0.000,118.653,0.953,1.756,11.0
1356,-0.739,0.305,0.000,118.656,0.954,1.756,11.0
1357,-0.739,0.305,0.000,118.658,0.953,1.756,11.0
1358,-0.739,0.305,0.000,118.661,0.953,1.756,11.0
1359,-0.739,0.305,0.000,118.664,0.954,1.756,11.0
1360,-0.739,0.305,0.000,118.667,0.954,1.755,11.0
1361,-0.739,0.305,0.000,118.670,0.954,1.756,11.0
1362,-0.739,0.305,0.000,118.673,0.954,1.755,11.0
1363,-0.739,0.305,0.000,118.676,0.954,1.755,11.0
1364,-0.739,0.305,0.000,118.680,0.954,1.755,11.0
1365,-0.739,0.305,0.000,118.684,0.954,1.755,11.0
1366,-0.739,0.305,0.000,118.687,0.954,1.755,11.0
1367,-0.739,0.305,0.000,118.691,0.954,1.755,11.0
1368,-0.739,0.305,0.000,118.695,0.955,1.755,11.0
1369,-0.739,0.305,0.000,118.699,0.955,1.755,11.0
1370,-0.739,0.305,0.000,118.703,0.955,1.755,11.0
1371,-0.739,0.305,0.000,118.707,0.955,1.755,11.0
1372,-0.739,0.305,0.000,118.712,0.955,1.755,11.0
1373,-0.739,0.305,0.000,118.716,0.955,1.755,11.0
1374,-0.739,0.305,0.000,118.721,0.955,1.755,11.0
1375,-0.739,0.305,0.000,118.725,0.956,1.755,11.0
1376,-0.739,0.305,0.000,118.730,0.956,1.754,11.0
1377,-0.739,0.305,0.000,118.734,0.956,1.754,11.0
1378,-0.739,0.305,0.000,118.739,0.956,1.754,11.0
1379,-0.739,0.305,0.000,118.744,0.956,1.754,11.0
1380,-0.739,0.305,0.000,118.749,0.956,1.754,11.0
1381,-0.739,0.305,0.000,118.754,0.956,1.754,11.0
1382,-0.739,0.305,0.000,118.759,0.957,1.754,11.0
1383,-0.739,0.305,0.000,118.764,0.957,1.754,11.0
1384,-0.739,0.305,0.000,118.769,0.957,1.754,11.0
1385,-0.739,0.305,0.000,118.775,0.957,1.754,11.0
1386,-0.739,0.305,0.000,118.780,0.957,1.754,11.0
1387,-0.739,0.305,0.000,118.785,0.957,1.754,11.0
1388,-0.739,0.305,0.000,118.791,0.958,1.753,11.0
1389,-0.739,0.305,0.000,118.796,0.958,1.753,11.0
1390,-0.739,0.305,0.000,118.802,0.958,1.753,11.0
1391,-0.739,0.305,0.000,118.807,0.958,1.753,11.0
1392,-0.739,0.305,0.000,118.813,0.958,1.753,11.0
1393,-0.739,0.305,0.000,118.818,0.958,1.753,11.0
1394,-0.739,0.305,0.000,118.824,0.959,1.753,11.0
1395,-0.739,0.305,0.000,118.830,0.959,1.753,11.0
1396,-0.739,0.305,0.000,118.835,0.959,1.753,11.0
1397,-0.739,0.305,0.000,118.841,0.959,1.753,11.0
1398,-0.739,0.305,0.000,118.847,0.959,1.752,11.0
1399,-0.739,0.305,0.000,118.853,0.959,1.752,11.0
1400,-0.739,0.305,0.000,118.859,0.960,1.752,11.0
1401,-0.739,0.305,0.000,118.864,0.960,1.752,11.0
1402,-0.739,0.305,0.000,118.870,0.960,1.752,11.0
1403,-0.739,0.305,0.000,118.876,0.960,1.752,11.0
1404,-0.739,0.305,0.000,118.882,0.960,1.752,11.0
1405,-0.739,0.305,0.000,118.888,0.961,1.752,11.0
1406,-0.739,0.305,0.000,118.894,0.961,1.752,11.0
1407,-0.739,0.305,0.000,118.900,0.961,1.752,11.0
1408,-0.739,0.305,0.000,118.906,0.961,1.751,11.0
1409,-0.739,0.305,0.000,118.912,0.961,1.751,11.0
1410,-0.739,0.305,0.000,118.918,0.961,1.751,11.0
1411,-0.739,0.305,0.000,118.924,0.962,1.751,11.0
1412,-0.739,0.305,0.000,118.930,0.962,1.751,11.0
1413,-0.739,0.305,0.000,118.936,0.962,1.751,11.0
1414,-0.739,0.305,0.000,118.943,0.962,1.751,11.0
1415,-0.739,0.305,0.000,118.949,0.962,1.751,11.0
1416,-0.739,0.305,0.000,118.955,0.963,1.751,11.0
1417,-0.739,0.305,0.000,118.961,0.963,1.751,11.0
1418,-0.739,0.305,0.000,118.967,0.963,1.750,11.0
1419,-0.739,0.305,0.000,118.973,0.963,1.750,11.0
1420,-0.739,0.305,0.000,118.979,0.963,1.750,11.0
1421,-0.739,0.305,0.000,118.985,0.964,1.750,11.0
1422,-0.739,0.305,0.000,118.991,0.964,1.750,11.0
1423,-0.739,0.305,0.000,118.998,0.964,1.750,11.0
1424,-0.739,0.305,0.000,119.004,0.964,1.750,11.0
1425,-0.739,0.305,0.000,119.010,0.964,1.750,11.0
1426,-0.739,0.305,0.000,119.016,0.964,1.750,11.0
1427,-0.739,0.305,0.000,119.022,0.965,1.750,11.0
1428,-0.739,0.305,0.000,119.028,0.965,1.749,11.0
1429,-0.739,0.305,0.000,119.034,0.965,1.749,11.0
1430,-0.739,0.305,0.000,119.040,0.965,1.749,11.0
1431,-0.739,0.305,0.000,119.047,0.965,1.749,11.0
1432,-0.739,0.305,0.000,119.053,0.966,1.749,11.0
1433,-0.739,0.305,0.000,119.059,0.966,1.749,11.0
1434,-0.739,0.305,0.000,119.065,0.966,1.749,11.0
1435,-0.739,0.305,0.000,119.071,0.966,1.749,11.0
1436,-0.739,0.305,0.000,119.077,0.966,1.749,11.0
1437,-0.739,0.305,0.000,119.083,0.966,1.749,11.0
1438,-0.739,0.305,0.000,119.089,0.967,1.748,11.0
1439,-0.739,0.305,0.000,119.095,0.967,1.748,11.0
1440,-0.739,0.305,0.000,119.101,0.967,1.748,11.0
1441,-0.739,0.305,0.000,119.107,0.967,1.748,11.0
1442,-0.739,0.305,0.000,119.113,0.967,1.748,11.0
1443,-0.740,0.305,0.000,119.119,0.968,1.748,11.0
1444,-0.740,0.305,0.000,119.125,0.968,1.748,11.0
1445,-0.740,0.305,0.000,119.131,0.968,1.748,11.0
1446,-0.740,0.305,0.000,119.137,0.968,1.748,11.0
1447,-0.740,0.305,0.000,119.143,0.968,1.748,11.0
1448,-0.740,0.305,0.000,119.149,0.968,1.747,11.0
1449,-0.740,0.305,0.000,119.155,0.969,1.747,11.0
1450,-0.740,0.305,0.000,119.160,0.969,1.747,11.0
1451,-0.740,0.305,0.000,119.166,0.969,1.747,11.0
1452,-0.740,0.305,0.000,119.172,0.969,1.747,11.0
1453,-0.740,0.305,0.000,119.178,0.969,1.747,11.0
1454,-0.740,0.305,0.000,119.184,0.970,1.747,11.0
1455,-0.740,0.305,0.000,119.189,0.970,1.747,11.0
1456,-0.740,0.305,0.000,119.195,0.970,1.747,11.0
1457,-0.740,0.305,0.000,119.201,0.970,1.747,11.0
1458,-0.740,0.305,0.000,119.206,0.970,1.746,11.0
1459,-0.740,0.305,0.000,119.212,0.970,1.746,11.0
1460,-0.740,0.305,0.000,119.218,0.971,1.746,11.0
1461,-0.740,0.305,0.000,119.223,0.971,1.746,11.0
1462,-0.740,0.305,0.000,119.229,0.971,1.746,11.0
1463,-0.740,0.305,0.000,119.234,0.971,1.746,11.0
1464,-0.740,0.305,0.000,119.240,0.971,1.746,11.0
1465,-0.740,0.305,0.000,119.245,0.971,1.746,11.0
1466,-0.740,0.305,0.000,119.251,0.972,1.746,11.0
1467,-0.740,0.305,0.000,119.256,0.972,1.746,11.0
1468,-0.740,0.305,0.000,119.261,0.972,1.746,11.0
1469,-0.740,0.305,0.000,119.267,0.972,1.745,11.0
1470,-0.740,0.305,0.000,119.272,0.972,1.745,11.0
1471,-0.740,0.305,0.000,119.277,0.972,1.745,11.0
1472,-0.740,0.305,0.000,119.283,0.973,1.745,11.0
1473,-0.740,0.305,0.000,119.288,0.973,1.745,11.0
1474,-0.740,0.305,0.000,119.293,0.973,1.745,11.0
1475,-0.740,0.305,0.000,119.298,0.973,1.745,11.0
1476,-0.740,0.305,0.000,119.303,0.973,1.745,11.0
1477,-0.740,0.305,0.000,119.308,0.973,1.745,11.0
1478,-0.740,0.305,0.000,119.313,0.974,1.745,11.0
1479,-0.740,0.305,0.000,119.318,0.974,1.745,11.0
1480,-0.740,0.305,0.000,119.323,0.974,1.744,11.0
1481,-0.740,0.305,0.000,119.328,0.974,1.744,11.0
1482,-0.740,0.305,0.000,119.333,0.974,1.744,11.0
1483,-0.740,0.305,0.000,119.338,0.974,1.744,11.0
1484,-0.740,0.305,0.000,119.343,0.974,1.744,11.0
1485,-0.740,0.305,0.000,119.347,0.975,1.744,11.0
1486,-0.740,0.305,0.000,119.352,0.975,1.744,11.0
1487,-0.740,0.305,0.000,119.357,0.975,1.744,11.0
1488,-0.740,0.305,0.000,119.362,0.975,1.744,11.0
1489,-0.740,0.305,0.000,119.366,0.975,1.744,11.0
1490,-0.740,0.305,0.000,119.371,0.975,1.744,11.0
1491,-0.740,0.305,0.000,119.375,0.975,1.744,11.0
1492,-0.740,0.305,0.000,119.380,0.976,1.743,11.0
1493,-0.740,0.305,0.000,119.384,0.976,1.743,11.0
1494,-0.740,0.305,0.000,119.389,0.976,1.743,11.0
1495,-0.740,0.305,0.000,119.393,0.976,1.743,11.0
1496,-0.740,0.305,0.000,119.398,0.976,1.743,11.0
1497,-0.740,0.305,0.000,119.402,0.976,1.743,11.0
1498,-0.740,0.305,0.000,119.406,0.976,1.743,11.0
1499,-0.740,0.305,0.000,119.411,0.976,1.743,11.0
1500,-0.740,0.305,0.000,119.415,0.977,1.743,11.0
1501,-0.740,0.305,0.000,119.419,0.977,1.743,11.0
1502,-0.740,0.305,0.000,119.423,0.977,1.743,11.0
1503,-0.740,0.305,0.000,119.427,0.977,1.743,11.0
1504,-0.740,0.305,0.000,119.432,0.977,1.743,11.0
1505,-0.740,0.305,0.000,119.436,0.977,1.743,11.0
1506,-0.740,0.305,0.000,119.440,0.977,1.742,11.0
1507,-0.740,0.305,0.000,119.444,0.977,1.742,11.0
1508,-0.740,0.305,0.000,119.448,0.978,1.742,11.0
1509,-0.740,0.305,0.000,119.452,0.978,1.742,11.0
1510,-0.740,0.305,0.000,119.456,0.978,1.742,11.0
1511,-0.740,0.305,0.000,119.460,0.978,1.742,11.0
1512,-0.740,0.305,0.000,119.463,0.978,1.742,11.0
1513,-0.740,0.305,0.000,119.467,0.978,1.742,11.0
1514,-0.740,0.305,0.000,119.471,0.978,1.742,11.0
1515,-0.740,0.305,0.000,119.475,0.978,1.742,11.0
1516,-0.740,0.305,0.000,119.479,0.979,1.742,11.0
1517,-0.740,0.305,0.000,119.482,0.979,1.742,11.0
1518,-0.740,0.305,0.000,119.486,0.979,1.742,11.0
1519,-0.740,0.305,0.000,119.490,0.979,1.742,11.0
1520,-0.740,0.305,0.000,119.493,0.979,1.742,11.0
1521,-0.740,0.305,0.000,119.497,0.979,1.741,11.0
1522,-0.740,0.305,0.000,119.500,0.979,1.741,11.0
1523,-0.740,0.305,0.000,119.504,0.979,1.741,11.0
1524,-0.740,0.305,0.000,119.507,0.979,1.741,11.0
1525,-0.740,0.305,0.000,119.511,0.980,1.741,11.0
1526,-0.740,0.305,0.000,119.514,0.980,1.741,11.0
1527,-0.740,0.305,0.000,119.517,0.980,1.741,11.0
1528,-0.740,0.305,0.000,119.521,0.980,1.741,11.0
1529,-0.740,0.305,0.000,119.524,0.980,1.741,11.0
1530,-0.740,0.305,0.000,119.527,0.980,1.741,11.0
1531,-0.740,0.305,0.000,119.531,0.980,1.741,11.0
1532,-0.740,0.305,0.000,119.534,0.980,1.741,11.0
1533,-0.740,0.305,0.000,119.537,0.980,1.741,11.0
1534,-0.740,0.305,0.000,119.540,0.980,1.741,11.0
1535,-0.740,0.305,0.000,119.544,0.981,1.741,11.0
1536,-0.740,0.305,0.000,119.547,0.981,1.741,11.0
1537,-0.740,0.305,0.000,119.550,0.981,1.741,11.0
1538,-0.740,0.305,0.000,119.553,0.981,1.741,11.0
1539,-0.740,0.305,0.000,119.556,0.981,1.740,11.0
1540,-0.740,0.305,0.000,119.559,0.981,1.740,11.0
1541,-0.740,0.305,0.000,119.562,0.981,1.740,11.0
1542,-0.740,0.305,0.000,119.565,0.981,1.740,11.0
1543,-0.740,0.305,0.000,119.568,0.981,1.740,11.0
1544,-0.740,0.305,0.000,119.571,0.981,1.740,11.0
1545,-0.740,0.305,0.000,119.574,0.981,1.740,11.0
1546,-0.740,0.305,0.000,119.577,0.982,1.740,11.0
1547,-0.740,0.305,0.000,119.579,0.982,1.740,11.0
1548,-0.740,0.305,0.000,119.582,0.982,1.740,11.0
1549,-0.740,0.305,0.000,119.585,0.982,1.740,11.0
1550,-0.740,0.305,0.000,119.588,0.982,1.740,11.0
1551,-0.740,0.305,0.000,119.591,0.982,1.740,11.0
1552,-0.740,0.305,0.000,119.593,0.982,1.740,11.0
1553,-0.740,0.305,0.000,119.596,0.982,1.740,11.0
1554,-0.740,0.305,0.000,119.599,0.982,1.740,11.0
1555,-0.740,0.305,0.000,119.601,0.982,1.740,11.0
1556,-0.740,0.305,0.000,119.604,0.982,1.740,11.0
1557,-0.740,0.305,0.000,119.607,0.982,1.740,11.0
1558,-0.740,0.305,0.000,119.609,0.983,1.740,11.0
1559,-0.740,0.305,0.000,119.612,0.983,1.740,11.0
1560,-0.740,0.305,0.000,119.614,0.983,1.739,11.0
1561,-0.740,0.305,0.000,119.617,0.983,1.739,11.0
1562,-0.740,0.305,0.000,119.619,0.983,1.739,11.0
1563,-0.740,0.305,0.000,119.622,0.983,1.739,11.0
1564,-0.740,0.305,0.000,119.624,0.983,1.739,11.0
1565,-0.740,0.305,0.000,119.627,0.983,1.739,11.0
1566,-0.740,0.305,0.000,119.629,0.983,1.739,11.0
1567,-0.740,0.305,0.000,119.631,0.983,1.739,11.0
1568,-0.740,0.305,0.000,119.634,0.983,1.739,11.0
1569,-0.740,0.305,0.000,119.636,0.983,1.739,11.0
1570,-0.740,0.305,0.000,119.639,0.983,1.739,11.0
1571,-0.740,0.305,0.000,119.641,0.983,1.739,11.0
1572,-0.740,0.305,0.000,119.643,0.984,1.739,11.0
1573,-0.740,0.305,0.000,119.645,0.984,1.739,11.0
1574,-0.740,0.305,0.000,119.648,0.984,1.739,11.0
1575,-0.740,0.305,0.000,119.650,0.984,1.739,11.0
1576,-0.740,0.305,0.000,119.652,0.984,1.739,11.0
1577,-0.740,0.305,0.000,119.654,0.984,1.739,11.0
1578,-0.740,0.305,0.000,119.657,0.984,1.739,11.0
1579,-0.740,0.305,0.000,119.659,0.984,1.739,11.0
1580,-0.740,0.305,0.000,119.661,0.984,1.739,11.0
1581,-0.740,0.305,0.000,119.663,0.984,1.739,11.0
1582,-0.740,0.305,0.000,119.665,0.984,1.739,11.0
1583,-0.740,0.305,0.000,119.667,0.984,1.739,11.0
1584,-0.740,0.305,0.000,119.669,0.984,1.739,11.0
1585,-0.740,0.305,0.000,119.671,0.984,1.739,11.0
1586,-0.740,0.305,0.000,119.673,0.984,1.738,11.0
1587,-0.740,0.305,0.000,119.676,0.985,1.738,11.0
1588,-0.740,0.305,0.000,119.678,0.985,1.738,11.0
1589,-0.740,0.305,0.000,119.680,0.985,1.738,11.0
1590,-0.740,0.305,0.000,119.682,0.985,1.738,11.0
1591,-0.740,0.305,0.000,119.684,0.985,1.738,11.0
1592,-0.740,0.305,0.000,119.685,0.985,1.738,11.0
1593,-0.740,0.305,0.000,119.687,0.985,1.738,11.0
1594,-0.740,0.305,0.000,119.689,0.985,1.738,11.0
1595,-0.740,0.305,0.000,119.691,0.985,1.738,11.0
1596,-0.740,0.305,0.000,119.693,0.985,1.738,11.0
1597,-0.740,0.305,0.000,119.695,0.985,1.738,11.0
1598,-0.740,0.305,0.000,119.697,0.985,1.738,11.0
1599,-0.740,0.305,0.000,119.699,0.985,1.738,11.0
1600,-0.740,0.305,0.000,119.701,0.985,1.738,11.0
1601,-0.740,0.305,0.000,119.703,0.985,1.738,11.0
1602,-0.740,0.305,0.000,119.704,0.985,1.738,11.0
1603,-0.740,0.305,0.000,119.706,0.985,1.738,11.0
1604,-0.740,0.305,0.000,119.708,0.986,1.738,11.0
1605,-0.740,0.305,0.000,119.710,0.986,1.738,11.0
1606,-0.740,0.305,0.000,119.712,0.986,1.738,11.0
1607,-0.740,0.305,0.000,119.713,0.986,1.738,11.0
1608,-0.740,0.305,0.000,119.715,0.986,1.738,11.0
1609,-0.740,0.305,0.000,119.717,0.986,1.738,11.0
1610,-0.740,0.305,0.000,119.719,0.986,1.738,11.0
1611,-0.740,0.305,0.000,119.720,0.986,1.738,11.0
1612,-0.740,0.305,0.000,119.722,0.986,1.738,11.0
1613,-0.740,0.305,0.000,119.724,0.986,1.738,11.0
1614,-0.740,0.305,0.000,119.725,0.986,1.738,11.0
1615,-0.740,0.305,0.000,119.727,0.986,1.738,11.0
1616,-0.740,0.305,0.000,119.729,0.986,1.738,11.0
1617,-0.740,0.305,0.000,119.730,0.986,1.737,11.0
1618,-0.740,0.305,0.000,119.732,0.986,1.737,11.0
1619,-0.740,0.305,0.000,119.734,0.986,1.737,11.0
1620,-0.740,0.305,0.000,119.735,0.986,1.737,11.0
1621,-0.740,0.305,0.000,119.737,0.986,1.737,11.0
1622,-0.740,0.305,0.000,119.738,0.986,1.737,11.0
1623,-0.740,0.305,0.000,119.740,0.986,1.737,11.0
1624,-0.740,0.305,0.000,119.742,0.987,1.737,11.0
1625,-0.740,0.305,0.000,119.743,0.987,1.737,11.0
1626,-0.740,0.305,0.000,119.745,0.987,1.737,11.0
1627,-0.740,0.305,0.000,119.746,0.987,1.737,11.0
1628,-0.740,0.305,0.000,119.748,0.987,1.737,11.0
1629,-0.740,0.305,0.000,119.749,0.987,1.737,11.0
1630,-0.740,0.305,0.000,119.751,0.987,1.737,11.0
1631,-0.740,0.305,0.000,119.752,0.987,1.737,11.0
1632,-0.740,0.305,0.000,119.754,0.987,1.737,11.0
1633,-0.740,0.305,0.000,119.755,0.987,1.737,11.0
1634,-0.740,0.305,0.000,119.757,0.987,1.737,11.0
1635,-0.740,0.305,0.000,119.758,0.987,1.737,11.0
1636,-0.740,0.305,0.000,119.760,0.987,1.737,11.0
1637,-0.740,0.305,0.000,119.761,0.987,1.737,11.0
1638,-0.740,0.305,0.000,119.763,0.987,1.737,11.0
1639,-0.740,0.305,0.000,119.764,0.987,1.737,11.0
1640,-0.740,0.305,0.000,119.766,0.987,1.737,11.0
1641,-0.740,0.305,0.000,119.767,0.987,1.737,11.0
1642,-0.740,0.305,0.000,119.768,0.987,1.737,11.0
1643,-0.740,0.305,0.000,119.770,0.987,1.737,11.0
1644,-0.740,0.305,0.000,119.771,0.987,1.737,11.0
1645,-0.740,0.305,0.000,119.773,0.987,1.737,11.0
1646,-0.740,0.305,0.000,119.774,0.988,1.737,11.0
1647,-0.740,0.305,0.000,119.776,0.988,1.737,11.0
1648,-0.740,0.305,0.000,119.777,0.988,1.737,11.0
1649,-0.740,0.305,0.000,119.778,0.988,1.737,11.0
1650,-0.740,0.305,0.000,119.780,0.988,1.737,11.0
1651,-0.740,0.305,0.000,119.781,0.988,1.737,11.0
1652,-0.740,0.305,0.000,119.782,0.988,1.737,11.0
1653,-0.740,0.305,0.000,119.784,0.988,1.737,11.0
1654,-0.740,0.305,0.000,119.785,0.988,1.737,11.0
1655,-0.740,0.305,0.000,119.786,0.988,1.737,11.0
1656,-0.740,0.305,0.000,119.788,0.988,1.737,11.0
1657,-0.740,0.305,0.000,119.789,0.988,1.736,11.0
1658,-0.740,0.305,0.000,119.790,0.988,1.736,11.0
1659,-0.740,0.305,0.000,119.792,0.988,1.736,11.0
1660,-0.740,0.305,0.000,119.793,0.988,1.736,11.0
1661,-0.740,0.305,0.000,119.794,0.988,1.736,11.0
1662,-0.740,0.305,0.000,119.796,0.988,1.736,11.0
1663,-0.740,0.305,0.000,119.797,0.988,1.736,11.0
1664,-0.740,0.305,0.000,119.798,0.988,1.736,11.0
1665,-0.740,0.305,0.000,119.799,0.988,1.736,11.0
1666,-0.740,0.305,0.000,119.801,0.988,1.736,11.0
1667,-0.740,0.305,0.000,119.802,0.988,1.736,11.0
1668,-0.740,0.305,0.000,119.803,0.988,1.736,11.0
1669,-0.740,0.305,0.000,119.805,0.988,1.736,11.0
1670,-0.740,0.305,0.000,119.806,0.988,1.736,11.0
1671,-0.740,0.305,0.000,119.807,0.989,1.736,11.0
1672,-0.740,0.305,0.000,119.808,0.989,1.736,11.0
1673,-0.740,0.305,0.000,119.809,0.989,1.736,11.0
1674,-0.740,0.305,0.000,119.811,0.989,1.736,11.0
1675,-0.740,0.305,0.000,119.812,0.989,1.736,11.0
1676,-0.740,0.305,0.000,119.813,0.989,1.736,11.0
1677,-0.740,0.305,0.000,119.814,0.989,1.736,11.0
1678,-0.740,0.305,0.000,119.816,0.989,1.736,11.0
1679,-0.740,0.305,0.000,119.817,0.989,1.736,11.0
1680,-0.740,0.305,0.000,119.818,0.989,1.736,11.0
1681,-0.740,0.305,0.000,119.819,0.989,1.736,11.0
1682,-0.740,0.305,0.000,119.820,0.989,1.736,11.0
1683,-0.740,0.305,0.000,119.822,0.989,1.736,11.0
1684,-0.740,0.305,0.000,119.823,0.989,1.736,11.0
1685,-0.740,0.305,0.000,119.824,0.989,1.736,11.0
1686,-0.740,0.305,0.000,119.825,0.989,1.736,11.0
1687,-0.740,0.305,0.000,119.826,0.989,1.736,11.0
1688,-0.740,0.305,0.000,119.827,0.989,1.736,11.0
1689,-0.740,0.305,0.000,119.829,0.989,1.736,11.0
1690,-0.740,0.305,0.000,119.830,0.989,1.736,11.0
1691,-0.740,0.305,0.000,119.831,0.989,1.736,11.0
1692,-0.740,0.305,0.000,119.832,0.989,1.736,11.0
1693,-0.740,0.305,0.000,119.833,0.989,1.736,11.0
1694,-0.740,0.305,0.000,119.834,0.989,1.736,11.0
1695,-0.740,0.305,0.000,119.836,0.989,1.736,11.0
1696,-0.740,0.305,0.000,119.837,0.989,1.736,11.0
1697,-0.740,0.305,0.000,119.838,0.989,1.736,11.0
1698,-0.740,0.305,0.000,119.839,0.989,1.736,11.0
1699,-0.740,0.305,0.000,119.840,0.990,1.736,11.0
1700,-0.740,0.305,0.000,119.841,0.990,1.736,11.0
1701,-0.740,0.305,0.000,119.842,0.990,1.736,11.0
1702,-0.740,0.305,0.000,119.843,0.990,1.736,11.0
1703,-0.740,0.305,0.000,119.845,0.990,1.736,11.0
1704,-0.740,0.305,0.000,119.846,0.990,1.736,11.0
1705,-0.740,0.305,0.000,119.847,0.990,1.735,11.0
1706,-0.740,0.305,0.000,119.848,0.990,1.735,11.0
1707,-0.740,0.305,0.000,119.849,0.990,1.735,11.0
1708,-0.740,0.305,0.000,119.850,0.990,1.735,11.0
1709,-0.740,0.305,0.000,119.851,0.990,1.735,11.0
1710,-0.740,0.305,0.000,119.852,0.990,1.735,11.0
1711,-0.740,0.305,0.000,119.853,0.990,1.735,11.0
1712,-0.740,0.305,0.000,119.854,0.990,1.735,11.0
1713,-0.740,0.305,0.000,119.855,0.990,1.735,11.0
1714,-0.740,0.305,0.000,119.857,0.990,1.735,11.0
1715,-0.740,0.305,0.000,119.858,0.990,1.735,11.0
1716,-0.740,0.305,0.000,119.859,0.990,1.735,11.0
1717,-0.740,0.305,0.000,119.860,0.990,1.735,11.0
1718,-0.740,0.305,0.000,119.861,0.990,1.735,11.0
1719,-0.740,0.305,0.000,119.862,0.990,1.735,11.0
1720,-0.740,0.305,0.000,119.863,0.990,1.735,11.0
1721,-0.740,0.305,0.000,119.864,0.990,1.735,11.0
1722,-0.740,0.305,0.000,119.865,0.990,1.735,11.0
1723,-0.740,0.305,0.000,119.866,0.990,1.735,11.0
1724,-0.740,0.305,0.000,119.867,0.990,1.735,11.0
1725,-0.740,0.305,0.000,119.868,0.990,1.735,11.0
1726,-0.740,0.305,0.000,119.869,0.990,1.735,11.0
1727,-0.740,0.305,0.000,119.870,0.990,1.735,11.0
1728,-0.740,0.305,0.000,119.871,0.990,1.735,11.0
1729,-0.740,0.305,0.000,119.872,0.990,1.735,11.0
1730,-0.740,0.305,0.000,119.873,0.991,1.735,11.0
1731,-0.740,0.305,0.000,119.874,0.991,1.735,11.0
1732,-0.740,0.305,0.000,119.875,0.991,1.735,11.0
1733,-0.740,0.305,0.000,119.876,0.991,1.735,11.0
1734,-0.740,0.305,0.000,119.877,0.991,1.735,11.0
1735,-0.740,0.305,0.000,119.878,0.991,1.735,11.0
1736,-0.740,0.305,0.000,119.879,0.991,1.735,11.0
1737,-0.740,0.305,0.000,119.880,0.991,1.735,11.0
1738,-0.740,0.305,0.000,119.881,0.991,1.735,11.0
1739,-0.740,0.305,0.000,119.882,0.991,1.735,11.0
1740,-0.740,0.305,0.000,119.883,0.991,1.735,11.0
1741,-0.740,0.305,0.000,119.884,0.991,1.735,11.0
1742,-0.740,0.305,0.000,119.885,0.991,1.735,11.0
1743,-0.740,0.305,0.000,119.886,0.991,1.735,11.0
1744,-0.740,0.305,0.000,119.887,0.991,1.735,11.0
1745,-0.740,0.305,0.000,119.888,0.991,1.735,11.0
1746,-0.740,0.305,0.000,119.889,0.991,1.735,11.0
1747,-0.740,0.305,0.000,119.890,0.991,1.735,11.0
1748,-0.740,0.305,0.000,119.891,0.991,1.735,11.0
1749,-0.740,0.305,0.000,119.892,0.991,1.735,11.0
1750,-0.740,0.305,0.000,119.893,0.991,1.735,11.0
1751,-0.740,0.305,0.000,119.894,0.991,1.735,11.0
1752,-0.740,0.305,0.000,119.895,0.991,1.735,11.0
1753,-0.740,0.305,0.000,119.896,0.991,1.735,11.0
1754,-0.740,0.305,0.000,119.897,0.991,1.735,11.0
1755,-0.740,0.305,0.000,119.898,0.991,1.735,11.0
1756,-0.740,0.305,0.000,119.899,0.991,1.735,11.0
1757,-0.740,0.305,0.000,119.900,0.991,1.735,11.0
1758,-0.740,0.305,0.000,119.901,0.991,1.735,11.0
1759,-0.740,0.305,0.000,119.902,0.991,1.735,11.0
1760,-0.740,0.305,0.000,119.903,0.991,1.735,11.0
1761,-0.740,0.305,0.000,119.904,0.991,1.734,11.0
1762,-0.740,0.305,0.000,119.905,0.991,1.734,11.0
1763,-0.740,0.305,0.000,119.906,0.991,1.734,11.0
1764,-0.740,0.305,0.000,119.906,0.992,1.734,11.0
1765,-0.740,0.305,0.000,119.907,0.992,1.734,11.0
1766,-0.740,0.305,0.000,119.908,0.992,1.734,11.0
1767,-0.740,0.305,0.000,119.909,0.992,1.734,11.0
1768,-0.740,0.305,0.000,119.910,0.992,1.734,11.0
1769,-0.740,0.305,0.000,119.911,0.992,1.734,11.0
1770,-0.740,0.305,0.000,119.912,0.992,1.734,11.0
1771,-0.740,0.305,0.000,119.913,0.992,1.734,11.0
1772,-0.740,0.305,0.000,119.914,0.992,1.734,11.0
1773,-0.740,0.305,0.000,119.915,0.992,1.734,11.0
1774,-0.740,0.305,0.000,119.916,0.992,1.734,11.0
1775,-0.740,0.305,0.000,119.917,0.992,1.734,11.0
1776,-0.740,0.305,0.000,119.918,0.992,1.734,11.0
1777,-0.740,0.305,0.000,119.919,0.992,1.734,11.0
1778,-0.740,0.305,0.000,119.920,0.992,1.734,11.0
1779,-0.740,0.305,0.000,119.921,0.992,1.734,11.0
1780,-0.740,0.305,0.000,119.922,0.992,1.734,11.0
1781,-0.740,0.305,0.000,119.924,0.992,1.734,11.0
1782,-0.740,0.305,0.000,119.925,0.992,1.734,11.0
1783,-0.740,0.305,0.000,119.926,0.992,1.734,11.0
1784,-0.740,0.305,0.000,119.927,0.992,1.734,11.0
1785,-0.740,0.305,0.000,119.928,0.992,1.734,11.0
1786,-0.740,0.305,0.000,119.929,0.992,1.734,11.0
1787,-0.740,0.305,0.000,119.930,0.992,1.734,11.0
1788,-0.740,0.305,0.000,119.931,0.992,1.734,11.0
1789,-0.740,0.305,0.000,119.932,0.992,1.734,11.0
1790,-0.740,0.305,0.000,119.933,0.992,1.734,11.0
1791,-0.740,0.305,0.000,119.934,0.992,1.734,11.0
1792,-0.740,0.305,0.000,119.935,0.992,1.734,11.0
1793,-0.740,0.305,0.000,119.936,0.992,1.734,11.0
1794,-0.740,0.305,0.000,119.937,0.992,1.734,11.0
1795,-0.740,0.305,0.000,119.939,0.992,1.734,11.0
1796,-0.740,0.305,0.000,119.940,0.993,1.734,11.0
1797,-0.740,0.305,0.000,119.941,0.993,1.734,11.0
1798,-0.740,0.305,0.000,119.942,0.993,1.734,11.0
1799,-0.740,0.305,0.000,119.943,0.993,1.734,11.0
1800,-0.740,0.305,0.000,119.944,0.993,1.734,11.0
1801,-0.740,0.305,0.000,119.945,0.993,1.734,11.0
1802,-0.740,0.305,0.000,119.946,0.993,1.734,11.0
1803,-0.740,0.305,0.000,119.948,0.993,1.734,11.0
1804,-0.740,0.305,0.000,119.949,0.993,1.734,11.0
1805,-0.740,0.305,0.000,119.950,0.993,1.734,11.0
1806,-0.740,0.305,0.000,119.951,0.993,1.734,11.0
1807,-0.740,0.305,0.000,119.952,0.993,1.734,11.0
1808,-0.740,0.305,0.000,119.953,0.993,1.734,11.0
1809,-0.740,0.305,0.000,119.955,0.993,1.734,11.0
1810,-0.740,0.305,0.000,119.956,0.993,1.734,11.0
1811,-0.740,0.305,0.000,119.957,0.993,1.734,11.0
1812,-0.740,0.305,0.000,119.958,0.993,1.734,11.0
1813,-0.740,0.305,0.000,119.959,0.993,1.734,11.0
1814,-0.740,0.305,0.000,119.960,0.993,1.734,11.0
1815,-0.740,0.305,0.000,119.962,0.993,1.733,11.0
1816,-0.740,0.305,0.000,119.963,0.993,1.733,11.0
1817,-0.740,0.305,0.000,119.964,0.993,1.733,11.0
1818,-0.740,0.305,0.000,119.965,0.993,1.733,11.0
1819,-0.740,0.305,0.000,119.966,0.993,1.733,11.0
1820,-0.740,0.305,0.000,119.968,0.993,1.733,11.0
1821,-0.740,0.305,0.000,119.969,0.993,1.733,11.0
1822,-0.740,0.305,0.000,119.970,0.993,1.733,11.0
1823,-0.740,0.305,0.000,119.971,0.993,1.733,11.0
1824,-0.740,0.305,0.000,119.973,0.994,1.733,11.0
1825,-0.740,0.305,0.000,119.974,0.994,1.733,11.0
1826,-0.740,0.305,0.000,119.975,0.994,1.733,11.0
1827,-0.740,0.305,0.000,119.976,0.994,1.733,11.0
1828,-0.740,0.305,0.000,119.977,0.994,1.733,11.0
1829,-0.740,0.305,0.000,119.979,0.994,1.733,11.0
1830,-0.740,0.305,0.000,119.980,0.994,1.733,11.0
1831,-0.740,0.305,0.000,119.981,0.994,1.733,11.0
1832,-0.740,0.305,0.000,119.982,0.994,1.733,11.0
1833,-0.740,0.305,0.000,119.984,0.994,1.733,11.0
1834,-0.740,0.305,0.000,119.985,0.994,1.733,11.0
1835,-0.740,0.305,0.000,119.986,0.994,1.733,11.0
1836,-0.740,0.305,0.000,119.987,0.994,1.733,11.0
1837,-0.740,0.305,0.000,119.989,0.994,1.733,11.0
1838,-0.740,0.305,0.000,119.990,0.994,1.733,11.0
1839,-0.740,0.305,0.000,119.991,0.994,1.733,11.0
1840,-0.740,0.305,0.000,119.992,0.994,1.733,11.0
1841,-0.740,0.305,0.000,119.994,0.994,1.733,11.0
1842,-0.740,0.305,0.000,119.995,0.994,1.733,11.0
1843,-0.740,0.305,0.000,119.996,0.994,1.733,11.0
1844,-0.740,0.305,0.000,119.997,0.994,1.733,11.0
1845,-0.740,0.305,0.000,119.999,0.994,1.733,11.0
1846,-0.740,0.305,0.000,120.000,0.994,1.733,11.0
1847,-0.740,0.305,0.000,120.001,0.994,1.733,11.0
1848,-0.740,0.305,0.000,120.002,0.994,1.733,11.0
1849,-0.740,0.305,0.000,120.004,0.994,1.733,11.0
1850,-0.740,0.305,0.000,120.005,0.995,1.733,11.0
1851,-0.740,0.305,0.000,120.006,0.995,1.733,11.0
1852,-0.740,0.305,0.000,120.008,0.995,1.733,11.0
1853,-0.740,0.305,0.000,120.009,0.995,1.733,11.0
1854,-0.740,0.305,0.000,120.010,0.995,1.733,11.0
1855,-0.740,0.305,0.000,120.011,0.995,1.733,11.0
1856,-0.740,0.305,0.000,120.013,0.995,1.733,11.0
1857,-0.740,0.305,0.000,120.014,0.995,1.733,11.0
1858,-0.740,0.305,0.000,120.015,0.995,1.733,11.0
1859,-0.740,0.305,0.000,120.016,0.995,1.733,11.0
1860,-0.740,0.305,0.000,120.018,0.995,1.733,11.0
1861,-0.740,0.305,0.000,120.019,0.995,1.733,11.0
1862,-0.740,0.305,0.000,120.020,0.995,1.732,11.0
1863,-0.740,0.305,0.000,120.021,0.995,1.732,11.0
1864,-0.740,0.305,0.000,120.023,0.995,1.732,11.0
1865,-0.740,0.305,0.000,120.024,0.995,1.732,11.0
1866,-0.740,0.305,0.000,120.025,0.995,1.732,11.0
1867,-0.740,0.305,0.000,120.026,0.995,1.732,11.0
1868,-0.740,0.305,0.000,120.028,0.995,1.732,11.0
1869,-0.740,0.305,0.000,120.029,0.995,1.732,11.0
1870,-0.740,0.305,0.000,120.030,0.995,1.732,11.0
1871,-0.740,0.305,0.000,120.031,0.995,1.732,11.0
1872,-0.740,0.305,0.000,120.033,0.995,1.732,11.0
1873,-0.740,0.305,0.000,120.034,0.995,1.732,11.0
1874,-0.740,0.305,0.000,120.035,0.995,1.732,11.0
1875,-0.740,0.305,0.000,120.036,0.995,1.732,11.0
1876,-0.740,0.305,0.000,120.038,0.995,1.732,11.0
1877,-0.740,0.305,0.000,120.039,0.996,1.732,11.0
1878,-0.740,0.305,0.000,120.040,0.996,1.732,11.0
1879,-0.740,0.305,0.000,120.041,0.996,1.732,11.0
1880,-0.740,0.305,0.000,120.043,0.996,1.732,11.0
1881,-0.740,0.305,0.000,120.044,0.996,1.732,11.0
1882,-0.740,0.305,0.000,120.045,0.996,1.732,11.0
1883,-0.740,0.305,0.000,120.046,0.996,1.732,11.0
1884,-0.740,0.305,0.000,120.047,0.996,1.732,11.0
1885,-0.740,0.305,0.000,120.049,0.996,1.732,11.0
1886,-0.740,0.305,0.000,120.050,0.996,1.732,11.0
1887,-0.740,0.305,0.000,120.051,0.996,1.732,11.0
1888,-0.740,0.305,0.000,120.052,0.996,1.732,11.0
1889,-0.740,0.305,0.000,120.054,0.996,1.732,11.0
1890,-0.740,0.305,0.000,120.055,0.996,1.732,11.0
1891,-0.740,0.305,0.000,120.056,0.996,1.732,11.0
1892,-0.740,0.305,0.000,120.057,0.996,1.732,11.0
1893,-0.740,0.305,0.000,120.058,0.996,1.732,11.0
1894,-0.740,0.305,0.000,120.059,0.996,1.732,11.0
1895,-0.740,0.305,0.000,120.061,0.996,1.732,11.0
1896,-0.740,0.305,0.000,120.062,0.996,1.732,11.0
1897,-0.740,0.305,0.000,120.063,0.996,1.732,11.0
1898,-0.740,0.305,0.000,120.064,0.996,1.732,11.0
1899,-0.740,0.305,0.000,120.065,0.996,1.732,11.0
1900,-0.740,0.305,0.000,120.066,0.996,1.732,11.0
1901,-0.740,0.305,0.000,120.067,0.996,1.732,11.0
1902,-0.740,0.305,0.000,120.069,0.996,1.732,11.0
1903,-0.740,0.305,0.000,120.070,0.996,1.732,11.0
1904,-0.740,0.305,0.000,120.071,0.996,1.732,11.0
1905,-0.740,0.305,0.000,120.072,0.997,1.732,11.0
1906,-0.740,0.305,0.000,120.073,0.997,1.732,11.0
1907,-0.740,0.305,0.000,120.074,0.997,1.732,11.0
1908,-0.740,0.305,0.000,120.075,0.997,1.732,11.0
1909,-0.740,0.305,0.000,120.076,0.997,1.732,11.0
1910,-0.740,0.305,0.000,120.077,0.997,1.731,11.0
1911,-0.740,0.305,0.000,120.078,0.997,1.731,11.0
1912,-0.740,0.305,0.000,120.079,0.997,1.731,11.0
1913,-0.740,0.305,0.000,120.080,0.997,1.731,11.0
1914,-0.740,0.305,0.000,120.081,0.997,1.731,11.0
1915,-0.740,0.305,0.000,120.082,0.997,1.731,11.0
1916,-0.740,0.305,0.000,120.083,0.997,1.731,11.0
1917,-0.740,0.305,0.000,120.084,0.997,1.731,11.0
1918,-0.740,0.305,0.000,120.084,0.997,1.731,11.0
1919,-0.740,0.305,0.000,120.085,0.997,1.731,11.0
1920,-0.740,0.305,0.000,120.086,0.997,1.731,11.0
1921,-0.740,0.305,0.000,120.087,0.997,1.731,11.0
1922,-0.740,0.305,0.000,120.088,0.997,1.731,11.0
1923,-0.740,0.305,0.000,120.089,0.997,1.731,11.0
1924,-0.740,0.305,0.000,120.090,0.997,1.731,11.0
1925,-0.740,0.305,0.000,120.091,0.997,1.731,11.0
1926,-0.740,0.305,0.000,120.091,0.997,1.731,11.0
1927,-0.740,0.305,0.000,120.092,0.997,1.731,11.0
1928,-0.740,0.305,0.000,120.093,0.997,1.731,11.0
1929,-0.740,0.305,0.000,120.094,0.997,1.731,11.0
1930,-0.740,0.305,0.000,120.095,0.997,1.731,11.0
1931,-0.740,0.305,0.000,120.095,0.997,1.731,11.0
1932,-0.740,0.305,0.000,120.096,0.997,1.731,11.0
1933,-0.740,0.305,0.000,120.097,0.997,1.731,11.0
1934,-0.740,0.305,0.000,120.097,0.997,1.731,11.0
1935,-0.740,0.305,0.000,120.098,0.997,1.731,11.0
1936,-0.740,0.305,0.000,120.099,0.997,1.731,11.0
1937,-0.740,0.305,0.000,120.100,0.997,1.731,11.0
1938,-0.740,0.305,0.000,120.100,0.997,1.731,11.0
1939,-0.740,0.305,0.000,120.101,0.997,1.731,11.0
1940,-0.740,0.305,0.000,120.102,0.997,1.731,11.0
1941,-0.740,0.305,0.000,120.102,0.997,1.731,11.0
1942,-0.740,0.305,0.000,120.103,0.997,1.731,11.0
1943,-0.740,0.305,0.000,120.103,0.997,1.731,11.0
1944,-0.740,0.305,0.000,120.104,0.997,1.731,11.0
1945,-0.740,0.305,0.000,120.105,0.998,1.731,11.0
1946,-0.740,0.305,0.000,120.105,0.998,1.731,11.0
1947,-0.740,0.305,0.000,120.106,0.998,1.731,11.0
1948,-0.740,0.305,0.000,120.106,0.998,1.731,11.0
1949,-0.740,0.305,0.000,120.107,0.998,1.731,11.0
1950,-0.740,0.305,0.000,120.107,0.998,1.731,11.0
1951,-0.740,0.305,0.000,120.108,0.998,1.731,11.0
1952,-0.740,0.305,0.000,120.109,0.998,1.731,11.0
1953,-0.740,0.305,0.000,120.109,0.998,1.731,11.0
1954,-0.740,0.305,0.000,120.110,0.998,1.731,11.0
1955,-0.740,0.305,0.000,120.110,0.998,1.731,11.0
1956,-0.740,0.305,0.000,120.111,0.998,1.731,11.0
1957,-0.740,0.305,0.000,120.111,0.998,1.731,11.0
1958,-0.740,0.305,0.000,120.112,0.998,1.731,11.0
1959,-0.740,0.305,0.000,120.112,0.998,1.731,11.0
1960,-0.740,0.305,0.000,120.113,0.998,1.731,11.0
1961,-0.740,0.305,0.000,120.113,0.998,1.731,11.0
1962,-0.740,0.305,0.000,120.114,0.998,1.731,11.0
1963,-0.740,0.305,0.000,120.114,0.998,1.731,11.0
1964,-0.740,0.305,0.000,120.114,0.998,1.731,11.0
1965,-0.740,0.305,0.000,120.115,0.998,1.731,11.0
1966,-0.740,0.305,0.000,120.115,0.998,1.731,11.0
1967,-0.740,0.305,0.000,120.116,0.998,1.731,11.0
1968,-0.740,0.305,0.000,120.116,0.998,1.731,11.0
1969,-0.740,0.305,0.000,120.117,0.998,1.731,11.0
1970,-0.740,0.305,0.000,120.117,0.998,1.731,11.0
1971,-0.740,0.305,0.000,120.118,0.998,1.731,11.0
1972,-0.740,0.305,0.000,120.118,0.998,1.731,11.0
1973,-0.740,0.305,0.000,120.119,0.998,1.731,11.0
1974,-0.740,0.305,0.000,120.119,0.998,1.731,11.0
1975,-0.740,0.305,0.000,120.120,0.998,1.731,11.0
1976,-0.740,0.305,0.000,120.120,0.998,1.731,11.0
1977,-0.740,0.305,0.000,120.121,0.998,1.731,11.0
1978,-0.740,0.305,0.000,120.121,0.998,1.731,11.0
1979,-0.740,0.305,0.000,120.122,0.998,1.731,11.0
1980,-0.740,0.305,0.000,120.122,0.998,1.731,11.0
1981,-0.740,0.305,0.000,120.122,0.998,1.731,11.0
1982,-0.740,0.305,0.000,120.123,0.998,1.731,11.0
1983,-0.740,0.305,0.000,120.123,0.998,1.731,11.0
1984,-0.740,0.305,0.000,120.124,0.998,1.731,11.0
1985,-0.740,0.305,0.000,120.124,0.998,1.731,11.0
1986,-0.740,0.305,0.000,120.125,0.998,1.731,11.0
1987,-0.740,0.305,0.000,120.125,0.998,1.731,11.0
1988,-0.740,0.305,0.000,120.126,0.998,1.731,11.0
1989,-0.740,0.305,0.000,120.126,0.998,1.731,11.0
1990,-0.740,0.305,0.000,120.127,0.998,1.731,11.0
1991,-0.740,0.305,0.000,120.127,0.998,1.731,11.0
1992,-0.740,0.305,0.000,120.128,0.998,1.731,11.0
1993,-0.740,0.305,0.000,120.128,0.998,1.731,11.0
1994,-0.740,0.305,0.000,120.128,0.998,1.731,11.0
1995,-0.740,0.305,0.000,120.129,0.998,1.731,11.0
1996,-0.740,0.305,0.000,120.129,0.998,1.731,11.0
1997,-0.740,0.305,0.000,120.130,0.998,1.731,11.0
1998,-0.740,0.305,0.000,120.130,0.998,1.731,11.0
1999,-0.740,0.305,0.000,120.131,0.998,1.731,11.0
2000,-0.740,0.305,0.000,120.131,0.998,1.731,11.0
2001,-0.740,0.305,0.000,120.132,0.998,1.731,11.0
2002,-0.740,0.305,0.000,120.132,0.998,1.731,11.0
2003,-0.740,0.305,0.000,120.133,0.998,1.731,11.0
2004,-0.740,0.305,0.000,120.133,0.998,1.731,11.0
2005,-0.740,0.305,0.000,120.134,0.998,1.731,11.0
2006,-0.740,0.305,0.000,120.134,0.998,1.730,11.0
2007,-0.740,0.305,0.000,120.135,0.998,1.730,11.0
2008,-0.740,0.305,0.000,120.135,0.998,1.730,11.0
2009,-0.740,0.305,0.000,120.136,0.998,1.730,11.0
2010,-0.740,0.305,0.000,120.136,0.998,1.730,11.0
2011,-0.740,0.305,0.000,120.136,0.998,1.730,11.0
2012,-0.740,0.305,0.000,120.137,0.998,1.730,11.0
2013,-0.740,0.305,0.000,120.137,0.999,1.730,11.0
2014,-0.740,0.305,0.000,120.138,0.999,1.730,11.0
2015,-0.740,0.305,0.000,120.138,0.999,1.730,11.0
2016,-0.740,0.305,0.000,120.139,0.999,1.730,11.0
2017,-0.740,0.305,0.000,120.139,0.999,1.730,11.0
2018,-0.740,0.305,0.000,120.140,0.999,1.730,11.0
2019,-0.740,0.305,0.000,120.140,0.999,1.730,11.0
2020,-0.740,0.305,0.000,120.140,0.999,1.730,11.0
2021,-0.740,0.305,0.000,120.141,0.999,1.730,11.0
2022,-0.740,0.305,0.000,120.141,0.999,1.730,11.0
2023,-0.740,0.305,0.000,120.142,0.999,1.730,11.0
2024,-0.740,0.305,0.000,120.142,0.999,1.730,11.0
2025,-0.740,0.305,0.000,120.142,0.999,1.730,11.0
2026,-0.740,0.305,0.000,120.143,0.999,1.730,11.0
2027,-0.740,0.305,0.000,120.143,0.999,1.730,11.0
2028,-0.740,0.305,0.000,120.143,0.999,1.730,11.0
2029,-0.740,0.305,0.000,120.144,0.999,1.730,11.0
2030,-0.740,0.305,0.000,120.144,0.999,1.730,11.0
2031,-0.740,0.305,0.000,120.144,0.999,1.730,11.0
2032,-0.740,0.305,0.000,120.145,0.999,1.730,11.0
2033,-0.740,0.305,0.000,120.145,0.999,1.730,11.0
2034,-0.740,0.305,0.000,120.145,0.999,1.730,11.0
2035,-0.740,0.305,0.000,120.146,0.999,1.730,11.0
2036,-0.740,0.305,0.000,120.146,0.999,1.730,11.0
2037,-0.740,0.305,0.000,120.146,0.999,1.730,11.0
2038,-0.740,0.305,0.000,120.147,0.999,1.730,11.0
2039,-0.740,0.305,0.000,120.147,0.999,1.730,11.0
2040,-0.740,0.305,0.000,120.147,0.999,1.730,11.0
2041,-0.740,0.305,0.000,120.147,0.999,1.730,11.0
2042,-0.740,0.305,0.000,120.148,0.999,1.730,11.0
2043,-0.740,0.305,0.000,120.148,0.999,1.730,11.0
2044,-0.740,0.305,0.000,120.148,0.999,1.730,11.0
2045,-0.740,0.305,0.000,120.148,0.999,1.730,11.0
2046,-0.740,0.305,0.000,120.149,0.999,1.730,11.0
2047,-0.740,0.305,0.000,120.149,0.999,1.730,11.0
2048,-0.740,0.305,0.000,120.149,0.999,1.730,11.0
2049,-0.740,0.305,0.000,120.149,0.999,1.730,11.0
2050,-0.740,0.305,0.000,120.150,0.999,1.730,11.0
2051,-0.740,0.305,0.000,120.150,0.999,1.730,11.0
2052,-0.740,0.305,0.000,120.150,0.999,1.730,11.0
2053,-0.740,0.305,0.000,120.150,0.999,1.730,11.0
2054,-0.740,0.305,0.000,120.150,0.999,1.730,11.0
2055,-0.740,0.305,0.000,120.151,0.999,1.730,11.0
2056,-0.740,0.305,0.000,120.151,0.999,1.730,11.0
2057,-0.740,0.305,0.000,120.151,0.999,1.730,11.0
2058,-0.740,0.305,0.000,120.151,0.999,1.730,11.0
2059,-0.740,0.305,0.000,120.151,0.999,1.730,11.0
2060,-0.740,0.305,0.000,120.152,0.999,1.730,11.0
2061,-0.740,0.305,0.000,120.152,0.999,1.730,11.0
2062,-0.740,0.305,0.000,120.152,0.999,1.730,11.0
2063,-0.740,0.305,0.000,120.152,0.999,1.730,11.0
2064,-0.740,0.305,0.000,120.152,0.999,1.730,11.0
2065,-0.740,0.305,0.000,120.153,0.999,1.730,11.0
2066,-0.740,0.305,0.000,120.153,0.999,1.730,11.0
2067,-0.740,0.305,0.000,120.153,0.999,1.730,11.0
2068,-0.740,0.305,0.000,120.153,0.999,1.730,11.0
2069,-0.740,0.305,0.000,120.154,0.999,1.730,11.0
2070,-0.740,0.305,0.000,120.154,0.999,1.730,11.0
2071,-0.740,0.305,0.000,120.154,0.999,1.730,11.0
2072,-0.740,0.305,0.000,120.154,0.999,1.730,11.0
2073,-0.740,0.305,0.000,120.154,0.999,1.730,11.0
2074,-0.740,0.305,0.000,120.155,0.999,1.730,11.0
2075,-0.740,0.305,0.000,120.155,0.999,1.730,11.0
2076,-0.740,0.305,0.000,120.155,0.999,1.730,11.0
2077,-0.740,0.305,0.000,120.155,0.999,1.730,11.0
2078,-0.740,0.305,0.000,120.156,0.999,1.730,11.0
2079,-0.740,0.305,0.000,120.156,0.999,1.730,11.0
2080,-0.740,0.305,0.000,120.156,0.999,1.730,11.0
2081,-0.740,0.305,0.000,120.156,0.999,1.730,11.0
2082,-0.740,0.305,0.000,120.156,0.999,1.730,11.0
2083,-0.740,0.305,0.000,120.157,0.999,1.730,11.0
2084,-0.740,0.305,0.000,120.157,0.999,1.730,11.0
2085,-0.740,0.305,0.000,120.157,0.999,1.730,11.0
2086,-0.740,0.305,0.000,120.157,0.999,1.730,11.0
2087,-0.740,0.305,0.000,120.158,0.999,1.730,11.0
2088,-0.740,0.305,0.000,120.158,0.999,1.730,11.0
2089,-0.740,0.305,0.000,120.158,0.999,1.730,11.0
2090,-0.740,0.305,0.000,120.158,0.999,1.730,11.0
2091,-0.740,0.305,0.000,120.159,0.999,1.730,11.0
2092,-0.740,0.305,0.000,120.159,0.999,1.730,11.0
2093,-0.740,0.305,0.000,120.159,0.999,1.730,11.0
2094,-0.740,0.305,0.000,120.159,0.999,1.730,11.0
2095,-0.740,0.305,0.000,120.160,0.999,1.730,11.0
2096,-0.740,0.305,0.000,120.160,0.999,1.730,11.0
2097,-0.740,0.305,0.000,120.160,0.999,1.730,11.0
2098,-0.740,0.305,0.000,120.160,0.999,1.730,11.0
2099,-0.740,0.305,0.000,120.161,0.999,1.730,11.0
2100,-0.740,0.305,0.000,120.161,0.999,1.730,11.0
2101,-0.740,0.305,0.000,120.161,0.999,1.730,11.0
2102,-0.740,0.305,0.000,120.161,0.999,1.730,11.0
2103,-0.740,0.305,0.000,120.161,0.999,1.730,11.0
2104,-0.740,0.305,0.000,120.162,0.999,1.730,11.0
2105,-0.740,0.305,0.000,120.162,0.999,1.730,11.0
2106,-0.740,0.305,0.000,120.162,0.999,1.730,11.0
2107,-0.740,0.305,0.000,120.162,0.999,1.730,11.0
2108,-0.740,0.305,0.000,120.162,0.999,1.730,11.0
2109,-0.740,0.305,0.000,120.163,0.999,1.730,11.0
2110,-0.740,0.305,0.000,120.163,0.999,1.730,11.0
2111,-0.740,0.305,0.000,120.163,0.999,1.730,11.0
2112,-0.740,0.305,0.000,120.163,0.999,1.730,11.0
2113,-0.740,0.305,0.000,120.163,0.999,1.730,11.0
2114,-0.740,0.305,0.000,120.163,0.999,1.730,11.0
2115,-0.740,0.305,0.000,120.164,0.999,1.730,11.0
2116,-0.740,0.305,0.000,120.164,0.999,1.730,11.0
2117,-0.740,0.305,0.000,120.164,0.999,1.730,11.0
2118,-0.740,0.305,0.000,120.164,0.999,1.730,11.0
2119,-0.740,0.305,0.000,120.164,0.999,1.730,11.0
2120,-0.740,0.305,0.000,120.164,0.999,1.730,11.0
2121,-0.740,0.305,0.000,120.164,0.999,1.730,11.0
2122,-0.740,0.305,0.000,120.164,0.999,1.730,11.0
2123,-0.740,0.305,0.000,120.165,0.999,1.730,11.0
2124,-0.740,0.305,0.000,120.165,0.999,1.730,11.0
2125,-0.740,0.305,0.000,120.165,0.999,1.730,11.0
2126,-0.740,0.305,0.000,120.165,0.999,1.730,11.0
2127,-0.740,0.305,0.000,120.165,0.999,1.730,11.0
2128,-0.740,0.305,0.000,120.165,0.999,1.730,11.0
2129,-0.740,0.305,0.000,120.165,0.999,1.730,11.0
2130,-0.740,0.305,0.000,120.165,0.999,1.730,11.0
2131,-0.740,0.305,0.000,120.165,0.999,1.730,11.0
2132,-0.740,0.305,0.000,120.165,0.999,1.730,11.0
2133,-0.740,0.305,0.000,120.165,0.999,1.730,11.0
2134,-0.740,0.305,0.000,120.166,0.999,1.730,11.0
2135,-0.740,0.305,0.000,120.166,0.999,1.730,11.0
2136,-0.740,0.305,0.000,120.166,0.999,1.730,11.0
2137,-0.740,0.305,0.000,120.166,0.999,1.730,11.0
2138,-0.740,0.305,0.000,120.166,0.999,1.730,11.0
2139,-0.740,0.305,0.000,120.166,0.999,1.730,11.0
2140,-0.740,0.305,0.000,120.166,0.999,1.730,11.0
2141,-0.740,0.305,0.000,120.166,0.999,1.730,11.0
2142,-0.740,0.305,0.000,120.166,0.999,1.730,11.0
2143,-0.740,0.305,0.000,120.166,0.999,1.730,11.0
2144,-0.740,0.305,0.000,120.167,0.999,1.730,11.0
2145,-0.740,0.305,0.000,120.167,0.999,1.730,11.0
2146,-0.740,0.305,0.000,120.167,0.999,1.730,11.0
2147,-0.740,0.305,0.000,120.167,0.999,1.730,11.0
2148,-0.740,0.305,0.000,120.167,0.999,1.730,11.0
2149,-0.740,0.305,0.000,120.167,0.999,1.730,11.0
2150,-0.740,0.305,0.000,120.167,0.999,1.730,11.0
2151,-0.740,0.305,0.000,120.167,0.999,1.730,11.0
2152,-0.740,0.305,0.000,120.167,0.999,1.730,11.0
2153,-0.740,0.305,0.000,120.168,0.999,1.730,11.0
2154,-0.740,0.305,0.000,120.168,0.999,1.730,11.0
2155,-0.740,0.305,0.000,120.168,0.999,1.730,11.0
2156,-0.740,0.305,0.000,120.168,0.999,1.730,11.0
2157,-0.740,0.305,0.000,120.168,0.999,1.730,11.0
2158,-0.740,0.305,0.000,120.168,0.999,1.730,11.0
2159,-0.740,0.305,0.000,120.168,0.999,1.730,11.0
2160,-0.740,0.305,0.000,120.168,0.999,1.730,11.0
2161,-0.740,0.305,0.000,120.169,0.999,1.730,11.0
2162,-0.740,0.305,0.000,120.169,0.999,1.730,11.0
2163,-0.740,0.305,0.000,120.169,0.999,1.730,11.0
2164,-0.740,0.305,0.000,120.169,0.999,1.730,11.0
2165,-0.740,0.305,0.000,120.169,0.999,1.730,11.0
2166,-0.740,0.305,0.000,120.169,0.999,1.730,11.0
2167,-0.740,0.305,0.000,120.170,0.999,1.730,11.0
2168,-0.740,0.305,0.000,120.170,0.999,1.730,11.0
2169,-0.740,0.305,0.000,120.170,0.999,1.730,11.0
2170,-0.740,0.305,0.000,120.170,0.999,1.730,11.0
2171,-0.740,0.305,0.000,120.170,0.999,1.730,11.0
2172,-0.740,0.305,0.000,120.170,0.999,1.730,11.0
2173,-0.740,0.305,0.000,120.170,1.000,1.730,11.0
2174,-0.740,0.305,0.000,120.170,1.000,1.730,11.0
2175,-0.740,0.305,0.000,120.171,1.000,1.730,11.0
2176,-0.740,0.305,0.000,120.171,1.000,1.730,11.0
2177,-0.740,0.305,0.000,120.171,1.000,1.730,11.0
2178,-0.740,0.305,0.000,120.171,1.000,1.730,11.0
2179,-0.740,0.305,0.000,120.171,1.000,1.730,11.0
2180,-0.740,0.305,0.000,120.171,1.000,1.730,11.0
2181,-0.740,0.305,0.000,120.171,1.000,1.730,11.0
2182,-0.740,0.305,0.000,120.171,1.000,1.730,11.0
2183,-0.740,0.305,0.000,120.171,1.000,1.730,11.0
2184,-0.740,0.305,0.000,120.171,1.000,1.730,11.0
2185,-0.740,0.305,0.000,120.172,1.000,1.730,11.0
2186,-0.740,0.305,0.000,120.172,1.000,1.730,11.0
2187,-0.740,0.305,0.000,120.172,1.000,1.730,11.0
2188,-0.740,0.305,0.000,120.172,1.000,1.730,11.0
2189,-0.740,0.305,0.000,120.172,1.000,1.730,11.0
2190,-0.740,0.305,0.000,120.172,1.000,1.730,11.0
2191,-0.740,0.305,0.000,120.172,1.000,1.730,11.0
2192,-0.740,0.305,0.000,120.172,1.000,1.730,11.0
2193,-0.740,0.305,0.000,120.172,1.000,1.730,11.0
2194,-0.740,0.305,0.000,120.172,1.000,1.730,11.0
2195,-0.740,0.305,0.000,120.172,1.000,1.730,11.0
2196,-0.740,0.305,0.000,120.172,1.000,1.730,11.0
2197,-0.740,0.305,0.000,120.172,1.000,1.730,11.0
2198,-0.740,0.305,0.000,120.172,1.000,1.730,11.0
2199,-0.740,0.305,0.000,120.172,1.000,1.730,11.0
2200,-0.740,0.305,0.000,120.172,1.000,1.730,11.0
2201,-0.740,0.305,0.000,120.172,1.000,1.730,11.0
2202,-0.740,0.305,0.000,120.172,1.000,1.730,11.0
2203,-0.740,0.305,0.000,120.172,1.000,1.730,11.0
2204,-0.740,0.305,0.000,120.172,1.000,1.730,11.0
2205,-0.740,0.305,0.000,120.172,1.000,1.730,11.0
2206,-0.740,0.305,0.000,120.172,1.000,1.730,11.0
2207,-0.740,0.305,0.000,120.172,1.000,1.730,11.0
2208,-0.740,0.305,0.000,120.172,1.000,1.730,11.0
2209,-0.740,0.305,0.000,120.173,1.000,1.730,11.0
2210,-0.740,0.305,0.000,120.173,1.000,1.730,11.0
2211,-0.740,0.305,0.000,120.173,1.000,1.730,11.0
2212,-0.740,0.305,0.000,120.173,1.000,1.730,11.0
2213,-0.740,0.305,0.000,120.173,1.000,1.730,11.0
2214,-0.740,0.305,0.000,120.173,1.000,1.730,11.0
2215,-0.740,0.305,0.000,120.173,1.000,1.730,11.0
2216,-0.740,0.305,0.000,120.173,1.000,1.730,11.0
2217,-0.740,0.305,0.000,120.173,1.000,1.730,11.0
2218,-0.740,0.305,0.000,120.173,1.000,1.730,11.0
2219,-0.740,0.305,0.000,120.173,1.000,1.730,11.0
2220,-0.740,0.305,0.000,120.173,1.000,1.730,11.0
2221,-0.740,0.305,0.000,120.173,1.000,1.730,11.0
2222,-0.740,0.305,0.000,120.173,1.000,1.730,11.0
2223,-0.740,0.305,0.000,120.173,1.000,1.730,11.0
2224,-0.740,0.305,0.000,120.173,1.000,1.730,11.0
2225,-0.740,0.305,0.000,120.174,1.000,1.730,11.0
2226,-0.740,0.305,0.000,120.174,1.000,1.730,11.0
2227,-0.740,0.305,0.000,120.174,1.000,1.730,11.0
2228,-0.740,0.305,0.000,120.174,1.000,1.730,11.0
2229,-0.740,0.305,0.000,120.174,1.000,1.730,11.0
2230,-0.740,0.305,0.000,120.174,1.000,1.730,11.0
2231,-0.740,0.305,0.000,120.174,1.000,1.730,11.0
2232,-0.740,0.305,0.000,120.174,1.000,1.730,11.0
2233,-0.740,0.305,0.000,120.174,1.000,1.730,11.0
2234,-0.740,0.305,0.000,120.174,1.000,1.730,11.0
2235,-0.740,0.305,0.000,120.174,1.000,1.730,11.0
2236,-0.740,0.305,0.000,120.175,1.000,1.730,11.0
2237,-0.740,0.305,0.000,120.175,1.000,1.730,11.0
2238,-0.740,0.305,0.000,120.175,1.000,1.730,11.0
2239,-0.740,0.305,0.000,120.175,1.000,1.730,11.0
2240,-0.740,0.305,0.000,120.175,1.000,1.730,11.0
2241,-0.740,0.305,0.000,120.175,1.000,1.730,11.0
2242,-0.740,0.305,0.000,120.175,1.000,1.730,11.0
2243,-0.740,0.305,0.000,120.175,1.000,1.730,11.0
2244,-0.740,0.305,0.000,120.175,1.000,1.730,11.0
2245,-0.740,0.305,0.000,120.175,1.000,1.730,11.0
2246,-0.740,0.305,0.000,120.175,1.000,1.730,11.0
2247,-0.740,0.305,0.000,120.175,1.000,1.730,11.0
2248,-0.740,0.305,0.000,120.175,1.000,1.730,11.0
2249,-0.740,0.305,0.000,120.175,1.000,1.730,11.0
2250,-0.740,0.305,0.000,120.175,1.000,1.730,11.0
2251,-0.740,0.305,0.000,120.175,1.000,1.730,11.0
2252,-0.740,0.305,0.000,120.176,1.000,1.730,11.0
2253,-0.740,0.305,0.000,120.176,1.000,1.730,11.0
2254,-0.740,0.305,0.000,120.176,1.000,1.730,11.0
2255,-0.740,0.305,0.000,120.176,1.000,1.730,11.0
2256,-0.740,0.305,0.000,120.176,1.000,1.730,11.0
2257,-0.740,0.305,0.000,120.176,1.000,1.730,11.0
2258,-0.740,0.305,0.000,120.176,1.000,1.730,11.0
2259,-0.740,0.305,0.000,120.176,1.000,1.730,11.0
2260,-0.740,0.305,0.000,120.176,1.000,1.730,11.0
2261,-0.740,0.305,0.000,120.176,1.000,1.730,11.0
2262,-0.740,0.305,0.000,120.176,1.000,1.730,11.0
2263,-0.740,0.305,0.000,120.176,1.000,1.730,11.0
2264,-0.740,0.305,0.000,120.176,1.000,1.730,11.0
2265,-0.740,0.305,0.000,120.176,1.000,1.730,11.0
2266,-0.740,0.305,0.000,120.176,1.000,1.730,11.0
2267,-0.740,0.305,0.000,120.176,1.000,1.730,11.0
2268,-0.740,0.305,0.000,120.176,1.000,1.730,11.0
2269,-0.740,0.305,0.000,120.176,1.000,1.730,11.0
2270,-0.740,0.305,0.000,120.176,1.000,1.730,11.0
2271,-0.740,0.305,0.000,120.176,1.000,1.730,11.0
2272,-0.740,0.305,0.000,120.176,1.000,1.730,11.0
2273,-0.740,0.305,0.000,120.176,1.000,1.730,11.0
2274,-0.740,0.305,0.000,120.176,1.000,1.730,11.0
2275,-0.740,0.305,0.000,120.176,1.000,1.730,11.0
2276,-0.740,0.305,0.000,120.176,1.000,1.730,11.0
2277,-0.740,0.305,0.000,120.176,1.000,1.730,11.0
2278,-0.740,0.305,0.000,120.176,1.000,1.730,11.0
2279,-0.740,0.305,0.000,120.176,1.000,1.730,11.0
2280,-0.740,0.305,0.000,120.176,1.000,1.730,11.0
2281,-0.740,0.305,0.000,120.176,1.000,1.730,11.0
2282,-0.740,0.305,0.000,120.176,1.000,1.730,11.0
2283,-0.740,0.305,0.000,120.176,1.000,1.730,11.0
2284,-0.740,0.305,0.000,120.176,1.000,1.730,11.0
2285,-0.740,0.305,0.000,120.176,1.000,1.730,11.0
2286,-0.740,0.305,0.000,120.176,1.000,1.730,11.0
2287,-0.740,0.305,0.000,120.176,1.000,1.730,11.0
2288,-0.740,0.305,0.000,120.176,1.000,1.730,11.0
2289,-0.740,0.305,0.000,120.176,1.000,1.730,11.0
2290,-0.740,0.305,0.000,120.177,1.000,1.730,11.0
2291,-0.740,0.305,0.000,120.177,1.000,1.730,11.0
2292,-0.740,0.305,0.000,120.177,1.000,1.730,11.0
2293,-0.740,0.305,0.000,120.177,1.000,1.730,11.0
2294,-0.740,0.305,0.000,120.177,1.000,1.730,11.0
2295,-0.740,0.305,0.000,120.177,1.000,1.730,11.0
2296,-0.740,0.305,0.000,120.177,1.000,1.730,11.0
2297,-0.740,0.305,0.000,120.177,1.000,1.730,11.0
2298,-0.740,0.305,0.000,120.177,1.000,1.730,11.0
2299,-0.740,0.305,0.000,120.177,1.000,1.730,11.0
2300,-0.740,0.305,0.000,120.177,1.000,1.730,11.0
2301,-0.740,0.305,0.000,120.177,1.000,1.730,11.0
2302,-0.740,0.305,0.000,120.177,1.000,1.730,11.0
2303,-0.740,0.305,0.000,120.177,1.000,1.730,11.0
2304,-0.740,0.305,0.000,120.177,1.000,1.730,11.0
2305,-0.740,0.305,0.000,120.177,1.000,1.730,11.0
2306,-0.740,0.305,0.000,120.177,1.000,1.730,11.0
2307,-0.740,0.305,0.000,120.177,1.000,1.730,11.0
2308,-0.740,0.305,0.000,120.178,1.000,1.730,11.0
2309,-0.740,0.305,0.000,120.178,1.000,1.730,11.0
2310,-0.740,0.305,0.000,120.178,1.000,1.730,11.0
2311,-0.740,0.305,0.000,120.178,1.000,1.730,11.0
2312,-0.740,0.305,0.000,120.178,1.000,1.730,11.0
2313,-0.740,0.305,0.000,120.178,1.000,1.730,11.0
2314,-0.740,0.305,0.000,120.178,1.000,1.730,11.0
2315,-0.740,0.305,0.000,120.178,1.000,1.730,11.0
2316,-0.740,0.305,0.000,120.178,1.000,1.730,11.0
2317,-0.740,0.305,0.000,120.178,1.000,1.730,11.0
2318,-0.740,0.305,0.000,120.178,1.000,1.730,11.0
2319,-0.740,0.305,0.000,120.178,1.000,1.730,11.0
2320,-0.740,0.305,0.000,120.178,1.000,1.730,11.0
2321,-0.740,0.305,0.000,120.178,1.000,1.730,11.0
2322,-0.740,0.305,0.000,120.178,1.000,1.730,11.0
2323,-0.740,0.305,0.000,120.177,1.000,1.730,11.0
2324,-0.740,0.305,0.000,120.177,1.000,1.730,11.0
2325,-0.740,0.305,0.000,120.177,1.000,1.730,11.0
2326,-0.740,0.305,0.000,120.177,1.000,1.730,11.0
2327,-0.740,0.305,0.000,120.177,1.000,1.730,11.0
2328,-0.740,0.305,0.000,120.177,1.000,1.730,11.0
2329,-0.740,0.305,0.000,120.177,1.000,1.730,11.0
2330,-0.740,0.305,0.000,120.177,1.000,1.730,11.0
2331,-0.740,0.305,0.000,120.177,1.000,1.730,11.0
2332,-0.740,0.305,0.000,120.177,1.000,1.730,11.0
2333,-0.740,0.305,0.000,120.177,1.000,1.730,11.0
2334,-0.740,0.305,0.000,120.177,1.000,1.730,11.0
2335,-0.740,0.305,0.000,120.177,1.000,1.730,11.0
2336,-0.740,0.305,0.000,120.177,1.000,1.730,11.0
2337,-0.740,0.305,0.000,120.177,1.000,1.730,11.0
2338,-0.740,0.305,0.000,120.177,1.000,1.730,11.0
2339,-0.740,0.305,0.000,120.178,1.000,1.730,11.0
2340,-0.740,0.305,0.000,120.178,1.000,1.730,11.0
2341,-0.740,0.305,0.000,120.178,1.000,1.730,11.0
2342,-0.740,0.305,0.000,120.178,1.000,1.730,11.0
2343,-0.740,0.305,0.000,120.178,1.000,1.730,11.0
2344,-0.740,0.305,0.000,120.178,1.000,1.730,11.0
2345,-0.740,0.305,0.000,120.178,1.000,1.730,11.0
2346,-0.740,0.305,0.000,120.178,1.000,1.730,11.0
2347,-0.740,0.305,0.000,120.178,1.000,1.730,11.0
2348,-0.740,0.305,0.000,120.178,1.000,1.730,11.0
2349,-0.740,0.305,0.000,120.178,1.000,1.730,11.0
2350,-0.740,0.305,0.000,120.178,1.000,1.730,11.0
2351,-0.740,0.305,0.000,120.178,1.000,1.730,11.0
2352,-0.740,0.305,0.000,120.178,1.000,1.730,11.0
2353,-0.740,0.305,0.000,120.178,1.000,1.730,11.0
2354,-0.740,0.305,0.000,120.178,1.000,1.730,11.0
2355,-0.740,0.305,0.000,120.178,1.000,1.730,11.0
2356,-0.740,0.305,0.000,120.178,1.000,1.730,11.0
2357,-0.740,0.305,0.000,120.178,1.000,1.730,11.0
2358,-0.740,0.305,0.000,120.178,1.000,1.730,11.0
2359,-0.740,0.305,0.000,120.178,1.000,1.730,11.0
2360,-0.740,0.305,0.000,120.178,1.000,1.730,11.0
2361,-0.740,0.305,0.000,120.179,1.000,1.730,11.0
2362,-0.740,0.305,0.000,120.179,1.000,1.730,11.0
2363,-0.740,0.305,0.000,120.179,1.000,1.730,11.0
2364,-0.740,0.305,0.000,120.179,1.000,1.730,11.0
2365,-0.740,0.305,0.000,120.179,1.000,1.730,11.0
2366,-0.740,0.305,0.000,120.179,1.000,1.730,11.0
2367,-0.740,0.305,0.000,120.179,1.000,1.730,11.0
2368,-0.740,0.305,0.000,120.179,1.000,1.730,11.0
2369,-0.740,0.305,0.000,120.179,1.000,1.730,11.0
2370,-0.740,0.305,0.000,120.179,1.000,1.730,11.0
2371,-0.740,0.305,0.000,120.179,1.000,1.730,11.0
2372,-0.740,0.305,0.000,120.179,1.000,1.730,11.0
2373,-0.740,0.305,0.000,120.179,1.000,1.730,11.0
2374,-0.740,0.305,0.000,120.179,1.000,1.730,11.0
2375,-0.740,0.305,0.000,120.179,1.000,1.730,11.0
2376,-0.740,0.305,0.000,120.179,1.000,1.730,11.0
2377,-0.740,0.305,0.000,120.179,1.000,1.730,11.0
2378,-0.740,0.305,0.000,120.179,1.000,1.730,11.0
2379,-0.740,0.305,0.000,120.179,1.000,1.730,11.0
2380,-0.740,0.305,0.000,120.179,1.000,1.730,11.0
2381,-0.740,0.305,0.000,120.179,1.000,1.730,11.0
2382,-0.740,0.305,0.000,120.179,1.000,1.730,11.0
2383,-0.740,0.305,0.000,120.179,1.000,1.730,11.0
2384,-0.740,0.305,0.000,120.179,1.000,1.730,11.0
2385,-0.740,0.305,0.000,120.179,1.000,1.730,11.0
2386,-0.740,0.305,0.000,120.178,1.000,1.730,11.0
2387,-0.740,0.305,0.000,120.178,1.000,1.730,11.0
2388,-0.740,0.305,0.000,120.178,1.000,1.730,11.0
2389,-0.740,0.305,0.000,120.178,1.000,1.730,11.0
2390,-0.740,0.305,0.000,120.178,1.000,1.730,11.0
2391,-0.740,0.305,0.000,120.178,1.000,1.730,11.0
2392,-0.740,0.305,0.000,120.178,1.000,1.730,11.0
2393,-0.740,0.305,0.000,120.178,1.000,1.730,11.0
2394,-0.740,0.305,0.000,120.178,1.000,1.730,11.0
2395,-0.740,0.305,0.000,120.178,1.000,1.730,11.0
2396,-0.740,0.305,0.000,120.178,1.000,1.730,11.0
2397,-0.740,0.305,0.000,120.178,1.000,1.730,11.0
2398,-0.740,0.305,0.000,120.178,1.000,1.730,11.0
2399,-0.740,0.305,0.000,120.178,1.000,1.730,11.0
2400,-0.740,0.305,0.000,120.178,1.000,1.730,11.0
2401,-0.740,0.305,0.000,120.178,1.000,1.730,11.0
2402,-0.740,0.305,0.000,120.178,1.000,1.730,11.0
2403,-0.740,0.305,0.000,120.179,1.000,1.730,11.0
2404,-0.740,0.305,0.000,120.179,1.000,1.730,11.0
2405,-0.740,0.305,0.000,120.179,1.000,1.730,11.0
2406,-0.740,0.305,0.000,120.179,1.000,1.730,11.0
2407,-0.740,0.305,0.000,120.179,1.000,1.730,11.0
2408,-0.740,0.305,0.000,120.179,1.000,1.730,11.0
2409,-0.740,0.305,0.000,120.179,1.000,1.730,11.0
2410,-0.740,0.305,0.000,120.179,1.000,1.730,11.0
2411,-0.740,0.305,0.000,120.179,1.000,1.730,11.0
2412,-0.740,0.305,0.000,120.179,1.000,1.730,11.0
2413,-0.740,0.305,0.000,120.179,1.000,1.730,11.0
2414,-0.740,0.305,0.000,120.179,1.000,1.730,11.0
2415,-0.740,0.305,0.000,120.179,1.000,1.730,11.0
2416,-0.740,0.305,0.000,120.179,1.000,1.730,11.0
2417,-0.740,0.305,0.000,120.179,1.000,1.730,11.0
2418,-0.740,0.305,0.000,120.179,1.000,1.730,11.0
2419,-0.740,0.305,0.000,120.179,1.000,1.730,11.0
2420,-0.740,0.305,0.000,120.179,1.000,1.730,11.0
2421,-0.740,0.305,0.000,120.179,1.000,1.730,11.0
2422,-0.740,0.305,0.000,120.179,1.000,1.730,11.0
2423,-0.740,0.305,0.000,120.179,1.000,1.730,11.0
2424,-0.740,0.305,0.000,120.179,1.000,1.730,11.0
2425,-0.740,0.305,0.000,120.179,1.000,1.730,11.0
2426,-0.740,0.305,0.000,120.179,1.000,1.730,11.0
2427,-0.740,0.305,0.000,120.179,1.000,1.730,11.0
2428,-0.740,0.305,0.000,120.179,1.000,1.730,11.0
2429,-0.740,0.305,0.000,120.179,1.000,1.730,11.0
2430,-0.740,0.305,0.000,120.179,1.000,1.730,11.0
2431,-0.740,0.305,0.000,120.179,1.000,1.730,11.0
2432,-0.740,0.305,0.000,120.179,1.000,1.730,11.0
2433,-0.740,0.305,0.000,120.179,1.000,1.730,11.0
2434,-0.740,0.305,0.000,120.179,1.000,1.730,11.0
2435,-0.740,0.305,0.000,120.179,1.000,1.730,11.0
2436,-0.740,0.305,0.000,120.179,1.000,1.730,11.0
2437,-0.740,0.305,0.000,120.179,1.000,1.730,11.0
2438,-0.740,0.305,0.000,120.179,1.000,1.730,11.0
2439,-0.740,0.305,0.000,120.179,1.000,1.730,11.0
2440,-0.740,0.305,0.000,120.179,1.000,1.730,11.0
2441,-0.740,0.305,0.000,120.179,1.000,1.730,11.0
2442,-0.740,0.305,0.000,120.179,1.000,1.730,11.0
2443,-0.740,0.305,0.000,120.179,1.000,1.730,11.0
2444,-0.740,0.305,0.000,120.179,1.000,1.730,11.0
2445,-0.740,0.305,0.000,120.179,1.000,1.730,11.0
2446,-0.740,0.305,0.000,120.179,1.000,1.730,11.0
2447,-0.740,0.305,0.000,120.179,1.000,1.730,11.0
2448,-0.740,0.305,0.000,120.179,1.000,1.730,11.0
2449,-0.740,0.305,0.000,120.179,1.000,1.730,11.0
2450,-0.740,0.305,0.000,120.179,1.000,1.730,11.0
2451,-0.740,0.305,0.000,120.179,1.000,1.730,11.0
2452,-0.740,0.305,0.000,120.179,1.000,1.730,11.0
2453,-0.740,0.305,0.000,120.179,1.000,1.730,11.0
2454,-0.740,0.305,0.000,120.179,1.000,1.730,11.0
2455,-0.740,0.305,0.000,120.179,1.000,1.730,11.0
2456,-0.740,0.305,0.000,120.179,1.000,1.730,11.0
2457,-0.740,0.305,0.000,120.179,1.000,1.730,11.0
2458,-0.740,0.305,0.000,120.179,1.000,1.730,11.0
2459,-0.740,0.305,0.000,120.179,1.000,1.730,11.0
2460,-0.740,0.305,0.000,120.179,1.000,1.730,11.0
2461,-0.740,0.305,0.000,120.179,1.000,1.730,11.0
2462,-0.740,0.305,0.000,120.179,1.000,1.730,11.0
2463,-0.740,0.305,0.000,120.179,1.000,1.730,11.0
2464,-0.740,0.305,0.000,120.179,1.000,1.730,11.0
2465,-0.740,0.305,0.000,120.179,1.000,1.730,11.0
2466,-0.740,0.305,0.000,120.179,1.000,1.730,11.0
2467,-0.740,0.305,0.000,120.179,1.000,1.730,11.0
2468,-0.740,0.305,0.000,120.179,1.000,1.730,11.0
2469,-0.740,0.305,0.000,120.179,1.000,1.730,11.0
2470,-0.740,0.305,0.000,120.179,1.000,1.730,11.0
2471,-0.740,0.305,0.000,120.179,1.000,1.730,11.0
2472,-0.740,0.305,0.000,120.179,1.000,1.730,11.0
2473,-0.740,0.305,0.000,120.179,1.000,1.730,11.0
2474,-0.740,0.305,0.000,120.179,1.000,1.730,11.0
2475,-0.740,0.305,0.000,120.180,1.000,1.730,11.0
2476,-0.740,0.305,0.000,120.180,1.000,1.730,11.0
2477,-0.740,0.305,0.000,120.180,1.000,1.730,11.0
2478,-0.740,0.305,0.000,120.180,1.000,1.730,11.0
2479,-0.740,0.305,0.000,120.180,1.000,1.730,11.0
2480,-0.740,0.305,0.000,120.180,1.000,1.730,11.0
2481,-0.740,0.305,0.000,120.180,1.000,1.730,11.0
2482,-0.740,0.305,0.000,120.180,1.000,1.730,11.0
2483,-0.740,0.305,0.000,120.180,1.000,1.730,11.0
2484,-0.740,0.305,0.000,120.180,1.000,1.730,11.0
2485,-0.740,0.305,0.000,120.180,1.000,1.730,11.0
2486,-0.740,0.305,0.000,120.180,1.000,1.730,11.0
2487,-0.740,0.305,0.000,120.180,1.000,1.730,11.0
2488,-0.740,0.305,0.000,120.180,1.000,1.730,11.0
2489,-0.740,0.305,0.000,120.180,1.000,1.730,11.0
2490,-0.740,0.305,0.000,120.180,1.000,1.730,11.0
2491,-0.740,0.305,0.000,120.180,1.000,1.730,11.0
2492,-0.740,0.305,0.000,120.180,1.000,1.730,11.0
2493,-0.740,0.305,0.000,120.180,1.000,1.730,11.0
2494,-0.740,0.305,0.000,120.180,1.000,1.730,11.0
2495,-0.740,0.305,0.000,120.180,1.000,1.730,11.0
2496,-0.740,0.305,0.000,120.180,1.000,1.730,11.0
2497,-0.740,0.305,0.000,120.180,1.000,1.730,11.0
2498,-0.740,0.305,0.000,120.180,1.000,1.730,11.0
2499,-0.740,0.305,0.000,120.180,1.000,1.730,11.0
2500,-0.740,0.305,0.000,120.180,1.000,1.730,11.0
