1,0.728,0.044,0.153,0.000,0.000,0.000,1
2,0.728,0.044,0.473,0.000,0.000,0.000,1
3,0.728,0.044,0.808,0.000,0.000,0.000,1
4,0.728,0.044,1.088,0.000,0.000,0.000,1
5,0.728,0.044,1.290,0.000,0.000,0.000,-1
6,0.728,0.044,1.420,0.000,0.000,0.000,-1
7,0.728,0.044,1.493,-0.000,-0.103,0.150,-1
8,0.727,0.043,1.522,3.547,-0.262,0.274,3.0
9,0.726,0.042,1.534,10.197,-0.335,0.287,3.0
10,0.724,0.039,1.533,18.070,-0.311,0.208,3.0
11,0.721,0.035,1.527,26.325,-0.232,0.077,3.0
12,0.717,0.030,1.519,34.535,-0.137,-0.055,3.0
13,0.713,0.025,1.512,42.469,-0.051,-0.141,3.0
14,0.708,0.021,1.506,50.014,0.021,-0.158,3.0
15,0.703,0.017,1.507,57.126,0.075,-0.116,3.0
16,0.698,0.013,1.507,63.797,0.106,-0.038,3.0
17,0.692,0.010,1.507,70.034,0.110,0.045,3.0
18,0.687,0.007,1.508,75.853,0.086,0.109,3.0
19,0.683,0.004,1.508,81.274,0.039,0.140,3.0
20,0.678,0.001,1.509,86.322,-0.017,0.136,3.0
21,0.675,-0.002,1.509,90.884,-0.066,0.104,3.0
22,0.671,-0.005,1.509,94.844,-0.097,0.054,3.0
23,0.668,-0.009,1.509,98.117,-0.100,0.001,3.0
24,0.665,-0.012,1.510,100.529,-0.078,-0.041,3.0
25,0.662,-0.016,1.510,102.196,-0.039,-0.064,3.0
26,0.659,-0.021,1.510,103.101,0.003,-0.064,3.0
27,0.655,-0.025,1.504,103.299,0.035,-0.045,3.0
28,0.651,-0.029,1.503,102.863,0.051,-0.018,3.0
29,0.648,-0.033,1.502,101.887,0.050,0.006,3.0
30,0.644,-0.037,1.501,100.478,0.036,0.022,3.0
31,0.640,-0.041,1.500,98.749,0.016,0.027,3.0
32,0.636,-0.045,1.499,96.816,-0.002,0.023,3.0
33,0.632,-0.049,1.499,94.784,-0.012,0.013,3.0
34,0.629,-0.052,1.498,92.752,-0.014,0.003,3.0
35,0.625,-0.056,1.498,90.801,-0.010,-0.004,3.0
36,0.622,-0.060,1.497,88.991,-0.003,-0.006,3.0
37,0.618,-0.064,1.497,87.346,0.004,-0.005,3.0
38,0.614,-0.068,1.496,85.834,0.008,-0.001,3.0
39,0.610,-0.072,1.496,85.120,0.009,0.003,3.0
40,0.607,-0.076,1.495,84.687,0.007,0.005,3.0
41,0.603,-0.080,1.495,84.563,0.004,0.006,3.0
42,0.599,-0.083,1.495,84.702,0.001,0.005,3.0
43,0.596,-0.087,1.494,85.069,-0.001,0.004,3.0
44,0.592,-0.091,1.494,85.622,-0.002,0.003,3.0
45,0.588,-0.095,1.494,86.316,-0.002,0.002,3.0
46,0.585,-0.099,1.494,87.105,-0.001,0.002,3.0
47,0.581,-0.103,1.494,87.949,0.000,0.003,3.0
48,0.577,-0.107,1.493,88.807,0.001,0.003,3.0
49,0.574,-0.111,1.493,89.653,0.002,0.004,3.0
50,0.570,-0.114,1.493,90.471,0.002,0.004,3.0
51,0.566,-0.118,1.493,91.261,0.002,0.004,3.0
52,0.563,-0.122,1.493,91.471,0.002,0.003,3.0
53,0.559,-0.126,1.493,91.532,0.003,0.002,3.0
54,0.556,-0.130,1.493,91.448,0.003,0.001,3.0
55,0.552,-0.134,1.492,91.243,0.003,0.000,3.0
56,0.548,-0.138,1.492,90.932,0.003,0.000,3.0
57,0.545,-0.142,1.492,90.530,0.003,0.001,3.0
58,0.541,-0.146,1.492,90.052,0.003,0.001,3.0
59,0.537,-0.150,1.492,89.510,0.003,0.002,3.0
60,0.534,-0.153,1.492,88.911,0.003,0.002,3.0
61,0.530,-0.157,1.492,88.273,0.003,0.002,3.0
62,0.526,-0.161,1.492,88.295,0.002,0.002,3.0
63,0.523,-0.165,1.492,88.456,0.001,0.003,3.0
64,0.519,-0.169,1.492,88.729,0.001,0.003,3.0
65,0.515,-0.173,1.492,89.085,0.001,0.003,3.0
66,0.512,-0.177,1.492,89.512,0.001,0.003,3.0
67,0.508,-0.181,1.492,89.996,0.001,0.003,3.0
68,0.504,-0.185,1.492,90.533,0.001,0.003,3.0
69,0.501,-0.188,1.492,91.125,0.001,0.003,3.0
70,0.497,-0.192,1.492,91.051,0.002,0.002,3.0
71,0.493,-0.196,1.492,90.836,0.003,0.002,3.0
72,0.490,-0.200,1.492,90.508,0.003,0.001,3.0
73,0.486,-0.204,1.492,90.096,0.003,0.001,3.0
74,0.483,-0.208,1.492,89.619,0.003,0.000,3.0
75,0.479,-0.212,1.492,89.814,0.008,0.001,3.0
76,0.475,-0.216,1.492,90.149,0.011,0.002,3.0
77,0.472,-0.220,1.492,90.607,0.010,0.004,3.0
78,0.468,-0.223,1.492,91.080,0.002,0.006,3.0
79,0.464,-0.227,1.492,90.898,-0.004,0.006,3.0
80,0.461,-0.231,1.492,90.589,-0.007,0.005,3.0
81,0.457,-0.235,1.492,90.176,-0.006,0.003,3.0
82,0.453,-0.239,1.492,89.691,-0.003,0.001,3.0
83,0.450,-0.243,1.492,89.151,0.001,-0.001,3.0
84,0.446,-0.247,1.492,88.568,0.004,-0.002,3.0
85,0.443,-0.251,1.492,87.945,0.006,-0.002,3.0
86,0.439,-0.254,1.492,87.981,0.006,-0.001,3.0
87,0.435,-0.258,1.492,88.160,0.004,0.001,3.0
88,0.432,-0.262,1.492,88.450,0.002,0.002,3.0
89,0.428,-0.266,1.492,88.828,0.000,0.003,3.0
90,0.424,-0.270,1.492,89.279,-0.001,0.003,3.0
91,0.421,-0.274,1.492,89.792,0.052,0.199,3.0
92,0.418,-0.278,1.492,90.381,0.085,0.332,3.0
93,0.416,-0.281,1.492,91.037,0.089,0.355,3.0
94,0.415,-0.284,1.492,90.985,0.067,0.303,3.0
95,0.416,-0.287,1.492,90.815,0.033,0.208,3.0
96,0.417,-0.290,1.492,90.541,0.002,0.099,3.0
97,0.418,-0.293,1.492,90.191,-0.016,0.001,3.0
98,0.420,-0.295,1.492,89.774,-0.018,-0.067,3.0
99,0.421,-0.298,1.492,89.297,-0.010,-0.102,3.0
100,0.422,-0.301,1.492,88.758,0.001,-0.103,3.0
101,0.422,-0.304,1.492,88.163,0.010,-0.081,3.0
102,0.423,-0.307,1.492,87.519,0.014,-0.046,3.0
103,0.423,-0.310,1.492,87.550,0.012,-0.009,3.0
104,0.423,-0.312,1.492,87.729,0.007,0.019,3.0
105,0.423,-0.315,1.492,88.032,0.003,0.035,3.0
106,0.424,-0.318,1.492,88.422,0.001,0.038,3.0
107,0.424,-0.321,1.492,88.877,0.001,0.031,3.0
108,0.424,-0.323,1.492,89.387,0.003,0.018,3.0
109,0.425,-0.326,1.492,89.943,0.005,0.003,3.0
110,0.426,-0.329,1.492,89.845,0.005,-0.011,3.0
111,0.426,-0.332,1.492,89.619,0.004,-0.020,3.0
112,0.427,-0.334,1.492,89.291,0.003,-0.024,3.0
113,0.427,-0.337,1.492,88.885,0.002,-0.023,3.0
114,0.428,-0.340,1.492,88.412,0.001,-0.019,3.0
115,0.428,-0.343,1.492,87.881,-0.068,-0.202,3.0
116,0.427,-0.346,1.492,87.324,-0.115,-0.319,3.0
117,0.426,-0.349,1.492,87.378,-0.119,-0.326,3.0
118,0.423,-0.352,1.492,87.591,-0.094,-0.249,3.0
119,0.420,-0.356,1.492,87.947,-0.054,-0.130,3.0
120,0.416,-0.360,1.492,88.417,-0.014,-0.015,3.0
121,0.412,-0.365,1.492,88.970,0.016,0.065,3.0
122,0.408,-0.369,1.492,89.577,0.031,0.097,3.0
123,0.404,-0.373,1.492,90.215,0.107,0.290,3.0
124,0.402,-0.376,1.492,90.127,0.157,0.395,3.0
125,0.400,-0.380,1.492,89.878,0.154,0.382,3.0
126,0.400,-0.382,1.492,89.539,0.111,0.304,3.0
127,0.402,-0.384,1.492,89.141,0.051,0.197,3.0
128,0.403,-0.387,1.492,88.689,-0.002,0.080,3.0
129,0.405,-0.389,1.492,88.192,-0.033,-0.026,3.0
130,0.407,-0.391,1.492,87.653,-0.041,-0.103,3.0
131,0.409,-0.393,1.492,87.070,-0.034,-0.142,3.0
132,0.410,-0.396,1.492,87.109,-0.020,-0.143,3.0
133,0.411,-0.398,1.492,87.287,-0.006,-0.114,3.0
134,0.412,-0.401,1.492,87.589,0.002,-0.069,3.0
135,0.412,-0.403,1.492,87.984,0.006,-0.021,3.0
136,0.412,-0.406,1.492,88.453,0.006,0.018,3.0
137,0.412,-0.408,1.492,88.988,0.005,0.044,3.0
138,0.412,-0.410,1.492,89.576,0.005,0.049,3.0
139,0.412,-0.413,1.492,89.477,0.005,0.041,3.0
140,0.413,-0.415,1.492,89.957,0.007,0.023,3.0
141,0.414,-0.418,1.492,89.850,0.006,0.004,3.0
142,0.414,-0.420,1.492,90.300,0.004,-0.016,3.0
143,0.415,-0.422,1.492,90.137,0.001,-0.029,3.0
144,0.415,-0.425,1.492,90.555,0.001,-0.046,3.0
145,0.416,-0.427,1.492,91.069,0.002,-0.049,3.0
146,0.416,-0.429,1.492,91.647,0.003,-0.042,3.0
147,0.416,-0.432,1.492,91.478,0.003,-0.015,3.0
148,0.416,-0.434,1.492,91.121,0.005,0.008,3.0
149,0.416,-0.436,1.492,90.601,0.006,0.020,3.0
150,0.416,-0.439,1.492,89.981,0.006,0.021,3.0
151,0.416,-0.441,1.492,89.294,0.005,0.013,3.0
152,0.416,-0.443,1.492,88.565,0.004,0.003,3.0
153,0.416,-0.446,1.492,87.812,-0.093,-0.186,3.0
154,0.416,-0.448,1.492,87.081,-0.160,-0.307,3.0
155,0.414,-0.451,1.492,86.372,-0.171,-0.318,3.0
156,0.412,-0.455,1.492,86.261,-0.140,-0.244,3.0
157,0.408,-0.459,1.492,86.340,-0.084,-0.129,3.0
158,0.404,-0.463,1.492,86.599,-0.025,-0.015,3.0
159,0.400,-0.468,1.492,87.001,0.021,0.065,3.0
160,0.396,-0.472,1.492,87.505,0.045,0.098,3.0
161,0.393,-0.476,1.492,88.070,0.161,0.268,3.0
162,0.390,-0.480,1.492,88.706,0.226,0.367,3.0
163,0.388,-0.483,1.492,89.410,0.221,0.358,3.0
164,0.388,-0.485,1.492,90.130,0.172,0.297,3.0
165,0.389,-0.487,1.492,90.139,0.099,0.212,3.0
166,0.391,-0.488,1.492,89.998,0.028,0.107,3.0
167,0.393,-0.490,1.492,89.718,-0.026,-0.003,3.0
168,0.395,-0.491,1.492,89.343,0.147,-0.125,3.0
169,0.396,-0.492,1.492,88.908,0.281,-0.201,3.0
170,0.397,-0.491,1.492,88.426,0.317,-0.217,3.0
171,0.398,-0.490,1.492,87.921,0.285,-0.185,3.0
172,0.397,-0.488,1.492,87.392,0.102,-0.288,3.0
173,0.396,-0.485,1.492,87.391,-0.046,-0.328,3.0
174,0.393,-0.483,1.492,87.490,-0.128,-0.277,3.0
175,0.390,-0.480,1.492,87.721,-0.168,-0.156,3.0
176,0.386,-0.479,1.492,88.076,-0.178,-0.023,3.0
177,0.382,-0.478,1.492,88.544,-0.164,0.074,3.0
178,0.378,-0.477,1.492,89.104,-0.132,0.111,3.0
179,0.374,-0.477,1.492,89.733,-0.159,0.276,3.0
180,0.372,-0.477,1.492,89.551,-0.138,0.367,3.0
181,0.370,-0.478,1.492,89.197,-0.084,0.353,3.0
182,0.370,-0.480,1.492,88.744,-0.004,0.296,3.0
183,0.371,-0.481,1.492,88.232,0.069,0.219,3.0
184,0.372,-0.482,1.492,87.676,0.104,0.120,3.0
185,0.374,-0.483,1.492,87.097,0.092,0.010,3.0
186,0.376,-0.483,1.492,86.501,0.258,-0.128,3.0
187,0.378,-0.483,1.492,86.504,0.360,-0.222,3.0
188,0.379,-0.481,1.492,86.647,0.354,-0.252,3.0
189,0.380,-0.479,1.492,86.910,0.288,-0.232,3.0
190,0.379,-0.475,1.492,87.270,0.063,-0.323,3.0
191,0.378,-0.470,1.492,87.683,-0.101,-0.336,3.0
192,0.375,-0.466,1.492,88.137,-0.188,-0.262,3.0
193,0.371,-0.463,1.493,88.664,-0.233,-0.123,3.0
194,0.367,-0.460,1.493,89.274,-0.249,0.014,3.0
195,0.363,-0.458,1.493,89.963,-0.236,0.099,3.0
196,0.359,-0.457,1.493,90.724,-0.198,0.118,3.0
197,0.356,-0.457,1.493,90.693,-0.197,0.250,3.0
198,0.353,-0.457,1.493,90.458,-0.150,0.322,3.0
199,0.352,-0.458,1.493,90.057,-0.071,0.306,3.0
200,0.352,-0.459,1.493,89.565,0.029,0.258,3.0
201,0.352,-0.460,1.493,89.016,0.113,0.196,3.0
202,0.353,-0.461,1.493,88.429,0.143,0.112,3.0
203,0.355,-0.461,1.493,87.822,0.313,-0.018,3.0
204,0.356,-0.461,1.493,87.210,0.396,-0.140,3.0
205,0.358,-0.458,1.493,87.188,0.371,-0.218,3.0
206,0.358,-0.455,1.493,87.285,0.287,-0.251,3.0
207,0.358,-0.450,1.493,87.505,0.182,-0.233,3.0
208,0.357,-0.445,1.493,87.830,-0.071,-0.300,3.0
209,0.355,-0.440,1.493,88.212,-0.233,-0.290,3.0
210,0.352,-0.436,1.493,88.639,-0.295,-0.205,3.0
211,0.348,-0.432,1.493,89.146,-0.304,-0.073,3.0
212,0.344,-0.430,1.493,89.744,-0.281,0.044,3.0
213,0.340,-0.429,1.493,90.426,-0.232,0.106,3.0
214,0.336,-0.428,1.493,91.180,-0.367,0.110,3.0
215,0.333,-0.429,1.493,91.138,-0.270,0.227,3.0
216,0.330,-0.430,1.493,90.899,-0.100,0.286,3.0
217,0.329,-0.432,1.493,90.489,0.059,0.264,3.0
218,0.328,-0.434,1.493,89.996,0.185,0.214,3.0
219,0.328,-0.435,1.493,89.455,0.247,0.155,3.0
220,0.329,-0.435,1.493,88.881,0.224,0.081,3.0
221,0.330,-0.435,1.493,88.289,0.346,-0.039,3.0
222,0.331,-0.433,1.493,87.687,0.390,-0.147,3.0
223,0.331,-0.430,1.493,87.668,0.338,-0.211,3.0
224,0.331,-0.426,1.493,87.774,0.245,-0.230,3.0
225,0.330,-0.421,1.493,88.005,-0.015,-0.328,3.0
226,0.328,-0.416,1.493,88.300,-0.173,-0.336,3.0
227,0.325,-0.412,1.493,88.657,-0.230,-0.244,3.0
228,0.321,-0.408,1.493,89.108,-0.252,-0.085,3.0
229,0.316,-0.405,1.493,89.659,-0.263,0.059,3.0
230,0.312,-0.403,1.493,90.305,-0.254,0.137,3.0
231,0.308,-0.401,1.493,91.028,-0.223,0.139,3.0
232,0.305,-0.401,1.493,91.804,-0.359,0.094,3.0
233,0.302,-0.401,1.493,91.794,-0.238,0.176,3.0
234,0.299,-0.403,1.494,91.587,-0.054,0.220,3.0
235,0.298,-0.405,1.494,91.206,0.098,0.199,3.0
236,0.297,-0.406,1.494,90.737,0.208,0.159,3.0
237,0.296,-0.407,1.494,90.217,0.251,0.112,3.0
238,0.296,-0.407,1.494,89.662,0.411,0.026,3.0
239,0.296,-0.405,1.494,89.099,0.467,-0.067,3.0
240,0.296,-0.402,1.494,88.535,0.403,-0.139,3.0
241,0.296,-0.398,1.494,87.964,0.287,-0.185,3.0
242,0.295,-0.392,1.494,87.920,0.158,-0.196,3.0
243,0.293,-0.386,1.494,88.020,-0.128,-0.258,3.0
244,0.290,-0.380,1.494,88.222,-0.297,-0.240,3.0
245,0.287,-0.376,1.494,88.511,-0.342,-0.149,3.0
246,0.283,-0.372,1.494,88.906,-0.339,-0.021,3.0
247,0.278,-0.369,1.494,89.414,-0.309,0.081,3.0
248,0.275,-0.368,1.494,90.020,-0.255,0.121,3.0
249,0.271,-0.367,1.494,90.701,-0.383,0.105,3.0
250,0.268,-0.368,1.494,91.428,-0.425,0.055,3.0
251,0.265,-0.370,1.494,92.179,-0.176,0.108,3.0
252,0.262,-0.373,1.494,92.158,0.090,0.129,3.0
253,0.260,-0.375,1.494,91.941,0.259,0.120,3.0
254,0.258,-0.377,1.494,91.609,0.335,0.108,3.0
255,0.257,-0.377,1.494,91.222,0.314,0.092,3.0
256,0.255,-0.377,1.494,90.787,0.437,0.031,3.0
257,0.254,-0.375,1.494,90.320,0.462,-0.044,3.0
258,0.253,-0.371,1.494,89.839,0.378,-0.101,3.0
259,0.252,-0.366,1.494,89.343,0.245,-0.139,3.0
260,0.250,-0.360,1.494,88.830,0.113,-0.143,3.0
261,0.247,-0.354,1.494,88.822,-0.182,-0.188,3.0
262,0.244,-0.348,1.494,88.913,-0.352,-0.167,3.0
263,0.240,-0.344,1.494,89.114,-0.392,-0.092,3.0
264,0.236,-0.340,1.494,89.438,-0.371,0.007,3.0
265,0.232,-0.338,1.494,89.883,-0.313,0.079,3.0
266,0.228,-0.337,1.494,90.429,-0.229,0.100,3.0
267,0.225,-0.337,1.494,91.053,-0.336,0.080,3.0
268,0.221,-0.338,1.494,91.723,-0.375,0.036,3.0
269,0.218,-0.340,1.494,92.416,-0.133,0.069,3.0
270,0.215,-0.343,1.495,92.380,0.114,0.080,3.0
271,0.213,-0.346,1.495,92.168,0.263,0.074,3.0
272,0.211,-0.347,1.495,91.853,0.320,0.068,3.0
273,0.208,-0.348,1.495,91.474,0.494,0.038,3.0
274,0.206,-0.346,1.495,91.052,0.550,-0.003,3.0
275,0.204,-0.343,1.495,90.607,0.467,-0.049,3.0
276,0.202,-0.339,1.495,90.152,0.317,-0.092,3.0
277,0.199,-0.333,1.495,89.682,0.154,-0.116,3.0
278,0.196,-0.327,1.495,89.697,-0.176,-0.160,3.0
279,0.193,-0.321,1.495,89.801,-0.374,-0.134,3.0
280,0.189,-0.316,1.495,90.007,-0.427,-0.057,3.0
281,0.184,-0.313,1.495,90.331,-0.410,0.035,3.0
282,0.180,-0.311,1.495,90.769,-0.342,0.093,3.0
283,0.176,-0.310,1.495,91.302,-0.241,0.101,3.0
284,0.173,-0.311,1.495,91.900,-0.325,0.069,3.0
285,0.170,-0.312,1.495,92.534,-0.349,0.021,3.0
286,0.167,-0.314,1.495,93.181,-0.291,-0.022,3.0
287,0.163,-0.318,1.495,93.194,-0.186,-0.052,3.0
288,0.160,-0.322,1.495,93.063,0.124,-0.006,3.0
289,0.157,-0.326,1.495,92.788,0.339,0.038,3.0
290,0.154,-0.329,1.495,92.401,0.201,0.013,3.0
291,0.150,-0.331,1.495,91.979,0.448,0.021,3.0
292,0.147,-0.331,1.495,91.516,0.616,0.015,3.0
293,0.144,-0.330,1.495,90.970,0.554,-0.003,3.0
294,0.141,-0.326,1.495,90.393,0.369,-0.015,3.0
295,0.137,-0.322,1.495,89.807,0.165,-0.022,3.0
296,0.134,-0.316,1.495,89.129,-0.218,-0.044,3.0
297,0.130,-0.312,1.495,88.478,-0.407,-0.062,3.0
298,0.127,-0.308,1.495,88.381,-0.430,-0.045,3.0
299,0.123,-0.306,1.495,88.523,-0.373,0.003,3.0
300,0.119,-0.306,1.495,88.864,-0.266,0.048,3.0
301,0.115,-0.306,1.495,89.358,-0.139,0.068,3.0
302,0.111,-0.307,1.496,89.961,-0.026,0.058,3.0
303,0.107,-0.307,1.496,90.627,0.054,0.029,3.0
304,0.104,-0.308,1.496,91.314,0.094,-0.006,3.0
305,0.100,-0.309,1.496,91.992,0.101,-0.033,3.0
306,0.097,-0.309,1.496,92.647,0.084,-0.043,3.0
307,0.093,-0.309,1.496,93.291,0.055,-0.036,3.0
308,0.089,-0.308,1.496,93.429,0.022,-0.017,3.0
309,0.085,-0.308,1.496,93.431,-0.011,0.004,3.0
310,0.081,-0.307,1.496,93.240,-0.039,0.020,3.0
311,0.077,-0.307,1.496,92.917,-0.057,0.025,3.0
312,0.074,-0.307,1.496,92.531,-0.063,0.020,3.0
313,0.070,-0.307,1.496,92.073,-0.058,0.009,3.0
314,0.066,-0.307,1.496,91.561,-0.046,-0.001,3.0
315,0.062,-0.308,1.496,90.999,-0.232,0.003,3.0
316,0.059,-0.309,1.496,90.390,-0.346,0.011,3.0
317,0.055,-0.312,1.496,89.727,-0.345,0.018,3.0
318,0.051,-0.315,1.496,89.784,-0.258,0.023,3.0
319,0.048,-0.320,1.496,90.008,-0.131,0.020,3.0
320,0.044,-0.325,1.496,90.353,-0.012,0.015,3.0
321,0.041,-0.330,1.496,90.772,0.067,0.008,3.0
322,0.038,-0.334,1.496,91.235,0.305,-0.013,3.0
323,0.034,-0.338,1.496,91.719,0.443,-0.028,3.0
324,0.030,-0.341,1.496,92.213,0.445,-0.030,3.0
325,0.027,-0.342,1.496,92.690,0.363,-0.029,3.0
326,0.023,-0.341,1.496,92.742,0.241,-0.021,3.0
327,0.019,-0.340,1.496,92.701,0.106,-0.010,3.0
328,0.015,-0.338,1.496,92.565,-0.017,0.003,3.0
329,0.010,-0.337,1.496,92.350,-0.108,0.015,3.0
330,0.006,-0.336,1.496,92.059,-0.154,0.023,3.0
331,0.002,-0.335,1.496,91.702,-0.157,0.025,3.0
332,-0.002,-0.334,1.496,91.287,-0.126,0.021,3.0
333,-0.005,-0.335,1.496,90.823,-0.077,0.014,3.0
334,-0.009,-0.335,1.496,90.315,-0.025,0.005,3.0
335,-0.013,-0.336,1.496,90.363,0.015,-0.000,3.0
336,-0.017,-0.336,1.496,90.525,0.037,-0.004,3.0
337,-0.021,-0.337,1.496,90.782,0.041,-0.006,3.0
338,-0.024,-0.337,1.496,91.112,0.030,-0.006,3.0
339,-0.028,-0.337,1.496,91.503,0.011,-0.006,3.0
340,-0.032,-0.337,1.496,91.955,-0.012,-0.004,3.0
341,-0.036,-0.338,1.496,92.467,-0.031,-0.002,3.0
342,-0.040,-0.338,1.496,92.349,-0.042,0.000,3.0
343,-0.044,-0.338,1.496,92.090,-0.243,0.019,3.0
344,-0.048,-0.340,1.496,91.721,-0.363,0.033,3.0
345,-0.051,-0.342,1.496,91.294,-0.360,0.037,3.0
346,-0.055,-0.346,1.496,90.793,-0.266,0.030,3.0
347,-0.058,-0.350,1.496,90.224,-0.130,0.017,3.0
348,-0.062,-0.355,1.496,89.613,-0.004,0.003,3.0
349,-0.065,-0.360,1.496,89.663,0.079,-0.001,3.0
350,-0.068,-0.365,1.496,89.829,0.316,-0.028,3.0
351,-0.072,-0.369,1.496,90.089,0.452,-0.045,3.0
352,-0.075,-0.372,1.496,90.407,0.448,-0.048,3.0
353,-0.079,-0.372,1.496,90.742,0.359,-0.042,3.0
354,-0.083,-0.372,1.496,91.084,0.230,-0.032,3.0
355,-0.087,-0.371,1.496,91.439,0.090,-0.017,3.0
356,-0.092,-0.369,1.496,91.820,-0.036,-0.001,3.0
357,-0.096,-0.368,1.496,92.245,-0.124,0.012,3.0
358,-0.100,-0.367,1.496,92.211,-0.165,0.022,3.0
359,-0.104,-0.366,1.496,92.051,-0.161,0.024,3.0
360,-0.108,-0.366,1.496,91.779,-0.123,0.019,3.0
361,-0.112,-0.367,1.496,91.422,-0.070,0.010,3.0
362,-0.116,-0.367,1.496,90.997,-0.018,0.000,3.0
363,-0.120,-0.368,1.496,90.518,0.020,-0.007,3.0
364,-0.123,-0.369,1.496,89.993,0.040,-0.010,3.0
365,-0.127,-0.369,1.496,89.420,0.040,-0.010,3.0
366,-0.131,-0.370,1.496,89.475,0.025,-0.008,3.0
367,-0.135,-0.370,1.496,89.678,0.002,-0.004,3.0
368,-0.139,-0.370,1.496,90.008,-0.018,0.000,3.0
369,-0.143,-0.371,1.496,90.424,-0.029,0.001,3.0
370,-0.147,-0.371,1.496,90.889,-0.029,0.003,3.0
371,-0.151,-0.372,1.496,91.393,-0.022,0.004,3.0
372,-0.156,-0.373,1.496,91.929,-0.012,0.004,3.0
373,-0.160,-0.373,1.496,91.872,-0.000,0.004,3.0
374,-0.164,-0.374,1.496,91.708,0.009,0.003,3.0
375,-0.168,-0.375,1.496,91.457,0.014,0.002,3.0
376,-0.172,-0.375,1.496,91.143,0.015,0.001,3.0
377,-0.176,-0.376,1.496,90.779,0.012,0.001,3.0
378,-0.180,-0.377,1.496,90.373,0.007,0.001,3.0
379,-0.184,-0.377,1.496,89.928,0.001,0.002,3.0
380,-0.188,-0.378,1.496,89.443,-0.005,0.003,3.0
381,-0.192,-0.378,1.496,89.491,-0.010,0.003,3.0
382,-0.196,-0.379,1.496,89.660,-0.013,0.004,3.0
383,-0.200,-0.380,1.496,89.933,-0.214,0.038,3.0
384,-0.204,-0.381,1.496,90.282,-0.342,0.058,3.0
385,-0.207,-0.383,1.496,90.696,-0.352,0.058,3.0
386,-0.211,-0.387,1.496,91.199,-0.268,0.043,3.0
387,-0.214,-0.392,1.496,91.788,-0.140,0.023,3.0
388,-0.218,-0.397,1.496,91.647,-0.016,-0.003,3.0
389,-0.221,-0.402,1.496,91.367,0.070,-0.018,3.0
390,-0.224,-0.407,1.496,90.988,0.104,-0.021,3.0
391,-0.228,-0.412,1.496,90.545,0.091,-0.015,3.0
392,-0.231,-0.416,1.496,90.074,0.263,-0.045,3.0
393,-0.235,-0.420,1.496,89.579,0.363,-0.065,3.0
394,-0.239,-0.422,1.496,89.661,0.353,-0.063,3.0
395,-0.243,-0.423,1.496,89.829,0.280,-0.050,3.0
396,-0.247,-0.423,1.497,90.068,0.177,-0.032,3.0
397,-0.251,-0.423,1.497,90.364,0.069,-0.013,3.0
398,-0.256,-0.422,1.497,90.713,-0.021,0.003,3.0
399,-0.260,-0.421,1.497,91.116,-0.081,0.014,3.0
400,-0.265,-0.421,1.497,91.574,-0.106,0.019,3.0
401,-0.269,-0.421,1.497,92.088,-0.100,0.018,3.0
402,-0.273,-0.421,1.497,92.016,-0.071,0.012,3.0
403,-0.277,-0.421,1.497,91.810,-0.033,0.004,3.0
404,-0.282,-0.422,1.497,91.494,0.000,-0.003,3.0
405,-0.286,-0.422,1.497,91.096,0.021,-0.007,3.0
406,-0.290,-0.423,1.497,90.631,0.026,-0.007,3.0
407,-0.294,-0.423,1.497,90.108,0.017,-0.004,3.0
408,-0.299,-0.424,1.497,89.534,0.003,-0.001,3.0
409,-0.303,-0.424,1.497,89.620,-0.010,0.001,3.0
410,-0.307,-0.425,1.497,89.824,-0.016,0.002,3.0
411,-0.312,-0.425,1.497,90.133,-0.013,0.002,3.0
412,-0.316,-0.426,1.497,90.521,-0.009,0.002,3.0
413,-0.320,-0.426,1.497,90.976,-0.004,0.001,3.0
414,-0.325,-0.427,1.497,91.486,-0.003,0.001,3.0
415,-0.329,-0.427,1.497,92.051,-0.002,-0.000,3.0
416,-0.333,-0.428,1.497,91.952,-0.005,0.001,3.0
417,-0.338,-0.428,1.497,91.722,-0.009,-0.001,3.0
418,-0.342,-0.429,1.497,91.388,-0.008,-0.001,3.0
419,-0.347,-0.430,1.497,90.992,-0.008,0.001,3.0
420,-0.351,-0.430,1.497,90.536,-0.003,-0.001,3.0
421,-0.355,-0.431,1.497,90.014,0.001,0.001,3.0
422,-0.360,-0.432,1.497,89.453,0.000,0.003,3.0
423,-0.364,-0.433,1.497,89.539,-0.002,0.003,3.0
424,-0.368,-0.433,1.497,89.787,-0.003,0.002,3.0
425,-0.373,-0.434,1.497,90.149,-0.199,0.058,3.0
426,-0.377,-0.435,1.497,90.578,-0.328,0.094,3.0
427,-0.381,-0.438,1.497,91.090,-0.341,0.096,3.0
428,-0.385,-0.442,1.497,91.691,-0.263,0.073,3.0
429,-0.388,-0.446,1.497,92.341,-0.139,0.039,3.0
430,-0.391,-0.451,1.497,92.243,-0.018,-0.002,3.0
431,-0.394,-0.456,1.497,91.994,0.066,-0.027,3.0
432,-0.397,-0.461,1.497,91.659,0.299,-0.089,3.0
433,-0.401,-0.465,1.497,91.263,0.428,-0.124,3.0
434,-0.405,-0.468,1.497,90.801,0.420,-0.120,3.0
435,-0.409,-0.469,1.497,90.323,0.324,-0.090,3.0
436,-0.414,-0.469,1.497,89.823,0.185,-0.051,3.0
437,-0.419,-0.469,1.497,89.890,0.043,-0.016,3.0
438,-0.424,-0.468,1.497,90.073,-0.068,0.017,3.0
439,-0.429,-0.467,1.497,90.368,-0.131,0.033,3.0
440,-0.434,-0.467,1.497,90.772,-0.141,0.036,3.0
441,-0.439,-0.467,1.497,91.252,-0.112,0.034,3.0
442,-0.443,-0.468,1.497,91.782,-0.066,0.024,3.0
443,-0.448,-0.469,1.497,92.382,-0.018,0.009,3.0
444,-0.453,-0.470,1.497,93.040,0.020,-0.001,3.0
445,-0.457,-0.471,1.497,93.005,0.040,-0.008,3.0
446,-0.462,-0.471,1.497,92.822,0.040,-0.012,3.0
447,-0.466,-0.472,1.497,92.510,0.031,-0.013,3.0
448,-0.471,-0.473,1.497,92.126,0.019,-0.007,3.0
449,-0.476,-0.473,1.497,91.690,0.004,-0.002,3.0
450,-0.481,-0.474,1.497,91.186,-0.008,0.002,3.0
451,-0.485,-0.474,1.497,90.629,-0.016,0.006,3.0
452,-0.490,-0.475,1.497,90.045,-0.017,0.010,3.0
453,-0.495,-0.475,1.497,90.094,-0.019,0.009,3.0
454,-0.500,-0.476,1.497,90.302,-0.018,0.007,3.0
455,-0.504,-0.477,1.497,90.623,-0.015,0.007,3.0
456,-0.509,-0.478,1.497,91.026,-0.201,0.077,3.0
457,-0.513,-0.479,1.497,91.501,-0.321,0.120,3.0
458,-0.517,-0.481,1.497,92.017,-0.141,0.051,3.0
459,-0.521,-0.485,1.497,92.592,-0.129,0.046,3.0
460,-0.525,-0.488,1.497,92.476,-0.119,0.043,3.0
461,-0.528,-0.492,1.497,92.248,-0.089,0.033,3.0
462,-0.532,-0.496,1.497,91.912,-0.052,0.020,3.0
463,-0.535,-0.501,1.497,91.491,0.171,-0.066,3.0
464,-0.539,-0.504,1.497,91.004,0.321,-0.126,3.0
465,-0.543,-0.507,1.497,90.467,0.350,-0.142,3.0
466,-0.547,-0.509,1.497,89.896,0.289,-0.121,3.0
467,-0.552,-0.510,1.497,89.960,0.178,-0.081,3.0
468,-0.557,-0.510,1.497,90.163,0.059,-0.033,3.0
469,-0.562,-0.509,1.497,90.491,-0.039,0.009,3.0
470,-0.568,-0.509,1.497,90.913,-0.102,0.036,3.0
471,-0.573,-0.510,1.497,91.412,-0.121,0.046,3.0
472,-0.578,-0.510,1.497,91.936,-0.112,0.045,3.0
473,-0.583,-0.511,1.497,91.808,-0.075,0.031,3.0
474,-0.587,-0.512,1.497,91.553,-0.213,0.096,3.0
475,-0.592,-0.514,1.497,91.198,-0.291,0.135,3.0
476,-0.596,-0.517,1.497,90.771,-0.278,0.134,3.0
477,-0.599,-0.521,1.497,90.296,-0.200,0.101,3.0
478,-0.603,-0.526,1.497,89.779,-0.092,0.050,3.0
479,-0.606,-0.531,1.497,89.216,0.004,0.001,3.0
480,-0.609,-0.536,1.497,89.325,0.260,-0.118,3.0
481,-0.612,-0.540,1.497,89.593,0.412,-0.190,3.0
482,-0.616,-0.543,1.497,90.005,0.421,-0.194,3.0
483,-0.621,-0.544,1.497,90.514,0.324,-0.149,3.0
484,-0.626,-0.544,1.497,91.100,0.175,-0.081,3.0
485,-0.631,-0.544,1.497,91.744,0.025,-0.014,3.0
486,-0.637,-0.543,1.497,92.428,-0.087,0.030,3.0
487,-0.642,-0.543,1.497,93.131,-0.143,0.046,3.0
488,-0.648,-0.543,1.497,93.858,-0.151,0.042,3.0
489,-0.653,-0.544,1.497,93.907,-0.118,0.026,3.0
490,-0.658,-0.545,1.497,93.713,-0.072,0.012,3.0
491,-0.663,-0.546,1.497,93.331,-0.023,-0.001,3.0
492,-0.668,-0.548,1.497,92.820,0.015,-0.009,3.0
493,-0.673,-0.549,1.497,92.215,0.035,-0.012,3.0
494,-0.678,-0.551,1.497,91.547,-0.142,0.089,3.0
495,-0.683,-0.552,1.497,90.838,-0.264,0.157,3.0
496,-0.687,-0.555,1.497,90.104,-0.288,0.170,3.0
497,-0.691,-0.559,1.497,90.054,-0.038,0.031,3.0
498,-0.694,-0.562,1.497,90.154,0.188,-0.094,3.0
499,-0.698,-0.566,1.497,90.393,0.305,-0.158,3.0
500,-0.703,-0.568,1.497,90.742,0.309,-0.161,3.0
501,-0.707,-0.569,1.497,91.192,0.224,-0.116,3.0
502,-0.713,-0.569,1.497,91.730,0.099,-0.048,3.0
503,-0.718,-0.569,1.497,92.330,-0.016,0.014,3.0
504,-0.724,-0.569,1.497,92.954,-0.092,0.053,3.0
505,-0.729,-0.570,1.497,93.600,-0.120,0.068,3.0
506,-0.735,-0.571,1.497,93.599,-0.106,0.061,3.0
507,-0.740,-0.572,1.497,93.456,-0.065,0.041,3.0
508,-0.744,-0.573,1.497,93.185,-0.019,0.017,3.0
509,-0.749,-0.574,1.497,92.818,0.017,-0.001,3.0
510,-0.754,-0.576,1.497,92.372,0.035,-0.010,3.0
511,-0.759,-0.577,1.497,91.860,0.035,-0.010,3.0
512,-0.764,-0.578,1.497,91.293,-0.148,0.108,3.0
513,-0.768,-0.580,1.497,90.674,-0.274,0.193,3.0
514,-0.772,-0.582,1.497,90.011,-0.296,0.213,3.0
515,-0.775,-0.585,1.497,90.006,-0.236,0.177,3.0
516,-0.777,-0.590,1.497,90.128,-0.130,0.109,3.0
517,-0.780,-0.594,1.498,90.366,0.141,-0.083,3.0
518,-0.782,-0.599,1.498,90.692,0.328,-0.217,3.0
519,-0.785,-0.602,1.498,91.094,0.377,-0.255,3.0
520,-0.789,-0.604,1.498,91.588,0.308,-0.210,3.0
521,-0.794,-0.605,1.498,92.173,0.170,-0.118,3.0
522,-0.799,-0.606,1.498,92.005,0.029,-0.014,3.0
523,-0.804,-0.606,1.498,91.706,-0.076,0.063,3.0
524,-0.809,-0.607,1.498,91.317,-0.127,0.097,3.0
525,-0.814,-0.607,1.498,90.873,-0.124,0.092,3.0
526,-0.819,-0.609,1.498,90.383,-0.085,0.062,3.0
527,-0.823,-0.610,1.498,89.852,-0.031,0.023,3.0
528,-0.827,-0.612,1.498,89.273,-0.137,0.120,3.0
529,-0.831,-0.615,1.498,89.334,-0.211,0.184,3.0
530,-0.834,-0.617,1.498,89.541,-0.215,0.190,3.0
531,-0.837,-0.621,1.498,89.848,-0.163,0.151,3.0
532,-0.839,-0.625,1.498,90.214,0.066,-0.047,3.0
533,-0.841,-0.629,1.498,90.626,0.243,-0.199,3.0
534,-0.844,-0.633,1.498,91.075,0.311,-0.257,3.0
535,-0.847,-0.635,1.498,91.594,0.273,-0.225,3.0
536,-0.852,-0.637,1.498,91.466,0.172,-0.137,3.0
537,-0.857,-0.637,1.498,91.200,0.051,-0.036,3.0
538,-0.862,-0.638,1.498,90.839,-0.047,0.045,3.0
539,-0.867,-0.639,1.498,90.421,-0.101,0.088,3.0
540,-0.872,-0.640,1.498,89.961,-0.107,0.093,3.0
541,-0.877,-0.641,1.498,89.467,-0.079,0.070,3.0
542,-0.881,-0.643,1.498,88.938,-0.036,0.036,3.0
543,-0.885,-0.645,1.498,88.990,-0.131,0.156,3.0
544,-0.888,-0.647,1.498,89.179,-0.192,0.232,3.0
545,-0.891,-0.650,1.498,89.488,-0.192,0.234,3.0
546,-0.893,-0.654,1.498,89.857,-0.145,0.178,3.0
547,-0.895,-0.658,1.498,90.262,-0.075,0.096,3.0
548,-0.896,-0.662,1.498,90.704,-0.008,0.018,3.0
549,-0.897,-0.667,1.498,91.193,0.171,-0.186,3.0
550,-0.899,-0.670,1.498,91.099,0.269,-0.313,3.0
551,-0.901,-0.674,1.498,90.861,0.269,-0.322,3.0
552,-0.905,-0.676,1.498,90.472,0.194,-0.236,3.0
553,-0.910,-0.677,1.498,89.965,0.086,-0.107,3.0
554,-0.915,-0.678,1.498,89.373,-0.012,0.016,3.0
555,-0.920,-0.680,1.498,88.733,-0.072,0.094,3.0
556,-0.925,-0.681,1.498,88.075,-0.090,0.122,3.0
557,-0.929,-0.683,1.498,88.093,-0.190,0.270,3.0
558,-0.932,-0.685,1.498,88.235,-0.229,0.334,3.0
559,-0.935,-0.689,1.498,88.486,-0.197,0.296,3.0
560,-0.936,-0.692,1.498,88.795,-0.121,0.193,3.0
561,-0.937,-0.697,1.498,89.150,-0.035,0.073,3.0
562,-0.937,-0.701,1.498,89.557,0.033,-0.025,3.0
563,-0.938,-0.706,1.498,90.025,0.069,-0.078,3.0
564,-0.939,-0.710,1.498,89.883,0.182,-0.256,3.0
565,-0.940,-0.714,1.498,89.602,0.233,-0.346,3.0
566,-0.943,-0.717,1.498,89.210,0.207,-0.322,3.0
567,-0.947,-0.719,1.498,88.708,0.133,-0.218,3.0
568,-0.951,-0.721,1.498,88.117,0.043,-0.085,3.0
569,-0.956,-0.722,1.498,87.468,-0.031,0.030,3.0
570,-0.961,-0.724,1.498,87.556,-0.068,0.082,3.0
571,-0.966,-0.725,1.498,87.780,-0.074,0.094,3.0
572,-0.970,-0.728,1.498,88.114,-0.057,0.077,3.0
573,-0.974,-0.730,1.498,88.528,-0.029,0.046,3.0
574,-0.978,-0.732,1.498,89.008,-0.091,0.194,3.0
575,-0.982,-0.735,1.498,89.543,-0.131,0.286,3.0
576,-0.984,-0.738,1.498,90.126,-0.130,0.285,3.0
577,-0.985,-0.742,1.498,90.054,-0.098,0.213,3.0
578,-0.986,-0.746,1.498,89.859,-0.050,0.110,3.0
579,-0.986,-0.750,1.498,89.558,-0.004,0.014,3.0
580,-0.986,-0.754,1.498,89.173,0.027,-0.049,3.0
581,-0.987,-0.758,1.498,88.708,0.038,-0.072,3.0
582,-0.987,-0.762,1.498,88.171,0.111,-0.246,3.0
583,-0.989,-0.766,1.498,87.575,0.146,-0.344,3.0
584,-0.991,-0.769,1.498,86.931,0.130,-0.329,3.0
585,-0.995,-0.772,1.498,86.215,0.083,-0.234,3.0
586,-0.999,-0.774,1.498,86.260,0.020,-0.107,3.0
587,-1.004,-0.776,1.498,86.469,-0.030,0.010,3.0
588,-1.009,-0.778,1.498,86.813,-0.058,0.087,3.0
589,-1.013,-0.781,1.498,87.238,-0.061,0.117,3.0
590,-1.018,-0.783,1.499,87.723,-0.100,0.299,3.0
591,-1.021,-0.786,1.499,88.250,-0.112,0.384,3.0
592,-1.023,-0.790,1.499,88.814,-0.092,0.349,3.0
593,-1.024,-0.794,1.499,89.390,-0.054,0.234,3.0
594,-1.023,-0.798,1.499,89.384,-0.018,0.092,3.0
595,-1.023,-0.802,1.499,89.245,0.011,-0.027,3.0
596,-1.023,-0.806,1.499,88.978,0.028,-0.095,3.0
597,-1.023,-0.810,1.499,88.606,0.031,-0.107,3.0
598,-1.023,-0.814,1.499,88.141,0.023,-0.077,3.0
599,-1.023,-0.818,1.499,87.602,0.011,-0.027,3.0
600,-1.024,-0.821,1.499,87.006,0.039,-0.179,3.0
601,-1.025,-0.825,1.499,86.368,0.052,-0.281,3.0
602,-1.028,-0.828,1.499,85.693,0.045,-0.289,3.0
603,-1.031,-0.832,1.499,85.725,0.026,-0.226,3.0
604,-1.035,-0.835,1.499,85.929,0.005,-0.127,3.0
605,-1.039,-0.838,1.499,86.272,-0.012,-0.027,3.0
606,-1.044,-0.841,1.499,86.709,-0.023,0.049,3.0
607,-1.048,-0.844,1.499,87.217,-0.026,0.091,3.0
608,-1.052,-0.847,1.499,87.771,-0.040,0.297,3.0
609,-1.055,-0.850,1.499,88.360,-0.044,0.402,3.0
610,-1.057,-0.854,1.499,80.666,-0.030,0.375,3.0
611,-1.058,-0.858,1.499,72.730,0.006,0.240,3.0
612,-1.057,-0.862,1.499,67.456,0.062,0.069,3.0
613,-1.057,-0.866,1.499,63.402,0.094,-0.074,3.0
614,-1.056,-0.870,1.499,61.306,0.075,-0.163,3.0
615,-1.056,-0.873,1.499,60.757,-0.056,-0.386,3.0
616,-1.057,-0.876,1.499,61.744,-0.172,-0.505,3.0
617,-1.060,-0.878,1.499,64.093,-0.235,-0.476,3.0
618,-1.064,-0.881,1.499,67.606,-0.229,-0.350,3.0
619,-1.070,-0.883,1.499,72.030,-0.154,-0.185,3.0
620,-1.077,-0.886,1.499,76.959,-0.038,-0.021,3.0
621,-1.084,-0.890,1.499,82.022,0.066,0.115,3.0
622,-1.091,-0.893,1.499,87.021,0.115,0.209,3.0
623,-1.097,-0.895,1.499,91.809,0.118,0.445,3.0
624,-1.101,-0.898,1.499,96.172,0.080,0.554,3.0
625,-1.104,-0.899,1.499,99.936,-0.007,0.514,3.0
626,-1.105,-0.901,1.499,103.015,-0.116,0.374,3.0
627,-1.104,-0.902,1.499,104.996,-0.199,0.193,3.0
628,-1.103,-0.904,1.499,106.058,-0.222,0.025,3.0
629,-1.101,-0.907,1.499,106.290,-0.185,-0.097,3.0
630,-1.100,-0.910,1.499,105.684,-0.108,-0.150,3.0
631,-1.099,-0.914,1.499,104.332,-0.022,-0.137,3.0
632,-1.098,-0.918,1.499,102.336,0.046,-0.081,3.0
633,-1.098,-0.922,1.499,99.838,0.077,-0.013,3.0
634,-1.097,-0.926,1.499,96.990,0.071,0.040,3.0
635,-1.097,-0.930,1.499,93.829,0.043,0.065,3.0
636,-1.096,-0.933,1.499,90.589,0.010,0.057,3.0
637,-1.095,-0.937,1.499,87.415,-0.014,0.028,3.0
638,-1.094,-0.940,1.499,84.454,-0.025,-0.007,3.0
639,-1.093,-0.944,1.499,81.811,-0.026,-0.033,3.0
640,-1.093,-0.947,1.499,79.528,-0.022,-0.045,3.0
641,-1.092,-0.951,1.499,78.169,-0.018,-0.043,3.0
642,-1.092,-0.955,1.499,77.297,-0.014,-0.032,3.0
643,-1.091,-0.958,1.499,76.981,-0.009,-0.018,3.0
644,-1.091,-0.962,1.499,77.178,-0.003,-0.006,3.0
645,-1.091,-0.966,1.499,77.848,0.001,0.003,3.0
646,-1.090,-0.970,1.499,78.924,0.004,0.008,3.0
647,-1.090,-0.973,1.499,80.329,0.006,0.009,3.0
648,-1.090,-0.977,1.499,81.976,0.006,0.008,3.0
649,-1.089,-0.981,1.499,83.773,0.006,0.006,3.0
650,-1.089,-0.985,1.499,85.633,0.005,0.005,3.0
651,-1.089,-0.988,1.499,87.472,0.005,0.006,3.0
652,-1.088,-0.992,1.499,89.224,0.005,0.007,3.0
653,-1.088,-0.996,1.499,90.842,0.005,0.009,3.0
654,-1.087,-1.000,1.499,92.319,0.006,0.011,3.0
655,-1.087,-1.003,1.499,92.992,0.006,0.013,3.0
656,-1.086,-1.007,1.499,93.395,0.006,0.013,3.0
657,-1.085,-1.011,1.499,93.497,0.006,0.012,3.0
658,-1.085,-1.014,1.499,93.333,0.006,0.010,3.0
659,-1.084,-1.018,1.499,92.929,0.005,0.007,3.0
660,-1.083,-1.021,1.499,92.321,0.004,0.004,3.0
661,-1.083,-1.025,1.499,91.549,0.003,0.002,3.0
662,-1.082,-1.029,1.499,90.658,0.002,-0.001,3.0
663,-1.081,-1.032,1.499,89.691,0.002,-0.002,3.0
664,-1.080,-1.036,1.499,88.690,0.002,-0.003,3.0
665,-1.080,-1.039,1.499,87.687,0.001,-0.003,3.0
666,-1.079,-1.043,1.499,86.705,0.001,-0.003,3.0
667,-1.078,-1.047,1.499,85.749,0.001,-0.003,3.0
668,-1.078,-1.050,1.499,84.798,0.000,-0.004,3.0
669,-1.077,-1.054,1.499,84.557,0.000,-0.003,3.0
670,-1.076,-1.057,1.499,84.532,0.000,-0.003,3.0
671,-1.076,-1.061,1.499,84.718,0.000,-0.002,3.0
672,-1.075,-1.065,1.499,85.071,0.000,-0.002,3.0
673,-1.074,-1.068,1.499,85.563,0.001,-0.001,3.0
674,-1.074,-1.072,1.499,86.165,0.001,-0.001,3.0
675,-1.073,-1.076,1.499,86.849,0.002,-0.000,3.0
676,-1.072,-1.079,1.499,87.589,0.002,0.001,3.0
677,-1.072,-1.083,1.499,88.363,0.002,0.001,3.0
678,-1.071,-1.087,1.499,89.157,0.003,0.002,3.0
679,-1.070,-1.090,1.499,89.964,0.003,0.002,3.0
680,-1.070,-1.094,1.499,90.790,0.003,0.003,3.0
681,-1.069,-1.097,1.499,90.914,0.003,0.002,3.0
682,-1.068,-1.101,1.499,90.861,0.003,0.001,3.0
683,-1.067,-1.105,1.499,90.649,0.002,0.001,3.0
684,-1.067,-1.108,1.499,90.317,0.002,0.000,3.0
685,-1.066,-1.112,1.499,89.891,0.002,0.000,3.0
686,-1.065,-1.116,1.499,89.389,0.002,0.000,3.0
687,-1.065,-1.119,1.499,88.831,0.002,-0.000,3.0
688,-1.064,-1.123,1.499,88.231,0.003,-0.000,3.0
689,-1.063,-1.126,1.499,87.594,0.003,-0.000,3.0
690,-1.062,-1.130,1.499,86.919,0.002,-0.000,3.0
691,-1.062,-1.134,1.499,86.923,0.002,0.001,3.0
692,-1.061,-1.137,1.499,87.089,0.002,0.001,3.0
693,-1.060,-1.141,1.499,87.395,0.002,0.001,3.0
694,-1.060,-1.144,1.499,87.803,0.002,0.001,3.0
695,-1.059,-1.148,1.499,88.292,0.002,0.001,3.0
696,-1.058,-1.152,1.499,88.842,0.002,0.000,3.0
697,-1.057,-1.155,1.499,89.440,0.002,0.000,3.0
698,-1.057,-1.159,1.499,90.078,0.002,0.000,3.0
699,-1.056,-1.162,1.499,90.753,0.002,0.000,3.0
700,-1.055,-1.166,1.499,90.751,0.002,-0.001,3.0
701,-1.054,-1.170,1.499,90.601,0.002,-0.001,3.0
702,-1.054,-1.173,1.499,90.326,0.002,-0.002,3.0
703,-1.053,-1.177,1.499,89.961,0.002,-0.002,3.0
704,-1.052,-1.180,1.499,89.524,0.002,-0.002,3.0
705,-1.051,-1.184,1.499,89.028,0.002,-0.002,3.0
706,-1.051,-1.188,1.499,88.481,0.002,-0.002,3.0
707,-1.050,-1.191,1.499,87.885,0.002,-0.001,3.0
708,-1.049,-1.195,1.499,87.959,0.002,0.001,3.0
709,-1.048,-1.198,1.499,88.178,0.002,0.002,3.0
710,-1.048,-1.202,1.499,88.519,0.003,0.002,3.0
711,-1.047,-1.206,1.499,88.947,0.003,0.002,3.0
712,-1.046,-1.209,1.499,89.444,0.003,0.002,3.0
713,-1.045,-1.213,1.499,89.994,0.003,0.002,3.0
714,-1.045,-1.216,1.499,90.589,0.002,0.002,3.0
715,-1.044,-1.220,1.499,91.227,0.002,0.001,3.0
716,-1.043,-1.224,1.499,91.193,0.002,0.001,3.0
717,-1.042,-1.227,1.499,91.014,0.002,-0.000,3.0
718,-1.042,-1.231,1.499,90.713,0.002,-0.000,3.0
719,-1.041,-1.234,1.499,90.323,0.002,-0.001,3.0
720,-1.040,-1.238,1.499,89.864,0.002,-0.001,3.0
721,-1.039,-1.242,1.499,89.342,0.002,-0.000,3.0
722,-1.038,-1.245,1.499,88.770,0.002,0.000,3.0
723,-1.038,-1.249,1.499,88.153,0.002,0.000,3.0
724,-1.037,-1.252,1.499,88.209,0.002,0.001,3.0
725,-1.036,-1.256,1.499,88.407,0.002,0.001,3.0
726,-1.035,-1.259,1.499,88.725,0.002,0.001,3.0
727,-1.034,-1.263,1.499,89.132,0.002,0.001,3.0
728,-1.034,-1.267,1.499,89.610,0.002,0.001,3.0
729,-1.033,-1.270,1.499,90.146,0.002,0.001,3.0
730,-1.032,-1.274,1.499,90.727,0.002,0.001,3.0
731,-1.031,-1.277,1.499,91.376,0.001,-0.003,3.0
732,-1.030,-1.281,1.499,92.062,0.001,-0.005,3.0
733,-1.029,-1.285,1.499,92.066,0.001,-0.006,3.0
734,-1.029,-1.288,1.499,91.929,0.001,-0.006,3.0
735,-1.028,-1.292,1.499,91.673,0.001,-0.004,3.0
736,-1.027,-1.295,1.499,91.328,0.002,-0.002,3.0
737,-1.026,-1.299,1.499,90.910,0.002,-0.000,3.0
738,-1.026,-1.303,1.499,90.430,0.002,0.000,3.0
739,-1.025,-1.306,1.499,89.896,0.002,0.000,3.0
740,-1.024,-1.310,1.499,90.027,0.002,0.001,3.0
741,-1.023,-1.313,1.499,90.286,0.002,0.001,3.0
742,-1.023,-1.317,1.499,90.649,0.002,0.001,3.0
743,-1.022,-1.320,1.499,91.087,0.002,0.000,3.0
744,-1.021,-1.324,1.499,91.588,0.002,0.000,3.0
745,-1.020,-1.328,1.499,92.141,0.002,0.001,3.0
746,-1.019,-1.331,1.499,92.744,0.002,0.001,3.0
747,-1.019,-1.335,1.499,92.676,0.002,0.000,3.0
748,-1.018,-1.338,1.499,92.466,0.002,-0.000,3.0
749,-1.017,-1.342,1.499,92.140,0.002,-0.001,3.0
750,-1.016,-1.346,1.499,91.731,0.002,-0.001,3.0
751,-1.016,-1.349,1.499,91.256,0.002,-0.001,3.0
752,-1.015,-1.353,1.499,90.727,0.002,-0.001,3.0
753,-1.014,-1.356,1.499,90.149,0.002,-0.001,3.0
754,-1.013,-1.360,1.499,90.240,0.002,-0.000,3.0
755,-1.012,-1.364,1.499,90.467,0.002,0.001,3.0
756,-1.012,-1.367,1.499,90.805,0.002,0.001,3.0
757,-1.011,-1.371,1.499,91.225,0.002,0.001,3.0
758,-1.010,-1.374,1.499,91.710,0.002,0.002,3.0
759,-1.009,-1.378,1.499,92.251,0.002,0.002,3.0
760,-1.008,-1.382,1.499,92.839,0.002,0.002,3.0
761,-1.008,-1.385,1.499,92.758,0.002,0.001,3.0
762,-1.007,-1.389,1.499,92.543,0.002,0.000,3.0
763,-1.006,-1.392,1.499,92.220,0.002,-0.000,3.0
764,-1.005,-1.396,1.499,91.817,0.002,-0.001,3.0
765,-1.004,-1.399,1.499,91.349,0.002,-0.001,3.0
766,-1.004,-1.403,1.499,90.825,0.002,-0.001,3.0
767,-1.003,-1.407,1.499,90.250,0.002,-0.001,3.0
768,-1.002,-1.410,1.499,90.343,0.002,0.000,3.0
769,-1.001,-1.414,1.499,90.576,0.002,0.001,3.0
770,-1.000,-1.417,1.499,90.925,0.002,0.001,3.0
771,-0.999,-1.421,1.499,91.355,0.002,0.002,3.0
772,-0.999,-1.424,1.499,91.850,0.002,0.002,3.0
773,-0.998,-1.428,1.499,92.398,0.002,0.002,3.0
774,-0.997,-1.432,1.499,92.992,0.003,0.002,3.0
775,-0.996,-1.435,1.499,92.916,0.002,0.001,3.0
776,-0.995,-1.439,1.499,92.706,0.002,0.001,3.0
777,-0.994,-1.442,1.499,92.386,0.002,0.000,3.0
778,-0.993,-1.446,1.499,91.985,0.002,-0.000,3.0
779,-0.993,-1.449,1.499,91.517,0.002,-0.000,3.0
780,-0.992,-1.453,1.499,90.994,0.002,-0.000,3.0
781,-0.991,-1.457,1.499,90.420,0.002,-0.000,3.0
782,-0.990,-1.460,1.499,90.513,0.002,0.000,3.0
783,-0.989,-1.464,1.499,90.012,0.003,0.005,3.0
784,-0.988,-1.467,1.499,90.143,0.004,0.008,3.0
785,-0.987,-1.471,1.499,90.397,0.004,0.009,3.0
786,-0.986,-1.474,1.499,90.744,0.004,0.007,3.0
787,-0.985,-1.478,1.499,91.164,0.003,0.004,3.0
788,-0.984,-1.481,1.499,91.647,0.002,0.002,3.0
789,-0.983,-1.485,1.499,92.186,0.002,0.000,3.0
790,-0.982,-1.488,1.499,92.043,0.003,0.008,3.0
791,-0.981,-1.492,1.499,91.739,0.003,0.013,3.0
792,-0.980,-1.495,1.499,91.293,0.003,0.013,3.0
793,-0.979,-1.499,1.499,90.759,0.002,0.009,3.0
794,-0.978,-1.502,1.499,90.161,0.001,0.003,3.0
795,-0.977,-1.506,1.499,89.522,-0.000,-0.004,3.0
796,-0.976,-1.510,1.499,88.852,-0.001,-0.008,3.0
797,-0.975,-1.513,1.499,88.151,-0.002,-0.011,3.0
798,-0.973,-1.517,1.499,88.133,-0.001,-0.011,3.0
799,-0.972,-1.520,1.499,88.271,-0.000,-0.008,3.0
800,-0.971,-1.524,1.499,88.550,0.001,-0.005,3.0
801,-0.970,-1.527,1.499,88.935,0.002,-0.002,3.0
802,-0.969,-1.531,1.499,89.403,0.002,0.001,3.0
803,-0.968,-1.534,1.499,89.937,0.002,0.003,3.0
804,-0.967,-1.538,1.499,90.523,0.003,0.004,3.0
805,-0.966,-1.541,1.499,91.150,0.003,0.004,3.0
806,-0.965,-1.545,1.499,91.817,0.003,0.004,3.0
807,-0.964,-1.549,1.499,91.802,0.003,0.003,3.0
808,-0.963,-1.552,1.499,91.639,0.003,0.001,3.0
809,-0.962,-1.556,1.499,91.348,0.003,0.001,3.0
810,-0.961,-1.559,1.499,90.965,0.003,0.000,3.0
811,-0.960,-1.563,1.499,90.507,0.003,0.000,3.0
812,-0.959,-1.566,1.499,89.990,0.003,0.000,3.0
813,-0.958,-1.570,1.499,89.424,0.003,0.000,3.0
814,-0.956,-1.573,1.499,88.813,0.002,0.000,3.0
815,-0.955,-1.577,1.499,88.872,0.002,0.001,3.0
816,-0.954,-1.580,1.499,89.069,0.002,0.001,3.0
817,-0.953,-1.584,1.499,89.381,0.002,0.001,3.0
818,-0.952,-1.587,1.499,89.775,0.002,0.001,3.0
819,-0.951,-1.591,1.499,90.238,0.002,0.001,3.0
820,-0.950,-1.594,1.499,90.756,0.004,0.000,3.0
821,-0.949,-1.598,1.499,91.324,0.006,-0.001,3.0
822,-0.947,-1.601,1.499,91.227,0.009,-0.003,3.0
823,-0.946,-1.605,1.499,90.997,0.011,-0.004,3.0
824,-0.945,-1.608,1.499,90.660,0.013,-0.005,3.0
825,-0.944,-1.612,1.499,90.245,0.013,-0.006,3.0
826,-0.943,-1.615,1.499,89.767,0.013,-0.006,3.0
827,-0.942,-1.618,1.499,89.236,0.012,-0.006,3.0
828,-0.941,-1.622,1.499,88.654,0.011,-0.006,3.0
829,-0.940,-1.625,1.499,88.738,0.011,-0.005,3.0
830,-0.939,-1.628,1.499,88.962,0.011,-0.005,3.0
831,-0.938,-1.631,1.499,89.302,0.011,-0.004,3.0
832,-0.937,-1.634,1.499,89.726,0.011,-0.003,3.0
833,-0.936,-1.638,1.499,90.215,0.012,-0.003,3.0
834,-0.935,-1.641,1.499,90.757,0.012,-0.002,3.0
835,-0.934,-1.644,1.499,91.345,0.012,-0.002,3.0
836,-0.933,-1.647,1.499,91.266,0.012,-0.002,3.0
837,-0.932,-1.650,1.499,91.055,0.011,-0.002,3.0
838,-0.931,-1.653,1.499,90.736,0.011,-0.002,3.0
839,-0.930,-1.656,1.499,90.338,0.010,-0.003,3.0
840,-0.929,-1.658,1.499,89.873,0.010,-0.004,3.0
841,-0.928,-1.661,1.499,89.353,0.010,-0.004,3.0
842,-0.928,-1.664,1.499,88.781,0.010,-0.005,3.0
843,-0.927,-1.667,1.499,88.875,0.010,-0.004,3.0
844,-0.926,-1.670,1.499,89.105,0.010,-0.004,3.0
845,-0.925,-1.672,1.499,89.447,0.011,-0.004,3.0
846,-0.924,-1.675,1.499,89.870,0.011,-0.003,3.0
847,-0.923,-1.678,1.499,90.357,0.010,-0.002,3.0
848,-0.922,-1.680,1.499,90.896,0.010,-0.002,3.0
849,-0.922,-1.683,1.499,91.483,0.010,-0.001,3.0
850,-0.921,-1.686,1.499,91.404,0.010,-0.001,3.0
851,-0.920,-1.688,1.499,91.189,0.009,-0.002,3.0
852,-0.919,-1.691,1.499,90.862,0.009,-0.002,3.0
853,-0.918,-1.693,1.499,90.454,0.009,-0.003,3.0
854,-0.918,-1.696,1.499,89.981,0.009,-0.004,3.0
855,-0.917,-1.698,1.499,89.453,0.009,-0.004,3.0
856,-0.916,-1.700,1.499,88.875,0.009,-0.005,3.0
857,-0.915,-1.703,1.499,88.963,0.009,-0.004,3.0
858,-0.914,-1.705,1.499,89.186,0.009,-0.004,3.0
859,-0.914,-1.708,1.499,89.520,0.009,-0.004,3.0
860,-0.913,-1.710,1.499,89.934,0.009,-0.003,3.0
861,-0.912,-1.712,1.499,90.412,0.009,-0.002,3.0
862,-0.912,-1.714,1.499,90.945,0.009,-0.002,3.0
863,-0.911,-1.717,1.499,91.527,0.009,-0.001,3.0
864,-0.910,-1.719,1.499,91.442,0.008,-0.001,3.0
865,-0.909,-1.721,1.499,91.221,0.008,-0.001,3.0
866,-0.909,-1.723,1.499,90.889,0.008,-0.002,3.0
867,-0.908,-1.725,1.499,90.475,0.008,-0.002,3.0
868,-0.907,-1.727,1.499,89.997,0.008,-0.003,3.0
869,-0.907,-1.730,1.499,89.464,0.008,-0.003,3.0
870,-0.906,-1.732,1.499,88.883,0.007,-0.004,3.0
871,-0.905,-1.734,1.499,88.968,0.008,-0.004,3.0
872,-0.905,-1.736,1.499,89.189,0.008,-0.003,3.0
873,-0.904,-1.738,1.499,89.520,0.008,-0.003,3.0
874,-0.903,-1.740,1.499,89.932,0.008,-0.003,3.0
875,-0.903,-1.742,1.499,90.409,0.008,-0.002,3.0
876,-0.902,-1.744,1.499,90.941,0.007,-0.001,3.0
877,-0.902,-1.745,1.499,91.521,0.007,-0.001,3.0
878,-0.901,-1.747,1.499,91.436,0.007,-0.001,3.0
879,-0.900,-1.749,1.499,91.214,0.007,-0.001,3.0
880,-0.900,-1.751,1.499,90.881,0.007,-0.001,3.0
881,-0.899,-1.753,1.499,90.467,0.007,-0.002,3.0
882,-0.899,-1.755,1.499,89.988,0.006,-0.002,3.0
883,-0.898,-1.756,1.499,89.455,0.006,-0.003,3.0
884,-0.897,-1.758,1.499,88.873,0.006,-0.004,3.0
885,-0.897,-1.760,1.499,88.958,0.006,-0.004,3.0
886,-0.896,-1.762,1.499,89.179,0.007,-0.003,3.0
887,-0.896,-1.763,1.499,89.511,0.007,-0.003,3.0
888,-0.895,-1.765,1.499,89.924,0.007,-0.002,3.0
889,-0.895,-1.767,1.499,90.402,0.006,-0.002,3.0
890,-0.894,-1.768,1.499,90.935,0.006,-0.001,3.0
891,-0.894,-1.770,1.499,91.516,0.006,-0.000,3.0
892,-0.893,-1.772,1.499,91.431,0.006,-0.000,3.0
893,-0.893,-1.773,1.499,91.210,0.006,-0.001,3.0
894,-0.892,-1.775,1.499,90.877,0.006,-0.001,3.0
895,-0.892,-1.776,1.499,90.464,0.006,-0.001,3.0
896,-0.891,-1.778,1.499,89.986,0.006,-0.002,3.0
897,-0.891,-1.780,1.499,89.454,0.005,-0.003,3.0
898,-0.890,-1.781,1.499,88.872,0.005,-0.003,3.0
899,-0.890,-1.783,1.499,88.957,0.006,-0.003,3.0
900,-0.889,-1.784,1.499,89.179,0.006,-0.003,3.0
901,-0.889,-1.785,1.499,89.512,0.006,-0.003,3.0
902,-0.888,-1.787,1.499,89.926,0.006,-0.002,3.0
903,-0.888,-1.788,1.499,90.405,0.006,-0.002,3.0
904,-0.887,-1.790,1.499,90.938,0.005,-0.001,3.0
905,-0.887,-1.791,1.499,91.520,0.005,-0.000,3.0
906,-0.886,-1.793,1.499,91.435,0.005,-0.000,3.0
907,-0.886,-1.794,1.499,91.214,0.005,-0.000,3.0
908,-0.886,-1.795,1.499,90.882,0.005,-0.000,3.0
909,-0.885,-1.797,1.499,90.469,0.005,-0.001,3.0
910,-0.885,-1.798,1.499,89.990,0.005,-0.002,3.0
911,-0.884,-1.799,1.499,89.458,0.005,-0.002,3.0
912,-0.884,-1.801,1.499,88.876,0.005,-0.003,3.0
913,-0.883,-1.802,1.499,88.961,0.005,-0.003,3.0
914,-0.883,-1.803,1.499,89.183,0.005,-0.003,3.0
915,-0.883,-1.804,1.499,89.516,0.005,-0.003,3.0
916,-0.882,-1.806,1.499,89.930,0.005,-0.002,3.0
917,-0.882,-1.807,1.499,90.408,0.005,-0.001,3.0
918,-0.881,-1.808,1.499,90.941,0.005,-0.001,3.0
919,-0.881,-1.809,1.499,91.524,0.005,-0.000,3.0
920,-0.881,-1.810,1.499,91.438,0.004,0.000,3.0
921,-0.880,-1.812,1.499,91.217,0.004,0.000,3.0
922,-0.880,-1.813,1.499,90.884,0.004,-0.000,3.0
923,-0.879,-1.814,1.499,90.470,0.004,-0.001,3.0
924,-0.879,-1.815,1.499,89.991,0.004,-0.001,3.0
925,-0.879,-1.816,1.499,89.458,0.004,-0.002,3.0
926,-0.878,-1.817,1.499,88.876,0.004,-0.003,3.0
927,-0.878,-1.818,1.499,88.961,0.004,-0.003,3.0
928,-0.878,-1.819,1.499,89.183,0.004,-0.003,3.0
929,-0.877,-1.820,1.499,89.515,0.004,-0.003,3.0
930,-0.877,-1.822,1.499,89.929,0.004,-0.002,3.0
931,-0.877,-1.823,1.499,90.407,0.004,-0.001,3.0
932,-0.876,-1.824,1.499,90.940,0.004,-0.001,3.0
933,-0.876,-1.825,1.499,91.522,0.004,0.000,3.0
934,-0.876,-1.826,1.499,91.437,0.004,0.000,3.0
935,-0.875,-1.827,1.499,91.215,0.004,0.000,3.0
936,-0.875,-1.828,1.499,90.882,0.004,0.000,3.0
937,-0.875,-1.829,1.499,90.467,0.003,-0.000,3.0
938,-0.874,-1.830,1.499,89.988,0.003,-0.001,3.0
939,-0.874,-1.831,1.499,89.454,0.003,-0.002,3.0
940,-0.874,-1.832,1.499,88.872,0.003,-0.002,3.0
941,-0.873,-1.832,1.499,88.957,0.003,-0.003,3.0
942,-0.873,-1.833,1.499,89.178,0.004,-0.003,3.0
943,-0.873,-1.834,1.499,89.510,0.004,-0.002,3.0
944,-0.873,-1.835,1.499,89.924,0.004,-0.002,3.0
945,-0.872,-1.836,1.499,90.402,0.003,-0.001,3.0
946,-0.872,-1.837,1.499,90.935,0.003,-0.000,3.0
947,-0.872,-1.838,1.499,91.517,0.003,0.000,3.0
948,-0.871,-1.839,1.499,91.431,0.003,0.000,3.0
949,-0.871,-1.840,1.499,91.209,0.003,0.000,3.0
950,-0.871,-1.840,1.499,90.876,0.003,0.000,3.0
951,-0.871,-1.841,1.499,90.461,0.003,-0.000,3.0
952,-0.870,-1.842,1.499,89.981,0.003,-0.001,3.0
953,-0.870,-1.843,1.499,89.447,0.003,-0.002,3.0
954,-0.870,-1.844,1.499,88.864,0.003,-0.002,3.0
955,-0.869,-1.845,1.499,88.949,0.003,-0.002,3.0
956,-0.869,-1.845,1.499,89.171,0.003,-0.002,3.0
957,-0.869,-1.846,1.499,89.503,0.003,-0.002,3.0
958,-0.869,-1.847,1.499,89.916,0.003,-0.002,3.0
959,-0.868,-1.848,1.499,90.395,0.003,-0.001,3.0
960,-0.868,-1.848,1.499,90.927,0.003,-0.000,3.0
961,-0.868,-1.849,1.499,91.510,0.003,0.000,3.0
962,-0.868,-1.850,1.499,91.424,0.003,0.001,3.0
963,-0.868,-1.851,1.499,91.202,0.003,0.001,3.0
964,-0.867,-1.851,1.499,90.868,0.003,0.001,3.0
965,-0.867,-1.852,1.499,90.453,0.003,0.000,3.0
966,-0.867,-1.853,1.499,89.973,0.003,-0.001,3.0
967,-0.867,-1.853,1.499,89.439,0.003,-0.001,3.0
968,-0.866,-1.854,1.499,88.856,0.002,-0.002,3.0
969,-0.866,-1.855,1.499,88.941,0.003,-0.002,3.0
970,-0.866,-1.856,1.499,89.162,0.003,-0.002,3.0
971,-0.866,-1.856,1.499,89.494,0.003,-0.002,3.0
972,-0.865,-1.857,1.499,89.907,0.003,-0.002,3.0
973,-0.865,-1.858,1.499,90.386,0.003,-0.001,3.0
974,-0.865,-1.858,1.499,90.918,0.002,-0.000,3.0
975,-0.865,-1.859,1.499,91.501,0.002,0.000,3.0
976,-0.865,-1.859,1.499,91.415,0.002,0.001,3.0
977,-0.864,-1.860,1.499,91.192,0.002,0.001,3.0
978,-0.864,-1.861,1.499,90.858,0.002,0.001,3.0
979,-0.864,-1.861,1.499,90.443,0.002,0.000,3.0
980,-0.864,-1.862,1.499,89.963,0.002,-0.000,3.0
981,-0.864,-1.863,1.499,89.429,0.002,-0.001,3.0
982,-0.863,-1.863,1.499,88.846,0.002,-0.002,3.0
983,-0.863,-1.864,1.499,88.930,0.002,-0.002,3.0
984,-0.863,-1.864,1.499,89.152,0.002,-0.002,3.0
985,-0.863,-1.865,1.499,89.484,0.002,-0.002,3.0
986,-0.863,-1.865,1.499,89.897,0.002,-0.002,3.0
987,-0.862,-1.866,1.499,90.376,0.002,-0.001,3.0
988,-0.862,-1.867,1.499,90.909,0.002,-0.000,3.0
989,-0.862,-1.867,1.499,91.491,0.002,0.000,3.0
990,-0.862,-1.868,1.499,91.405,0.002,0.001,3.0
991,-0.862,-1.868,1.499,91.182,0.002,0.001,3.0
992,-0.862,-1.869,1.499,90.848,0.002,0.001,3.0
993,-0.861,-1.869,1.499,90.433,0.002,0.000,3.0
994,-0.861,-1.870,1.499,89.953,0.002,-0.000,3.0
995,-0.861,-1.870,1.499,89.419,0.002,-0.001,3.0
996,-0.861,-1.871,1.499,88.836,0.002,-0.002,3.0
997,-0.861,-1.871,1.499,88.920,0.002,-0.002,3.0
998,-0.861,-1.872,1.499,89.142,0.002,-0.002,3.0
999,-0.860,-1.872,1.499,89.474,0.002,-0.002,3.0
1000,-0.860,-1.873,1.499,89.887,0.002,-0.002,3.0
1001,-0.860,-1.873,1.499,90.366,0.002,-0.001,3.0
1002,-0.860,-1.874,1.499,90.899,0.002,-0.000,3.0
1003,-0.860,-1.874,1.499,91.482,0.002,0.000,3.0
1004,-0.860,-1.875,1.499,91.396,0.002,0.001,3.0
1005,-0.860,-1.875,1.499,91.173,0.002,0.001,3.0
1006,-0.859,-1.876,1.499,90.839,0.002,0.001,3.0
1007,-0.859,-1.876,1.499,90.424,0.002,0.001,3.0
1008,-0.859,-1.876,1.499,89.944,0.002,-0.000,3.0
1009,-0.859,-1.877,1.499,89.410,0.002,-0.001,3.0
1010,-0.859,-1.877,1.499,88.826,0.002,-0.002,3.0
1011,-0.859,-1.878,1.499,88.911,0.002,-0.002,3.0
1012,-0.858,-1.878,1.499,89.132,0.002,-0.002,3.0
1013,-0.858,-1.879,1.499,89.465,0.002,-0.002,3.0
1014,-0.858,-1.879,1.499,89.878,0.002,-0.002,3.0
1015,-0.858,-1.879,1.499,90.357,0.002,-0.001,3.0
1016,-0.858,-1.880,1.499,90.890,0.002,-0.000,3.0
1017,-0.858,-1.880,1.499,91.473,0.002,0.001,3.0
1018,-0.858,-1.881,1.499,91.387,0.001,0.001,3.0
1019,-0.858,-1.881,1.499,91.164,0.001,0.001,3.0
1020,-0.858,-1.881,1.499,90.830,0.001,0.001,3.0
1021,-0.857,-1.882,1.499,90.415,0.001,0.001,3.0
1022,-0.857,-1.882,1.499,89.935,0.001,-0.000,3.0
1023,-0.857,-1.883,1.499,89.401,0.001,-0.001,3.0
1024,-0.857,-1.883,1.499,88.817,0.001,-0.001,3.0
1025,-0.857,-1.883,1.499,88.902,0.001,-0.002,3.0
1026,-0.857,-1.884,1.499,89.123,0.001,-0.002,3.0
1027,-0.857,-1.884,1.499,89.456,0.001,-0.002,3.0
1028,-0.857,-1.884,1.499,89.869,0.001,-0.002,3.0
1029,-0.856,-1.885,1.499,90.348,0.001,-0.001,3.0
1030,-0.856,-1.885,1.499,90.881,0.001,-0.000,3.0
1031,-0.856,-1.885,1.499,91.464,0.001,0.001,3.0
1032,-0.856,-1.886,1.499,91.378,0.001,0.001,3.0
1033,-0.856,-1.886,1.499,91.155,0.001,0.001,3.0
1034,-0.856,-1.886,1.499,90.821,0.001,0.001,3.0
1035,-0.856,-1.887,1.499,90.406,0.001,0.001,3.0
1036,-0.856,-1.887,1.499,89.926,0.001,0.000,3.0
1037,-0.856,-1.887,1.499,89.391,0.001,-0.001,3.0
1038,-0.855,-1.888,1.499,88.808,0.001,-0.001,3.0
1039,-0.855,-1.888,1.499,88.893,0.001,-0.002,3.0
1040,-0.855,-1.888,1.499,89.114,0.001,-0.002,3.0
1041,-0.855,-1.889,1.499,89.446,0.001,-0.002,3.0
1042,-0.855,-1.889,1.499,89.860,0.001,-0.002,3.0
1043,-0.855,-1.889,1.499,90.338,0.001,-0.001,3.0
1044,-0.855,-1.890,1.499,90.872,0.001,-0.000,3.0
1045,-0.855,-1.890,1.499,91.454,0.001,0.001,3.0
1046,-0.855,-1.890,1.499,91.368,0.001,0.001,3.0
1047,-0.855,-1.890,1.499,91.146,0.001,0.001,3.0
1048,-0.855,-1.891,1.499,90.812,0.001,0.001,3.0
1049,-0.854,-1.891,1.499,90.396,0.001,0.001,3.0
1050,-0.854,-1.891,1.499,89.916,0.001,0.000,3.0
1051,-0.854,-1.892,1.499,89.382,0.001,-0.001,3.0
1052,-0.854,-1.892,1.499,88.798,0.001,-0.001,3.0
1053,-0.854,-1.892,1.499,88.883,0.001,-0.002,3.0
1054,-0.854,-1.892,1.499,89.104,0.001,-0.002,3.0
1055,-0.854,-1.893,1.499,89.436,0.001,-0.002,3.0
1056,-0.854,-1.893,1.499,89.850,0.001,-0.001,3.0
1057,-0.854,-1.893,1.499,90.329,0.001,-0.001,3.0
1058,-0.854,-1.893,1.499,90.862,0.001,-0.000,3.0
1059,-0.854,-1.894,1.499,91.444,0.001,0.001,3.0
1060,-0.854,-1.894,1.499,91.358,0.001,0.001,3.0
1061,-0.853,-1.894,1.499,91.136,0.001,0.001,3.0
1062,-0.853,-1.894,1.499,90.802,0.001,0.001,3.0
1063,-0.853,-1.895,1.499,90.386,0.001,0.001,3.0
1064,-0.853,-1.895,1.499,89.906,0.001,0.000,3.0
1065,-0.853,-1.895,1.499,89.371,0.001,-0.001,3.0
1066,-0.853,-1.895,1.499,88.788,0.001,-0.001,3.0
1067,-0.853,-1.896,1.499,88.873,0.001,-0.002,3.0
1068,-0.853,-1.896,1.499,89.094,0.001,-0.002,3.0
1069,-0.853,-1.896,1.499,89.426,0.001,-0.002,3.0
1070,-0.853,-1.896,1.499,89.840,0.001,-0.001,3.0
1071,-0.853,-1.896,1.499,90.318,0.001,-0.001,3.0
1072,-0.853,-1.897,1.499,90.852,0.001,0.000,3.0
1073,-0.853,-1.897,1.499,91.435,0.001,0.001,3.0
1074,-0.852,-1.897,1.499,91.348,0.001,0.001,3.0
1075,-0.852,-1.897,1.499,91.126,0.001,0.001,3.0
1076,-0.852,-1.897,1.499,90.792,0.001,0.001,3.0
1077,-0.852,-1.898,1.499,90.376,0.001,0.001,3.0
1078,-0.852,-1.898,1.499,89.896,0.001,0.000,3.0
1079,-0.852,-1.898,1.499,89.361,0.001,-0.001,3.0
1080,-0.852,-1.898,1.499,88.778,0.001,-0.001,3.0
1081,-0.852,-1.898,1.499,88.862,0.001,-0.002,3.0
1082,-0.852,-1.899,1.499,89.084,0.001,-0.002,3.0
1083,-0.852,-1.899,1.499,89.416,0.001,-0.002,3.0
1084,-0.852,-1.899,1.499,89.830,0.001,-0.001,3.0
1085,-0.852,-1.899,1.499,90.308,0.001,-0.001,3.0
1086,-0.852,-1.899,1.499,90.842,0.001,0.000,3.0
1087,-0.852,-1.900,1.499,91.424,0.001,0.001,3.0
1088,-0.852,-1.900,1.499,91.338,0.001,0.001,3.0
1089,-0.852,-1.900,1.499,91.116,0.001,0.001,3.0
1090,-0.852,-1.900,1.499,90.781,0.001,0.001,3.0
1091,-0.851,-1.900,1.499,90.366,0.001,0.001,3.0
1092,-0.851,-1.900,1.499,89.886,0.001,0.000,3.0
1093,-0.851,-1.901,1.499,89.351,0.001,-0.000,3.0
1094,-0.851,-1.901,1.499,88.767,0.001,-0.001,3.0
1095,-0.851,-1.901,1.499,88.852,0.001,-0.002,3.0
1096,-0.851,-1.901,1.499,89.073,0.001,-0.002,3.0
1097,-0.851,-1.901,1.499,89.406,0.001,-0.002,3.0
1098,-0.851,-1.901,1.499,89.819,0.001,-0.001,3.0
1099,-0.851,-1.902,1.499,90.298,0.001,-0.001,3.0
1100,-0.851,-1.902,1.499,90.831,0.001,0.000,3.0
1101,-0.851,-1.902,1.499,91.414,0.001,0.001,3.0
1102,-0.851,-1.902,1.499,91.328,0.001,0.001,3.0
1103,-0.851,-1.902,1.499,91.105,0.001,0.001,3.0
1104,-0.851,-1.902,1.499,90.771,0.001,0.001,3.0
1105,-0.851,-1.903,1.499,90.356,0.001,0.001,3.0
1106,-0.851,-1.903,1.499,89.875,0.001,0.000,3.0
1107,-0.851,-1.903,1.499,89.341,0.001,-0.000,3.0
1108,-0.851,-1.903,1.499,88.757,0.001,-0.001,3.0
1109,-0.851,-1.903,1.499,88.842,0.001,-0.002,3.0
1110,-0.851,-1.903,1.499,89.063,0.001,-0.002,3.0
1111,-0.850,-1.903,1.499,89.396,0.001,-0.002,3.0
1112,-0.850,-1.904,1.499,89.809,0.001,-0.001,3.0
1113,-0.850,-1.904,1.499,90.288,0.001,-0.001,3.0
1114,-0.850,-1.904,1.499,90.821,0.000,0.000,3.0
1115,-0.850,-1.904,1.499,91.404,0.000,0.001,3.0
1116,-0.850,-1.904,1.499,91.318,0.000,0.001,3.0
1117,-0.850,-1.904,1.499,91.096,0.000,0.001,3.0
1118,-0.850,-1.904,1.499,90.761,0.000,0.001,3.0
1119,-0.850,-1.905,1.499,90.346,0.000,0.001,3.0
1120,-0.850,-1.905,1.499,89.866,0.000,0.000,3.0
1121,-0.850,-1.905,1.499,89.331,0.000,-0.000,3.0
1122,-0.850,-1.905,1.499,88.747,0.000,-0.001,3.0
1123,-0.850,-1.905,1.499,88.832,0.000,-0.002,3.0
1124,-0.850,-1.905,1.499,89.053,0.000,-0.002,3.0
1125,-0.850,-1.905,1.499,89.386,0.000,-0.002,3.0
1126,-0.850,-1.905,1.499,89.799,0.000,-0.001,3.0
1127,-0.850,-1.905,1.499,90.278,0.000,-0.001,3.0
1128,-0.850,-1.906,1.499,90.812,0.000,0.000,3.0
1129,-0.850,-1.906,1.499,91.395,0.000,0.001,3.0
1130,-0.850,-1.906,1.499,91.308,0.000,0.001,3.0
1131,-0.850,-1.906,1.499,91.086,0.000,0.001,3.0
1132,-0.850,-1.906,1.499,90.752,0.000,0.001,3.0
1133,-0.850,-1.906,1.499,90.336,0.000,0.001,3.0
1134,-0.850,-1.906,1.499,89.856,0.000,0.000,3.0
1135,-0.850,-1.906,1.499,89.321,0.000,-0.000,3.0
1136,-0.850,-1.906,1.499,88.738,0.000,-0.001,3.0
1137,-0.850,-1.907,1.499,88.822,0.000,-0.002,3.0
1138,-0.850,-1.907,1.499,89.044,0.000,-0.002,3.0
1139,-0.850,-1.907,1.499,89.376,0.000,-0.002,3.0
1140,-0.849,-1.907,1.499,89.790,0.000,-0.001,3.0
1141,-0.849,-1.907,1.499,90.269,0.000,-0.001,3.0
1142,-0.849,-1.907,1.499,90.802,0.000,0.000,3.0
1143,-0.849,-1.907,1.499,91.385,0.000,0.001,3.0
1144,-0.849,-1.907,1.499,91.299,0.000,0.001,3.0
1145,-0.849,-1.907,1.499,91.077,0.000,0.001,3.0
1146,-0.849,-1.907,1.499,90.742,0.000,0.002,3.0
1147,-0.849,-1.908,1.499,90.327,0.000,0.001,3.0
1148,-0.849,-1.908,1.499,89.847,0.000,0.000,3.0
1149,-0.849,-1.908,1.499,89.312,0.000,-0.000,3.0
1150,-0.849,-1.908,1.499,88.728,0.000,-0.001,3.0
1151,-0.849,-1.908,1.499,88.813,0.000,-0.002,3.0
1152,-0.849,-1.908,1.499,89.035,0.000,-0.002,3.0
1153,-0.849,-1.908,1.499,89.367,0.000,-0.002,3.0
1154,-0.849,-1.908,1.499,89.781,0.000,-0.001,3.0
1155,-0.849,-1.908,1.499,90.260,0.000,-0.001,3.0
1156,-0.849,-1.908,1.499,90.793,0.000,0.000,3.0
1157,-0.849,-1.908,1.499,91.376,0.000,0.001,3.0
1158,-0.849,-1.909,1.499,91.290,0.000,0.001,3.0
1159,-0.849,-1.909,1.499,91.068,0.000,0.002,3.0
1160,-0.849,-1.909,1.499,90.733,0.000,0.002,3.0
1161,-0.849,-1.909,1.499,90.318,0.000,0.001,3.0
1162,-0.849,-1.909,1.499,89.838,0.000,0.000,3.0
1163,-0.849,-1.909,1.499,89.303,0.000,-0.000,3.0
1164,-0.849,-1.909,1.499,88.720,0.000,-0.001,3.0
1165,-0.849,-1.909,1.499,88.805,0.000,-0.001,3.0
1166,-0.849,-1.909,1.499,89.026,0.000,-0.002,3.0
1167,-0.849,-1.909,1.499,89.359,0.000,-0.002,3.0
1168,-0.849,-1.909,1.499,89.772,0.000,-0.001,3.0
1169,-0.849,-1.909,1.499,90.251,0.000,-0.001,3.0
1170,-0.849,-1.909,1.499,90.785,0.000,0.000,3.0
1171,-0.849,-1.910,1.499,91.368,0.000,0.001,3.0
1172,-0.849,-1.910,1.499,91.282,0.000,0.001,3.0
1173,-0.849,-1.910,1.499,91.059,0.000,0.002,3.0
1174,-0.849,-1.910,1.499,90.725,0.000,0.002,3.0
1175,-0.849,-1.910,1.499,90.310,0.000,0.001,3.0
1176,-0.849,-1.910,1.499,89.830,0.000,0.000,3.0
1177,-0.849,-1.910,1.499,89.295,0.000,-0.000,3.0
1178,-0.849,-1.910,1.499,88.711,0.000,-0.001,3.0
1179,-0.849,-1.910,1.499,88.796,0.000,-0.001,3.0
1180,-0.849,-1.910,1.499,89.018,0.000,-0.002,3.0
1181,-0.849,-1.910,1.499,89.350,0.000,-0.002,3.0
1182,-0.849,-1.910,1.499,89.764,0.000,-0.001,3.0
1183,-0.849,-1.910,1.499,90.243,0.000,-0.001,3.0
1184,-0.849,-1.910,1.499,90.777,0.000,0.000,3.0
1185,-0.849,-1.911,1.499,91.360,0.000,0.001,3.0
1186,-0.849,-1.911,1.499,91.274,0.000,0.001,3.0
1187,-0.849,-1.911,1.499,91.051,0.000,0.002,3.0
1188,-0.849,-1.911,1.499,90.717,0.000,0.002,3.0
1189,-0.849,-1.911,1.499,90.302,0.000,0.001,3.0
1190,-0.849,-1.911,1.499,89.822,0.000,0.000,3.0
1191,-0.848,-1.911,1.499,89.287,0.000,-0.000,3.0
1192,-0.848,-1.911,1.499,88.704,0.000,-0.001,3.0
1193,-0.848,-1.911,1.499,88.789,0.000,-0.001,3.0
1194,-0.848,-1.911,1.499,89.010,0.000,-0.002,3.0
1195,-0.848,-1.911,1.499,89.343,0.000,-0.002,3.0
1196,-0.848,-1.911,1.499,89.757,0.000,-0.001,3.0
1197,-0.848,-1.911,1.499,90.236,0.000,-0.001,3.0
1198,-0.848,-1.911,1.499,90.770,0.000,0.000,3.0
1199,-0.848,-1.911,1.499,91.353,0.000,0.001,3.0
1200,-0.848,-1.911,1.499,91.267,0.000,0.001,3.0
1201,-0.848,-1.911,1.499,91.044,0.000,0.002,3.0
1202,-0.848,-1.911,1.499,90.710,0.000,0.002,3.0
1203,-0.848,-1.912,1.499,90.295,0.000,0.001,3.0
1204,-0.848,-1.912,1.499,89.815,0.000,0.000,3.0
1205,-0.848,-1.912,1.499,89.280,0.000,-0.000,3.0
1206,-0.848,-1.912,1.499,88.697,0.000,-0.001,3.0
1207,-0.848,-1.912,1.499,88.782,0.000,-0.001,3.0
1208,-0.848,-1.912,1.499,89.003,0.000,-0.002,3.0
1209,-0.848,-1.912,1.499,89.336,0.000,-0.002,3.0
1210,-0.848,-1.912,1.499,89.750,0.000,-0.001,3.0
1211,-0.848,-1.912,1.499,90.229,0.000,-0.001,3.0
1212,-0.848,-1.912,1.499,90.763,0.000,0.000,3.0
1213,-0.848,-1.912,1.499,91.346,0.000,0.001,3.0
1214,-0.848,-1.912,1.499,91.260,0.000,0.001,3.0
1215,-0.848,-1.912,1.499,91.037,0.000,0.002,3.0
1216,-0.848,-1.912,1.499,90.703,0.000,0.002,3.0
1217,-0.848,-1.912,1.499,90.288,0.000,0.001,3.0
1218,-0.848,-1.912,1.499,89.808,0.000,0.001,3.0
1219,-0.848,-1.912,1.499,89.274,0.000,-0.000,3.0
1220,-0.848,-1.912,1.499,88.690,0.000,-0.001,3.0
1221,-0.848,-1.912,1.499,88.775,0.000,-0.001,3.0
1222,-0.848,-1.912,1.499,88.997,0.000,-0.002,3.0
1223,-0.848,-1.912,1.499,89.330,0.000,-0.002,3.0
1224,-0.848,-1.912,1.499,89.744,0.000,-0.001,3.0
1225,-0.848,-1.913,1.499,90.223,0.000,-0.001,3.0
1226,-0.848,-1.913,1.499,90.756,0.000,0.000,3.0
1227,-0.848,-1.913,1.499,91.340,0.000,0.001,3.0
1228,-0.848,-1.913,1.499,91.254,0.000,0.001,3.0
1229,-0.848,-1.913,1.499,91.031,0.000,0.002,3.0
1230,-0.848,-1.913,1.499,90.697,0.000,0.002,3.0
1231,-0.848,-1.913,1.499,90.282,0.000,0.001,3.0
1232,-0.848,-1.913,1.499,89.802,0.000,0.001,3.0
1233,-0.848,-1.913,1.499,89.268,0.000,-0.000,3.0
1234,-0.848,-1.913,1.499,88.684,0.000,-0.001,3.0
1235,-0.848,-1.913,1.499,88.769,0.000,-0.001,3.0
1236,-0.848,-1.913,1.499,88.991,0.000,-0.002,3.0
1237,-0.848,-1.913,1.499,89.324,0.000,-0.002,3.0
1238,-0.848,-1.913,1.499,89.738,0.000,-0.001,3.0
1239,-0.848,-1.913,1.499,90.217,0.000,-0.001,3.0
1240,-0.848,-1.913,1.499,90.751,0.000,0.000,3.0
1241,-0.848,-1.913,1.499,91.334,0.000,0.001,3.0
1242,-0.848,-1.913,1.499,91.248,0.000,0.001,3.0
1243,-0.848,-1.913,1.499,91.026,0.000,0.002,3.0
1244,-0.848,-1.913,1.499,90.692,0.000,0.002,3.0
1245,-0.848,-1.913,1.499,90.277,0.000,0.001,3.0
1246,-0.848,-1.913,1.499,89.797,0.000,0.001,3.0
1247,-0.848,-1.913,1.499,89.262,0.000,-0.000,3.0
1248,-0.848,-1.913,1.499,88.679,0.000,-0.001,3.0
1249,-0.848,-1.913,1.499,88.764,0.000,-0.001,3.0
1250,-0.848,-1.913,1.499,88.986,0.000,-0.002,3.0
1251,-0.848,-1.913,1.499,89.319,0.000,-0.002,3.0
1252,-0.848,-1.913,1.499,89.733,0.000,-0.001,3.0
1253,-0.848,-1.913,1.499,90.212,0.000,-0.001,3.0
1254,-0.848,-1.914,1.499,90.746,0.000,0.000,3.0
1255,-0.848,-1.914,1.499,91.329,0.000,0.001,3.0
1256,-0.848,-1.914,1.499,91.243,0.000,0.001,3.0
1257,-0.848,-1.914,1.499,91.021,0.000,0.002,3.0
1258,-0.848,-1.914,1.499,90.687,0.000,0.002,3.0
1259,-0.848,-1.914,1.499,90.272,0.000,0.001,3.0
1260,-0.848,-1.914,1.499,89.792,0.000,0.001,3.0
1261,-0.848,-1.914,1.499,89.258,0.000,-0.000,3.0
1262,-0.848,-1.914,1.499,88.674,0.000,-0.001,3.0
1263,-0.848,-1.914,1.499,88.759,0.000,-0.001,3.0
1264,-0.848,-1.914,1.499,88.981,0.000,-0.002,3.0
1265,-0.848,-1.914,1.499,89.314,0.000,-0.002,3.0
1266,-0.848,-1.914,1.499,89.728,0.000,-0.001,3.0
1267,-0.848,-1.914,1.499,90.207,0.000,-0.001,3.0
1268,-0.848,-1.914,1.499,90.741,0.000,0.000,3.0
1269,-0.848,-1.914,1.499,91.324,0.000,0.001,3.0
1270,-0.848,-1.914,1.499,91.239,0.000,0.001,3.0
1271,-0.848,-1.914,1.499,91.016,0.000,0.002,3.0
1272,-0.848,-1.914,1.499,90.682,0.000,0.002,3.0
1273,-0.848,-1.914,1.499,90.268,0.000,0.001,3.0
1274,-0.848,-1.914,1.499,89.788,0.000,0.001,3.0
1275,-0.848,-1.914,1.499,89.253,0.000,-0.000,3.0
1276,-0.848,-1.914,1.499,88.670,0.000,-0.001,3.0
1277,-0.848,-1.914,1.499,88.755,0.000,-0.001,3.0
1278,-0.848,-1.914,1.499,88.977,0.000,-0.002,3.0
1279,-0.848,-1.914,1.499,89.310,0.000,-0.002,3.0
1280,-0.848,-1.914,1.499,89.724,0.000,-0.001,3.0
1281,-0.848,-1.914,1.499,90.203,0.000,-0.001,3.0
1282,-0.848,-1.914,1.499,90.737,0.000,0.000,3.0
1283,-0.848,-1.914,1.499,91.320,0.000,0.001,3.0
1284,-0.848,-1.914,1.499,91.235,0.000,0.001,3.0
1285,-0.848,-1.914,1.499,91.012,0.000,0.002,3.0
1286,-0.848,-1.914,1.499,90.679,0.000,0.002,3.0
1287,-0.848,-1.914,1.499,90.264,0.000,0.001,3.0
1288,-0.848,-1.914,1.499,89.784,0.000,0.001,3.0
1289,-0.848,-1.914,1.499,89.249,0.000,-0.000,3.0
1290,-0.848,-1.914,1.499,88.666,0.000,-0.001,3.0
1291,-0.848,-1.914,1.499,88.751,0.000,-0.001,3.0
1292,-0.848,-1.914,1.499,88.973,0.000,-0.002,3.0
1293,-0.848,-1.914,1.499,89.306,0.000,-0.002,3.0
1294,-0.848,-1.914,1.499,89.720,0.000,-0.001,3.0
1295,-0.848,-1.914,1.499,90.200,0.000,-0.001,3.0
1296,-0.848,-1.915,1.499,90.734,0.000,0.000,3.0
1297,-0.848,-1.915,1.499,91.317,0.000,0.001,3.0
1298,-0.848,-1.915,1.499,91.231,0.000,0.001,3.0
1299,-0.848,-1.915,1.499,91.009,0.000,0.002,3.0
1300,-0.848,-1.915,1.499,90.675,0.000,0.002,3.0
1301,-0.848,-1.915,1.499,90.260,0.000,0.001,3.0
1302,-0.848,-1.915,1.499,89.780,0.000,0.001,3.0
1303,-0.848,-1.915,1.499,89.246,0.000,-0.000,3.0
1304,-0.848,-1.915,1.499,88.663,0.000,-0.001,3.0
1305,-0.848,-1.915,1.499,88.748,0.000,-0.001,3.0
1306,-0.848,-1.915,1.499,88.970,0.000,-0.002,3.0
1307,-0.848,-1.915,1.499,89.303,0.000,-0.002,3.0
1308,-0.848,-1.915,1.499,89.717,0.000,-0.001,3.0
1309,-0.848,-1.915,1.499,90.196,0.000,-0.001,3.0
1310,-0.848,-1.915,1.499,90.730,0.000,0.000,3.0
1311,-0.848,-1.915,1.499,91.314,0.000,0.001,3.0
1312,-0.848,-1.915,1.499,91.228,0.000,0.001,3.0
1313,-0.848,-1.915,1.499,91.006,0.000,0.002,3.0
1314,-0.848,-1.915,1.499,90.672,0.000,0.002,3.0
1315,-0.848,-1.915,1.499,90.257,0.000,0.001,3.0
1316,-0.848,-1.915,1.499,89.777,0.000,0.001,3.0
1317,-0.848,-1.915,1.499,89.243,0.000,-0.000,3.0
1318,-0.848,-1.915,1.499,88.660,0.000,-0.001,3.0
1319,-0.848,-1.915,1.499,88.745,0.000,-0.001,3.0
1320,-0.848,-1.915,1.499,88.967,0.000,-0.002,3.0
1321,-0.848,-1.915,1.499,89.300,0.000,-0.002,3.0
1322,-0.848,-1.915,1.499,89.714,0.000,-0.001,3.0
1323,-0.848,-1.915,1.499,90.194,0.000,-0.001,3.0
1324,-0.848,-1.915,1.499,90.728,0.000,0.000,3.0
1325,-0.848,-1.915,1.499,91.311,0.000,0.001,3.0
1326,-0.848,-1.915,1.499,91.225,0.000,0.001,3.0
1327,-0.848,-1.915,1.499,91.003,0.000,0.002,3.0
1328,-0.848,-1.915,1.499,90.669,0.000,0.002,3.0
1329,-0.848,-1.915,1.499,90.255,0.000,0.001,3.0
1330,-0.848,-1.915,1.499,89.775,0.000,0.001,3.0
1331,-0.848,-1.915,1.499,89.241,0.000,-0.000,3.0
1332,-0.848,-1.915,1.499,88.657,0.000,-0.001,3.0
1333,-0.848,-1.915,1.499,88.742,0.000,-0.001,3.0
1334,-0.848,-1.915,1.499,88.964,0.000,-0.002,3.0
1335,-0.848,-1.915,1.499,89.297,0.000,-0.002,3.0
1336,-0.848,-1.915,1.499,89.712,0.000,-0.001,3.0
1337,-0.848,-1.915,1.499,90.191,0.000,-0.001,3.0
1338,-0.848,-1.915,1.499,90.725,0.000,0.000,3.0
1339,-0.848,-1.915,1.499,91.309,0.000,0.001,3.0
1340,-0.848,-1.915,1.499,91.223,0.000,0.001,3.0
1341,-0.848,-1.915,1.499,91.001,0.000,0.002,3.0
1342,-0.848,-1.915,1.499,90.667,0.000,0.002,3.0
1343,-0.848,-1.915,1.499,90.252,0.000,0.001,3.0
1344,-0.848,-1.915,1.499,89.772,0.000,0.001,3.0
1345,-0.848,-1.915,1.499,89.238,0.000,-0.000,3.0
1346,-0.848,-1.915,1.499,88.654,0.000,-0.001,3.0
1347,-0.848,-1.915,1.499,88.740,0.000,-0.001,3.0
1348,-0.848,-1.915,1.499,88.961,0.000,-0.002,3.0
1349,-0.848,-1.915,1.499,89.294,0.000,-0.002,3.0
1350,-0.848,-1.915,1.499,89.708,0.000,-0.001,3.0
1351,-0.848,-1.915,1.499,90.188,-0.000,-0.001,3.0
1352,-0.848,-1.915,1.499,90.722,-0.000,0.000,3.0
1353,-0.848,-1.915,1.499,91.305,-0.000,0.001,3.0
1354,-0.848,-1.915,1.499,91.219,0.000,0.001,3.0
1355,-0.848,-1.915,1.499,90.997,0.000,0.002,3.0
1356,-0.848,-1.915,1.499,90.663,0.000,0.002,3.0
1357,-0.848,-1.915,1.499,90.248,0.000,0.001,3.0
1358,-0.848,-1.915,1.499,89.768,0.000,0.001,3.0
1359,-0.848,-1.915,1.499,89.233,0.000,-0.000,3.0
1360,-0.848,-1.915,1.499,88.650,0.000,-0.001,3.0
1361,-0.848,-1.915,1.499,88.735,0.000,-0.001,3.0
1362,-0.848,-1.915,1.499,88.956,0.000,-0.002,3.0
1363,-0.848,-1.915,1.499,89.289,-0.000,-0.002,3.0
1364,-0.848,-1.915,1.499,89.703,-0.000,-0.001,3.0
1365,-0.848,-1.915,1.499,90.183,-0.000,-0.001,3.0
1366,-0.848,-1.915,1.499,90.716,-0.000,0.000,3.0
1367,-0.848,-1.915,1.499,91.300,-0.000,0.001,3.0
1368,-0.848,-1.915,1.499,91.214,0.000,0.001,3.0
1369,-0.848,-1.916,1.499,90.991,0.000,0.002,3.0
1370,-0.848,-1.916,1.499,90.657,0.000,0.002,3.0
1371,-0.848,-1.916,1.499,90.242,0.000,0.001,3.0
1372,-0.848,-1.916,1.499,89.762,0.000,0.001,3.0
1373,-0.848,-1.916,1.499,89.228,0.000,-0.000,3.0
1374,-0.848,-1.916,1.499,88.645,-0.000,-0.001,3.0
1375,-0.848,-1.916,1.499,88.730,0.000,-0.001,3.0
1376,-0.848,-1.916,1.499,88.951,0.000,-0.002,3.0
1377,-0.848,-1.916,1.499,89.284,-0.000,-0.002,3.0
1378,-0.848,-1.916,1.499,89.698,-0.000,-0.001,3.0
1379,-0.848,-1.916,1.499,90.178,-0.000,-0.001,3.0
1380,-0.848,-1.916,1.499,90.712,-0.000,0.000,3.0
1381,-0.848,-1.916,1.499,91.295,-0.000,0.001,3.0
1382,-0.848,-1.916,1.499,91.209,0.000,0.001,3.0
1383,-0.848,-1.916,1.499,90.987,0.000,0.002,3.0
1384,-0.848,-1.916,1.499,90.653,0.000,0.002,3.0
1385,-0.848,-1.916,1.499,90.238,0.000,0.001,3.0
1386,-0.848,-1.916,1.499,89.759,0.000,0.001,3.0
1387,-0.848,-1.916,1.499,89.224,0.000,-0.000,3.0
1388,-0.848,-1.916,1.499,88.641,-0.000,-0.001,3.0
1389,-0.848,-1.916,1.499,88.726,0.000,-0.001,3.0
1390,-0.848,-1.916,1.499,88.948,0.000,-0.002,3.0
1391,-0.848,-1.916,1.499,89.281,-0.000,-0.002,3.0
1392,-0.848,-1.916,1.499,89.695,-0.000,-0.001,3.0
1393,-0.848,-1.916,1.499,90.175,-0.000,-0.001,3.0
1394,-0.848,-1.916,1.499,90.709,-0.000,0.000,3.0
1395,-0.848,-1.916,1.499,91.292,-0.000,0.001,3.0
1396,-0.848,-1.916,1.499,91.207,0.000,0.001,3.0
1397,-0.848,-1.916,1.499,90.984,0.000,0.002,3.0
1398,-0.848,-1.916,1.499,90.651,0.000,0.002,3.0
1399,-0.848,-1.916,1.499,90.236,0.000,0.001,3.0
1400,-0.848,-1.916,1.499,89.756,0.000,0.001,3.0
1401,-0.848,-1.916,1.499,89.222,0.000,-0.000,3.0
1402,-0.848,-1.916,1.499,88.639,-0.000,-0.001,3.0
1403,-0.848,-1.916,1.499,88.724,0.000,-0.001,3.0
1404,-0.848,-1.916,1.499,88.946,-0.000,-0.002,3.0
1405,-0.848,-1.916,1.499,89.279,-0.000,-0.002,3.0
1406,-0.848,-1.916,1.499,89.693,-0.000,-0.001,3.0
1407,-0.848,-1.916,1.499,90.173,-0.000,-0.001,3.0
1408,-0.848,-1.916,1.499,90.707,-0.000,0.000,3.0
1409,-0.848,-1.916,1.499,91.290,-0.000,0.001,3.0
1410,-0.848,-1.916,1.499,91.205,0.000,0.001,3.0
1411,-0.848,-1.916,1.499,90.983,0.000,0.002,3.0
1412,-0.848,-1.916,1.499,90.649,0.000,0.002,3.0
1413,-0.848,-1.916,1.499,90.234,0.000,0.001,3.0
1414,-0.848,-1.916,1.499,89.754,0.000,0.001,3.0
1415,-0.848,-1.916,1.499,89.220,0.000,-0.000,3.0
1416,-0.848,-1.916,1.499,88.637,-0.000,-0.001,3.0
1417,-0.848,-1.916,1.499,88.722,-0.000,-0.001,3.0
1418,-0.848,-1.916,1.499,88.944,-0.000,-0.002,3.0
1419,-0.848,-1.916,1.499,89.277,-0.000,-0.002,3.0
1420,-0.848,-1.916,1.499,89.692,-0.000,-0.001,3.0
1421,-0.848,-1.916,1.499,90.171,-0.000,-0.001,3.0
1422,-0.848,-1.916,1.499,90.706,-0.000,0.000,3.0
1423,-0.848,-1.916,1.499,91.289,-0.000,0.001,3.0
1424,-0.848,-1.916,1.499,91.203,0.000,0.001,3.0
1425,-0.848,-1.916,1.499,90.981,0.000,0.002,3.0
1426,-0.848,-1.916,1.499,90.648,0.000,0.002,3.0
1427,-0.848,-1.916,1.499,90.233,0.000,0.001,3.0
1428,-0.848,-1.916,1.499,89.753,0.000,0.001,3.0
1429,-0.848,-1.916,1.499,89.219,0.000,-0.000,3.0
1430,-0.848,-1.916,1.499,88.636,-0.000,-0.001,3.0
1431,-0.848,-1.916,1.499,88.721,-0.000,-0.001,3.0
1432,-0.848,-1.916,1.499,88.943,-0.000,-0.002,3.0
1433,-0.848,-1.916,1.499,89.276,-0.000,-0.002,3.0
1434,-0.848,-1.916,1.499,89.691,-0.000,-0.001,3.0
1435,-0.848,-1.916,1.499,90.170,-0.000,-0.001,3.0
1436,-0.848,-1.916,1.499,90.704,-0.000,0.000,3.0
1437,-0.848,-1.916,1.499,91.288,-0.000,0.001,3.0
1438,-0.848,-1.916,1.499,91.202,0.000,0.001,3.0
1439,-0.848,-1.916,1.499,90.980,0.000,0.002,3.0
1440,-0.848,-1.916,1.499,90.647,0.000,0.002,3.0
1441,-0.848,-1.916,1.499,90.232,0.000,0.001,3.0
1442,-0.848,-1.916,1.499,89.752,0.000,0.001,3.0
1443,-0.848,-1.916,1.499,89.218,0.000,-0.000,3.0
1444,-0.848,-1.916,1.499,88.635,-0.000,-0.001,3.0
1445,-0.848,-1.916,1.499,88.720,-0.000,-0.001,3.0
1446,-0.848,-1.916,1.499,88.942,-0.000,-0.002,3.0
1447,-0.848,-1.916,1.499,89.275,-0.000,-0.002,3.0
1448,-0.848,-1.916,1.499,89.690,-0.000,-0.001,3.0
1449,-0.848,-1.916,1.499,90.170,-0.000,-0.001,3.0
1450,-0.848,-1.916,1.499,90.704,-0.000,0.000,3.0
1451,-0.848,-1.916,1.499,91.287,-0.000,0.001,3.0
1452,-0.848,-1.916,1.499,91.202,0.000,0.001,3.0
1453,-0.848,-1.916,1.499,90.980,0.000,0.002,3.0
1454,-0.848,-1.916,1.499,90.646,0.000,0.002,3.0
1455,-0.848,-1.916,1.499,90.231,0.000,0.001,3.0
1456,-0.848,-1.916,1.499,89.752,0.000,0.001,3.0
1457,-0.848,-1.916,1.499,89.218,0.000,-0.000,3.0
1458,-0.848,-1.916,1.499,88.634,-0.000,-0.001,3.0
1459,-0.848,-1.916,1.499,88.720,-0.000,-0.001,3.0
1460,-0.848,-1.916,1.499,88.942,-0.000,-0.002,3.0
1461,-0.848,-1.916,1.499,89.275,-0.000,-0.002,3.0
1462,-0.848,-1.916,1.499,89.689,-0.000,-0.001,3.0
1463,-0.848,-1.916,1.499,90.169,-0.000,-0.001,3.0
1464,-0.848,-1.916,1.499,90.703,-0.000,0.000,3.0
1465,-0.848,-1.916,1.499,91.287,-0.000,0.001,3.0
1466,-0.848,-1.916,1.499,91.201,0.000,0.001,3.0
1467,-0.848,-1.916,1.499,90.979,0.000,0.002,3.0
1468,-0.848,-1.916,1.499,90.646,0.000,0.002,3.0
1469,-0.848,-1.916,1.499,90.231,0.000,0.001,3.0
1470,-0.848,-1.916,1.499,89.751,0.000,0.001,3.0
1471,-0.848,-1.916,1.499,89.217,0.000,-0.000,3.0
1472,-0.848,-1.916,1.499,88.634,-0.000,-0.001,3.0
1473,-0.848,-1.916,1.499,88.719,-0.000,-0.001,3.0
1474,-0.848,-1.916,1.499,88.941,-0.000,-0.002,3.0
1475,-0.848,-1.916,1.499,89.275,-0.000,-0.002,3.0
1476,-0.848,-1.916,1.499,89.689,-0.000,-0.001,3.0
1477,-0.848,-1.916,1.499,90.169,-0.000,-0.001,3.0
1478,-0.848,-1.916,1.499,90.703,-0.000,0.000,3.0
1479,-0.848,-1.916,1.499,91.286,-0.000,0.001,3.0
1480,-0.848,-1.916,1.499,91.201,0.000,0.001,3.0
1481,-0.848,-1.916,1.499,90.979,0.000,0.002,3.0
1482,-0.848,-1.916,1.499,90.645,0.000,0.002,3.0
1483,-0.848,-1.916,1.499,90.231,0.000,0.001,3.0
1484,-0.848,-1.916,1.499,89.751,0.000,0.001,3.0
1485,-0.848,-1.916,1.499,89.217,0.000,-0.000,3.0
1486,-0.848,-1.916,1.499,88.634,-0.000,-0.001,3.0
1487,-0.848,-1.916,1.499,88.719,-0.000,-0.001,3.0
1488,-0.848,-1.916,1.499,88.941,-0.000,-0.002,3.0
1489,-0.848,-1.916,1.499,89.274,-0.000,-0.002,3.0
1490,-0.848,-1.916,1.499,89.689,-0.000,-0.001,3.0
1491,-0.848,-1.916,1.499,90.169,-0.000,-0.001,3.0
1492,-0.848,-1.916,1.499,90.703,-0.000,0.000,3.0
1493,-0.848,-1.916,1.499,91.286,-0.000,0.001,3.0
1494,-0.848,-1.916,1.499,91.201,0.000,0.001,3.0
1495,-0.848,-1.916,1.499,90.979,0.000,0.002,3.0
1496,-0.848,-1.916,1.499,90.645,0.000,0.002,3.0
1497,-0.848,-1.916,1.499,90.231,0.000,0.001,3.0
1498,-0.848,-1.916,1.499,89.751,0.000,0.001,3.0
1499,-0.848,-1.916,1.499,89.217,0.000,-0.000,3.0
1500,-0.848,-1.916,1.499,88.634,-0.000,-0.001,3.0
1501,-0.848,-1.916,1.499,88.720,-0.000,-0.001,3.0
1502,-0.848,-1.916,1.499,88.942,-0.000,-0.002,3.0
1503,-0.848,-1.916,1.499,89.275,-0.000,-0.002,3.0
1504,-0.848,-1.916,1.499,89.690,-0.000,-0.001,3.0
1505,-0.848,-1.916,1.499,90.170,-0.000,-0.001,3.0
1506,-0.848,-1.916,1.499,90.704,-0.000,0.000,3.0
1507,-0.848,-1.916,1.499,91.288,-0.000,0.001,3.0
1508,-0.848,-1.916,1.499,91.203,0.000,0.001,3.0
1509,-0.848,-1.916,1.499,90.981,0.000,0.002,3.0
1510,-0.848,-1.916,1.499,90.647,0.000,0.002,3.0
1511,-0.848,-1.916,1.499,90.233,0.000,0.001,3.0
1512,-0.848,-1.916,1.499,89.754,0.000,0.001,3.0
1513,-0.848,-1.916,1.499,89.220,0.000,-0.000,3.0
1514,-0.848,-1.916,1.499,88.637,-0.000,-0.001,3.0
1515,-0.848,-1.916,1.499,88.723,-0.000,-0.001,3.0
1516,-0.848,-1.916,1.499,88.945,-0.000,-0.002,3.0
1517,-0.848,-1.916,1.499,89.279,-0.000,-0.002,3.0
1518,-0.848,-1.916,1.499,89.693,-0.000,-0.001,3.0
1519,-0.848,-1.916,1.499,90.173,-0.000,-0.001,3.0
1520,-0.848,-1.916,1.499,90.708,-0.000,0.000,3.0
1521,-0.848,-1.916,1.499,91.292,-0.000,0.001,3.0
1522,-0.848,-1.916,1.499,91.206,0.000,0.001,3.0
1523,-0.848,-1.916,1.499,90.985,0.000,0.002,3.0
1524,-0.848,-1.916,1.499,90.651,0.000,0.002,3.0
1525,-0.848,-1.916,1.499,90.237,0.000,0.001,3.0
1526,-0.848,-1.916,1.499,89.758,0.000,0.001,3.0
1527,-0.848,-1.916,1.499,89.224,0.000,-0.000,3.0
1528,-0.848,-1.916,1.499,88.641,-0.000,-0.001,3.0
1529,-0.848,-1.916,1.499,88.726,-0.000,-0.001,3.0
1530,-0.848,-1.916,1.499,88.949,-0.000,-0.002,3.0
1531,-0.848,-1.916,1.499,89.282,-0.000,-0.002,3.0
1532,-0.848,-1.916,1.499,89.697,-0.000,-0.001,3.0
1533,-0.848,-1.916,1.499,90.177,-0.000,-0.001,3.0
1534,-0.848,-1.916,1.499,90.711,-0.000,0.000,3.0
1535,-0.848,-1.916,1.499,91.295,-0.000,0.001,3.0
1536,-0.848,-1.916,1.499,91.210,-0.000,0.001,3.0
1537,-0.848,-1.916,1.499,90.988,0.000,0.002,3.0
1538,-0.848,-1.916,1.499,90.654,0.000,0.002,3.0
1539,-0.848,-1.916,1.499,90.240,0.000,0.001,3.0
1540,-0.848,-1.916,1.499,89.761,0.000,0.001,3.0
1541,-0.848,-1.916,1.499,89.227,0.000,-0.000,3.0
1542,-0.848,-1.916,1.499,88.644,-0.000,-0.001,3.0
1543,-0.848,-1.916,1.499,88.729,-0.000,-0.001,3.0
1544,-0.848,-1.916,1.499,88.951,-0.000,-0.002,3.0
1545,-0.848,-1.916,1.499,89.285,-0.000,-0.002,3.0
1546,-0.848,-1.916,1.499,89.699,-0.000,-0.001,3.0
1547,-0.848,-1.916,1.499,90.179,-0.000,-0.001,3.0
1548,-0.848,-1.916,1.499,90.714,-0.000,0.000,3.0
1549,-0.848,-1.916,1.499,91.297,-0.000,0.001,3.0
1550,-0.848,-1.916,1.499,91.212,-0.000,0.001,3.0
1551,-0.848,-1.916,1.499,90.990,0.000,0.002,3.0
1552,-0.848,-1.916,1.499,90.657,0.000,0.002,3.0
1553,-0.848,-1.916,1.499,90.242,0.000,0.001,3.0
1554,-0.848,-1.916,1.499,89.763,0.000,0.001,3.0
1555,-0.848,-1.916,1.499,89.229,-0.000,-0.000,3.0
1556,-0.848,-1.916,1.499,88.645,-0.000,-0.001,3.0
1557,-0.848,-1.916,1.499,88.731,-0.000,-0.001,3.0
1558,-0.848,-1.916,1.499,88.953,-0.000,-0.002,3.0
1559,-0.848,-1.916,1.499,89.286,-0.000,-0.002,3.0
1560,-0.848,-1.916,1.499,89.701,-0.000,-0.001,3.0
1561,-0.848,-1.916,1.499,90.181,-0.000,-0.001,3.0
1562,-0.848,-1.916,1.499,90.715,-0.000,0.000,3.0
1563,-0.848,-1.916,1.499,91.299,-0.000,0.001,3.0
1564,-0.848,-1.916,1.499,91.213,-0.000,0.001,3.0
1565,-0.848,-1.916,1.499,90.991,0.000,0.002,3.0
1566,-0.848,-1.916,1.499,90.658,0.000,0.002,3.0
1567,-0.848,-1.916,1.499,90.243,0.000,0.001,3.0
1568,-0.848,-1.916,1.499,89.764,0.000,0.001,3.0
1569,-0.848,-1.916,1.499,89.230,-0.000,-0.000,3.0
1570,-0.848,-1.916,1.499,88.647,-0.000,-0.001,3.0
1571,-0.848,-1.916,1.499,88.732,-0.000,-0.001,3.0
1572,-0.848,-1.916,1.499,88.954,-0.000,-0.002,3.0
1573,-0.848,-1.916,1.499,89.288,-0.000,-0.002,3.0
1574,-0.848,-1.916,1.499,89.702,-0.000,-0.001,3.0
1575,-0.848,-1.916,1.499,90.182,-0.000,-0.001,3.0
1576,-0.848,-1.916,1.499,90.716,-0.000,0.000,3.0
1577,-0.848,-1.916,1.499,91.299,-0.000,0.001,3.0
1578,-0.848,-1.916,1.499,91.214,-0.000,0.001,3.0
1579,-0.848,-1.916,1.499,90.992,0.000,0.002,3.0
1580,-0.848,-1.916,1.499,90.658,0.000,0.002,3.0
1581,-0.848,-1.916,1.499,90.243,0.000,0.001,3.0
1582,-0.848,-1.916,1.499,89.763,0.000,0.001,3.0
1583,-0.848,-1.916,1.499,89.229,-0.000,-0.000,3.0
1584,-0.848,-1.916,1.499,88.646,-0.000,-0.001,3.0
1585,-0.848,-1.916,1.499,88.731,-0.000,-0.001,3.0
1586,-0.848,-1.916,1.499,88.953,-0.000,-0.002,3.0
1587,-0.848,-1.916,1.499,89.286,-0.000,-0.002,3.0
1588,-0.848,-1.916,1.499,89.700,-0.000,-0.001,3.0
1589,-0.848,-1.916,1.499,90.180,-0.000,-0.001,3.0
1590,-0.848,-1.916,1.499,90.714,-0.000,0.000,3.0
1591,-0.848,-1.916,1.499,91.297,-0.000,0.001,3.0
1592,-0.848,-1.916,1.499,91.212,-0.000,0.001,3.0
1593,-0.848,-1.916,1.499,90.989,0.000,0.002,3.0
1594,-0.848,-1.916,1.499,90.655,0.000,0.002,3.0
1595,-0.848,-1.916,1.499,90.241,0.000,0.001,3.0
1596,-0.848,-1.916,1.499,89.761,0.000,0.001,3.0
1597,-0.848,-1.916,1.499,89.227,-0.000,-0.000,3.0
1598,-0.848,-1.916,1.499,88.643,-0.000,-0.001,3.0
1599,-0.848,-1.916,1.499,88.728,-0.000,-0.001,3.0
1600,-0.848,-1.916,1.499,88.950,-0.000,-0.002,3.0
1601,-0.848,-1.916,1.499,89.283,-0.000,-0.002,3.0
1602,-0.848,-1.916,1.499,89.697,-0.000,-0.001,3.0
1603,-0.848,-1.916,1.499,90.177,-0.000,-0.001,3.0
1604,-0.848,-1.916,1.499,90.711,-0.000,0.000,3.0
1605,-0.848,-1.916,1.499,91.294,-0.000,0.001,3.0
1606,-0.848,-1.916,1.499,91.209,-0.000,0.001,3.0
1607,-0.848,-1.916,1.499,90.987,0.000,0.002,3.0
1608,-0.848,-1.916,1.499,90.653,0.000,0.002,3.0
1609,-0.848,-1.916,1.499,90.238,0.000,0.001,3.0
1610,-0.848,-1.916,1.499,89.758,0.000,0.001,3.0
1611,-0.848,-1.916,1.499,89.224,-0.000,-0.000,3.0
1612,-0.848,-1.916,1.499,88.641,-0.000,-0.001,3.0
1613,-0.848,-1.916,1.499,88.726,-0.000,-0.001,3.0
1614,-0.848,-1.916,1.499,88.948,-0.000,-0.002,3.0
1615,-0.848,-1.916,1.499,89.281,-0.000,-0.002,3.0
1616,-0.848,-1.916,1.499,89.695,-0.000,-0.001,3.0
1617,-0.848,-1.916,1.499,90.175,-0.000,-0.001,3.0
1618,-0.848,-1.916,1.499,90.709,-0.000,0.000,3.0
1619,-0.848,-1.916,1.499,91.292,-0.000,0.001,3.0
1620,-0.848,-1.916,1.499,91.207,-0.000,0.001,3.0
1621,-0.848,-1.916,1.499,90.985,0.000,0.002,3.0
1622,-0.848,-1.916,1.499,90.651,0.000,0.002,3.0
1623,-0.848,-1.916,1.499,90.236,0.000,0.001,3.0
1624,-0.848,-1.916,1.499,89.757,0.000,0.001,3.0
1625,-0.848,-1.916,1.499,89.223,-0.000,-0.000,3.0
1626,-0.848,-1.916,1.499,88.639,-0.000,-0.001,3.0
1627,-0.848,-1.916,1.499,88.724,-0.000,-0.001,3.0
1628,-0.848,-1.916,1.499,88.946,-0.000,-0.002,3.0
1629,-0.848,-1.916,1.499,89.280,-0.000,-0.002,3.0
1630,-0.848,-1.916,1.499,89.694,-0.000,-0.001,3.0
1631,-0.848,-1.916,1.499,90.174,-0.000,-0.001,3.0
1632,-0.848,-1.916,1.499,90.708,-0.000,0.000,3.0
1633,-0.848,-1.916,1.499,91.291,-0.000,0.001,3.0
1634,-0.848,-1.916,1.499,91.206,-0.000,0.001,3.0
1635,-0.848,-1.916,1.499,90.984,0.000,0.002,3.0
1636,-0.848,-1.916,1.499,90.650,0.000,0.002,3.0
1637,-0.848,-1.916,1.499,90.236,0.000,0.001,3.0
1638,-0.848,-1.916,1.499,89.756,0.000,0.001,3.0
1639,-0.848,-1.916,1.499,89.222,0.000,-0.000,3.0
1640,-0.848,-1.916,1.499,88.639,-0.000,-0.001,3.0
1641,-0.848,-1.916,1.499,88.724,-0.000,-0.001,3.0
1642,-0.848,-1.916,1.499,88.946,-0.000,-0.002,3.0
1643,-0.848,-1.916,1.499,89.280,-0.000,-0.002,3.0
1644,-0.848,-1.916,1.499,89.695,-0.000,-0.001,3.0
1645,-0.848,-1.916,1.499,90.174,-0.000,-0.001,3.0
1646,-0.848,-1.916,1.499,90.709,-0.000,0.000,3.0
1647,-0.848,-1.916,1.499,91.292,-0.000,0.001,3.0
1648,-0.848,-1.916,1.499,91.207,-0.000,0.001,3.0
1649,-0.848,-1.916,1.499,90.985,0.000,0.002,3.0
1650,-0.848,-1.916,1.499,90.652,0.000,0.002,3.0
1651,-0.848,-1.916,1.499,90.238,0.000,0.001,3.0
1652,-0.848,-1.916,1.499,89.758,0.000,0.001,3.0
1653,-0.848,-1.916,1.499,89.224,0.000,-0.000,3.0
1654,-0.848,-1.916,1.499,88.641,-0.000,-0.001,3.0
1655,-0.848,-1.916,1.499,88.727,-0.000,-0.001,3.0
1656,-0.848,-1.916,1.499,88.949,-0.000,-0.002,3.0
1657,-0.848,-1.916,1.499,89.283,-0.000,-0.002,3.0
1658,-0.848,-1.916,1.499,89.697,-0.000,-0.001,3.0
1659,-0.848,-1.916,1.499,90.177,-0.000,-0.001,3.0
1660,-0.848,-1.916,1.499,90.712,-0.000,0.000,3.0
1661,-0.848,-1.916,1.499,91.295,-0.000,0.001,3.0
1662,-0.848,-1.916,1.499,91.210,-0.000,0.001,3.0
1663,-0.848,-1.916,1.499,90.988,0.000,0.002,3.0
1664,-0.848,-1.916,1.499,90.655,0.000,0.002,3.0
1665,-0.848,-1.916,1.499,90.241,0.000,0.001,3.0
1666,-0.848,-1.916,1.499,89.761,0.000,0.001,3.0
1667,-0.848,-1.916,1.499,89.227,-0.000,-0.000,3.0
1668,-0.848,-1.916,1.499,88.644,-0.000,-0.001,3.0
1669,-0.848,-1.916,1.499,88.730,-0.000,-0.001,3.0
1670,-0.848,-1.916,1.499,88.952,-0.000,-0.002,3.0
1671,-0.848,-1.916,1.499,89.285,-0.000,-0.002,3.0
1672,-0.848,-1.916,1.499,89.700,-0.000,-0.001,3.0
1673,-0.848,-1.916,1.499,90.180,-0.000,-0.001,3.0
1674,-0.848,-1.916,1.499,90.714,-0.000,0.000,3.0
1675,-0.848,-1.916,1.499,91.298,-0.000,0.001,3.0
1676,-0.848,-1.916,1.499,91.212,-0.000,0.001,3.0
1677,-0.848,-1.916,1.499,90.990,0.000,0.002,3.0
1678,-0.848,-1.916,1.499,90.657,0.000,0.002,3.0
1679,-0.848,-1.916,1.499,90.242,0.000,0.001,3.0
1680,-0.848,-1.916,1.499,89.763,0.000,0.001,3.0
1681,-0.848,-1.916,1.499,89.229,-0.000,-0.000,3.0
1682,-0.848,-1.916,1.499,88.646,-0.000,-0.001,3.0
1683,-0.848,-1.916,1.499,88.731,-0.000,-0.001,3.0
1684,-0.848,-1.916,1.499,88.953,-0.000,-0.002,3.0
1685,-0.848,-1.916,1.499,89.286,-0.000,-0.002,3.0
1686,-0.848,-1.916,1.499,89.701,-0.000,-0.001,3.0
1687,-0.848,-1.916,1.499,90.180,-0.000,-0.001,3.0
1688,-0.848,-1.916,1.499,90.714,-0.000,0.000,3.0
1689,-0.848,-1.916,1.499,91.298,-0.000,0.001,3.0
1690,-0.848,-1.916,1.499,91.212,-0.000,0.001,3.0
1691,-0.848,-1.916,1.499,90.990,0.000,0.002,3.0
1692,-0.848,-1.916,1.499,90.656,0.000,0.002,3.0
1693,-0.848,-1.916,1.499,90.241,0.000,0.001,3.0
1694,-0.848,-1.916,1.499,89.761,0.000,0.001,3.0
1695,-0.848,-1.916,1.499,89.227,-0.000,-0.000,3.0
1696,-0.848,-1.916,1.499,88.644,-0.000,-0.001,3.0
1697,-0.848,-1.916,1.499,88.729,-0.000,-0.001,3.0
1698,-0.848,-1.916,1.499,88.951,-0.000,-0.002,3.0
1699,-0.848,-1.916,1.499,89.284,-0.000,-0.002,3.0
1700,-0.848,-1.916,1.499,89.698,-0.000,-0.001,3.0
1701,-0.848,-1.916,1.499,90.178,-0.000,-0.001,3.0
1702,-0.848,-1.916,1.499,90.712,-0.000,0.000,3.0
1703,-0.848,-1.916,1.499,91.295,-0.000,0.001,3.0
1704,-0.848,-1.916,1.499,91.209,-0.000,0.001,3.0
1705,-0.848,-1.916,1.499,90.987,0.000,0.002,3.0
1706,-0.848,-1.916,1.499,90.653,0.000,0.002,3.0
1707,-0.848,-1.916,1.499,90.239,0.000,0.001,3.0
1708,-0.848,-1.916,1.499,89.759,0.000,0.001,3.0
1709,-0.848,-1.916,1.499,89.225,-0.000,-0.000,3.0
1710,-0.848,-1.916,1.499,88.641,-0.000,-0.001,3.0
1711,-0.848,-1.916,1.499,88.726,-0.000,-0.001,3.0
1712,-0.848,-1.916,1.499,88.948,-0.000,-0.002,3.0
1713,-0.848,-1.916,1.499,89.281,-0.000,-0.002,3.0
1714,-0.848,-1.916,1.499,89.696,-0.000,-0.001,3.0
1715,-0.848,-1.916,1.499,90.175,-0.000,-0.001,3.0
1716,-0.848,-1.916,1.499,90.709,-0.000,0.000,3.0
1717,-0.848,-1.916,1.499,91.293,-0.000,0.001,3.0
1718,-0.848,-1.916,1.499,91.207,-0.000,0.001,3.0
1719,-0.848,-1.916,1.499,90.985,0.000,0.002,3.0
1720,-0.848,-1.916,1.499,90.651,0.000,0.002,3.0
1721,-0.848,-1.916,1.499,90.237,0.000,0.001,3.0
1722,-0.848,-1.916,1.499,89.757,0.000,0.001,3.0
1723,-0.848,-1.916,1.499,89.223,0.000,-0.000,3.0
1724,-0.848,-1.916,1.499,88.640,-0.000,-0.001,3.0
1725,-0.848,-1.916,1.499,88.725,-0.000,-0.001,3.0
1726,-0.848,-1.916,1.499,88.947,-0.000,-0.002,3.0
1727,-0.848,-1.916,1.499,89.280,-0.000,-0.002,3.0
1728,-0.848,-1.916,1.499,89.695,-0.000,-0.001,3.0
1729,-0.848,-1.916,1.499,90.175,-0.000,-0.001,3.0
1730,-0.848,-1.916,1.499,90.709,-0.000,0.000,3.0
1731,-0.848,-1.916,1.499,91.293,-0.000,0.001,3.0
1732,-0.848,-1.916,1.499,91.207,-0.000,0.001,3.0
1733,-0.848,-1.916,1.499,90.985,0.000,0.002,3.0
1734,-0.848,-1.916,1.499,90.652,0.000,0.002,3.0
1735,-0.848,-1.916,1.499,90.238,0.000,0.001,3.0
1736,-0.848,-1.916,1.499,89.758,0.000,0.001,3.0
1737,-0.848,-1.916,1.499,89.224,-0.000,-0.000,3.0
1738,-0.848,-1.916,1.499,88.641,-0.000,-0.001,3.0
1739,-0.848,-1.916,1.499,88.727,-0.000,-0.001,3.0
1740,-0.848,-1.916,1.499,88.949,-0.000,-0.002,3.0
1741,-0.848,-1.916,1.499,89.283,-0.000,-0.002,3.0
1742,-0.848,-1.916,1.499,89.697,-0.000,-0.001,3.0
1743,-0.848,-1.916,1.499,90.177,-0.000,-0.001,3.0
1744,-0.848,-1.916,1.499,90.712,-0.000,0.000,3.0
1745,-0.848,-1.916,1.499,91.295,-0.000,0.001,3.0
1746,-0.848,-1.916,1.499,91.210,-0.000,0.001,3.0
1747,-0.848,-1.916,1.499,90.988,0.000,0.002,3.0
1748,-0.848,-1.916,1.499,90.655,0.000,0.002,3.0
1749,-0.848,-1.916,1.499,90.240,0.000,0.001,3.0
1750,-0.848,-1.916,1.499,89.761,0.000,0.001,3.0
1751,-0.848,-1.916,1.499,89.227,-0.000,-0.000,3.0
1752,-0.848,-1.916,1.499,88.644,-0.000,-0.001,3.0
1753,-0.848,-1.916,1.499,88.730,-0.000,-0.001,3.0
1754,-0.848,-1.916,1.499,88.952,-0.000,-0.002,3.0
1755,-0.848,-1.916,1.499,89.285,-0.000,-0.002,3.0
1756,-0.848,-1.916,1.499,89.700,-0.000,-0.001,3.0
1757,-0.848,-1.916,1.499,90.180,-0.000,-0.001,3.0
1758,-0.848,-1.916,1.499,90.714,-0.000,0.000,3.0
1759,-0.848,-1.916,1.499,91.298,-0.000,0.001,3.0
1760,-0.848,-1.916,1.499,91.212,-0.000,0.001,3.0
1761,-0.848,-1.916,1.499,90.990,0.000,0.002,3.0
1762,-0.848,-1.916,1.499,90.657,0.000,0.002,3.0
1763,-0.848,-1.916,1.499,90.242,0.000,0.001,3.0
1764,-0.848,-1.916,1.499,89.762,0.000,0.001,3.0
1765,-0.848,-1.916,1.499,89.228,-0.000,-0.000,3.0
1766,-0.848,-1.916,1.499,88.645,-0.000,-0.001,3.0
1767,-0.848,-1.916,1.499,88.730,-0.000,-0.001,3.0
1768,-0.848,-1.916,1.499,88.952,-0.000,-0.002,3.0
1769,-0.848,-1.916,1.499,89.285,-0.000,-0.002,3.0
1770,-0.848,-1.916,1.499,89.700,-0.000,-0.001,3.0
1771,-0.848,-1.916,1.499,90.179,-0.000,-0.001,3.0
1772,-0.848,-1.916,1.499,90.713,-0.000,0.000,3.0
1773,-0.848,-1.916,1.499,91.297,-0.000,0.001,3.0
1774,-0.848,-1.916,1.499,91.211,-0.000,0.001,3.0
1775,-0.848,-1.916,1.499,90.989,0.000,0.002,3.0
1776,-0.848,-1.916,1.499,90.655,0.000,0.002,3.0
1777,-0.848,-1.916,1.499,90.240,0.000,0.001,3.0
1778,-0.848,-1.916,1.499,89.760,0.000,0.001,3.0
1779,-0.848,-1.916,1.499,89.226,-0.000,-0.000,3.0
1780,-0.848,-1.916,1.499,88.643,-0.000,-0.001,3.0
1781,-0.848,-1.916,1.499,88.728,-0.000,-0.001,3.0
1782,-0.848,-1.916,1.499,88.950,-0.000,-0.002,3.0
1783,-0.848,-1.916,1.499,89.283,-0.000,-0.002,3.0
1784,-0.848,-1.916,1.499,89.697,-0.000,-0.001,3.0
1785,-0.848,-1.916,1.499,90.177,-0.000,-0.001,3.0
1786,-0.848,-1.916,1.499,90.711,-0.000,0.000,3.0
1787,-0.848,-1.916,1.499,91.294,-0.000,0.001,3.0
1788,-0.848,-1.916,1.499,91.208,-0.000,0.001,3.0
1789,-0.848,-1.916,1.499,90.986,0.000,0.002,3.0
1790,-0.848,-1.916,1.499,90.652,0.000,0.002,3.0
1791,-0.848,-1.916,1.499,90.237,0.000,0.001,3.0
1792,-0.848,-1.916,1.499,89.758,0.000,0.001,3.0
1793,-0.848,-1.916,1.499,89.223,-0.000,-0.000,3.0
1794,-0.848,-1.916,1.499,88.640,-0.000,-0.001,3.0
1795,-0.848,-1.916,1.499,88.725,-0.000,-0.001,3.0
1796,-0.848,-1.916,1.499,88.947,-0.000,-0.002,3.0
1797,-0.848,-1.916,1.499,89.281,-0.000,-0.002,3.0
1798,-0.848,-1.916,1.499,89.695,-0.000,-0.001,3.0
1799,-0.848,-1.916,1.499,90.175,-0.000,-0.001,3.0
1800,-0.848,-1.916,1.499,90.709,-0.000,0.000,3.0
1801,-0.848,-1.916,1.499,91.292,-0.000,0.001,3.0
1802,-0.848,-1.916,1.499,91.207,-0.000,0.001,3.0
1803,-0.848,-1.916,1.499,90.985,0.000,0.002,3.0
1804,-0.848,-1.916,1.499,90.651,0.000,0.002,3.0
1805,-0.848,-1.916,1.499,90.237,0.000,0.001,3.0
1806,-0.848,-1.916,1.499,89.757,0.000,0.001,3.0
1807,-0.848,-1.916,1.499,89.224,-0.000,-0.000,3.0
1808,-0.848,-1.916,1.499,88.640,-0.000,-0.001,3.0
1809,-0.848,-1.916,1.499,88.726,-0.000,-0.001,3.0
1810,-0.848,-1.916,1.499,88.948,-0.000,-0.002,3.0
1811,-0.848,-1.916,1.499,89.282,-0.000,-0.002,3.0
1812,-0.848,-1.916,1.499,89.696,-0.000,-0.001,3.0
1813,-0.848,-1.916,1.499,90.176,-0.000,-0.001,3.0
1814,-0.848,-1.916,1.499,90.711,-0.000,0.000,3.0
1815,-0.848,-1.916,1.499,91.294,-0.000,0.001,3.0
1816,-0.848,-1.916,1.499,91.209,-0.000,0.001,3.0
1817,-0.848,-1.916,1.499,90.987,0.000,0.002,3.0
1818,-0.848,-1.916,1.499,90.654,0.000,0.002,3.0
1819,-0.848,-1.916,1.499,90.239,0.000,0.001,3.0
1820,-0.848,-1.916,1.499,89.760,0.000,0.001,3.0
1821,-0.848,-1.916,1.499,89.226,-0.000,-0.000,3.0
1822,-0.848,-1.916,1.499,88.643,-0.000,-0.001,3.0
1823,-0.848,-1.916,1.499,88.729,-0.000,-0.001,3.0
1824,-0.848,-1.916,1.499,88.951,-0.000,-0.002,3.0
1825,-0.848,-1.916,1.499,89.284,-0.000,-0.002,3.0
1826,-0.848,-1.916,1.499,89.699,-0.000,-0.001,3.0
1827,-0.848,-1.916,1.499,90.179,-0.000,-0.001,3.0
1828,-0.848,-1.916,1.499,90.713,-0.000,0.000,3.0
1829,-0.848,-1.916,1.499,91.297,-0.000,0.001,3.0
1830,-0.848,-1.916,1.499,91.212,-0.000,0.001,3.0
1831,-0.848,-1.916,1.499,90.990,0.000,0.002,3.0
1832,-0.848,-1.916,1.499,90.656,0.000,0.002,3.0
1833,-0.848,-1.916,1.499,90.242,0.000,0.001,3.0
1834,-0.848,-1.916,1.499,89.762,0.000,0.001,3.0
1835,-0.848,-1.916,1.499,89.228,-0.000,-0.000,3.0
1836,-0.848,-1.916,1.499,88.645,-0.000,-0.001,3.0
1837,-0.848,-1.916,1.499,88.730,-0.000,-0.001,3.0
1838,-0.848,-1.916,1.499,88.952,-0.000,-0.002,3.0
1839,-0.848,-1.916,1.499,89.285,-0.000,-0.002,3.0
1840,-0.848,-1.916,1.499,89.700,-0.000,-0.001,3.0
1841,-0.848,-1.916,1.499,90.179,-0.000,-0.001,3.0
1842,-0.848,-1.916,1.499,90.713,-0.000,0.000,3.0
1843,-0.848,-1.916,1.499,91.297,-0.000,0.001,3.0
1844,-0.848,-1.916,1.499,91.211,-0.000,0.001,3.0
1845,-0.848,-1.916,1.499,90.989,0.000,0.002,3.0
1846,-0.848,-1.916,1.499,90.655,0.000,0.002,3.0
1847,-0.848,-1.916,1.499,90.240,0.000,0.001,3.0
1848,-0.848,-1.916,1.499,89.760,0.000,0.001,3.0
1849,-0.848,-1.916,1.499,89.226,-0.000,-0.000,3.0
1850,-0.848,-1.916,1.499,88.643,-0.000,-0.001,3.0
1851,-0.848,-1.916,1.499,88.728,-0.000,-0.001,3.0
1852,-0.848,-1.916,1.499,88.950,-0.000,-0.002,3.0
1853,-0.848,-1.916,1.499,89.283,-0.000,-0.002,3.0
1854,-0.848,-1.916,1.499,89.697,-0.000,-0.001,3.0
1855,-0.848,-1.916,1.499,90.177,-0.000,-0.001,3.0
1856,-0.848,-1.916,1.499,90.711,-0.000,0.000,3.0
1857,-0.848,-1.916,1.499,91.294,-0.000,0.001,3.0
1858,-0.848,-1.916,1.499,91.208,-0.000,0.001,3.0
1859,-0.848,-1.917,1.499,90.986,0.000,0.002,3.0
1860,-0.848,-1.917,1.499,90.652,0.000,0.002,3.0
1861,-0.848,-1.917,1.499,90.238,0.000,0.001,3.0
1862,-0.848,-1.917,1.499,89.758,0.000,0.001,3.0
1863,-0.848,-1.917,1.499,89.224,-0.000,-0.000,3.0
1864,-0.848,-1.917,1.499,88.640,-0.000,-0.001,3.0
1865,-0.848,-1.917,1.499,88.726,-0.000,-0.001,3.0
1866,-0.848,-1.917,1.499,88.947,-0.000,-0.002,3.0
1867,-0.848,-1.917,1.499,89.281,-0.000,-0.002,3.0
1868,-0.848,-1.917,1.499,89.695,-0.000,-0.001,3.0
1869,-0.848,-1.917,1.499,90.175,-0.000,-0.001,3.0
1870,-0.848,-1.917,1.499,90.709,-0.000,0.000,3.0
1871,-0.848,-1.917,1.499,91.293,-0.000,0.001,3.0
1872,-0.848,-1.917,1.499,91.207,-0.000,0.001,3.0
1873,-0.848,-1.917,1.499,90.985,0.000,0.002,3.0
1874,-0.848,-1.917,1.499,90.652,0.000,0.002,3.0
1875,-0.848,-1.917,1.499,90.237,0.000,0.001,3.0
1876,-0.848,-1.917,1.499,89.758,0.000,0.001,3.0
1877,-0.848,-1.917,1.499,89.224,-0.000,-0.000,3.0
1878,-0.848,-1.917,1.499,88.641,-0.000,-0.001,3.0
1879,-0.848,-1.917,1.499,88.726,-0.000,-0.001,3.0
1880,-0.848,-1.917,1.499,88.948,-0.000,-0.002,3.0
1881,-0.848,-1.917,1.499,89.282,-0.000,-0.002,3.0
1882,-0.848,-1.917,1.499,89.697,-0.000,-0.001,3.0
1883,-0.848,-1.917,1.499,90.177,-0.000,-0.001,3.0
1884,-0.848,-1.917,1.499,90.711,-0.000,0.000,3.0
1885,-0.848,-1.917,1.499,91.295,-0.000,0.001,3.0
1886,-0.848,-1.917,1.499,91.209,-0.000,0.001,3.0
1887,-0.848,-1.917,1.499,90.988,0.000,0.002,3.0
1888,-0.848,-1.917,1.499,90.654,0.000,0.002,3.0
1889,-0.848,-1.917,1.499,90.240,0.000,0.001,3.0
1890,-0.848,-1.917,1.499,89.760,0.000,0.001,3.0
1891,-0.848,-1.917,1.499,89.227,-0.000,-0.000,3.0
1892,-0.848,-1.917,1.499,88.644,-0.000,-0.001,3.0
1893,-0.848,-1.917,1.499,88.729,-0.000,-0.001,3.0
1894,-0.848,-1.917,1.499,88.951,-0.000,-0.002,3.0
1895,-0.848,-1.917,1.499,89.285,-0.000,-0.002,3.0
1896,-0.848,-1.916,1.499,89.699,-0.000,-0.001,3.0
1897,-0.848,-1.916,1.499,90.179,-0.000,-0.001,3.0
1898,-0.848,-1.916,1.499,90.713,-0.000,0.000,3.0
1899,-0.848,-1.916,1.499,91.297,-0.000,0.001,3.0
1900,-0.848,-1.916,1.499,91.212,-0.000,0.001,3.0
1901,-0.848,-1.917,1.499,90.990,0.000,0.002,3.0
1902,-0.848,-1.917,1.499,90.656,0.000,0.002,3.0
1903,-0.848,-1.917,1.499,90.241,0.000,0.001,3.0
1904,-0.848,-1.916,1.499,89.762,0.000,0.001,3.0
1905,-0.848,-1.916,1.499,89.227,-0.000,-0.000,3.0
1906,-0.848,-1.916,1.499,88.644,-0.000,-0.001,3.0
1907,-0.848,-1.916,1.499,88.730,-0.000,-0.001,3.0
1908,-0.848,-1.916,1.499,88.951,-0.000,-0.002,3.0
1909,-0.848,-1.916,1.499,89.285,-0.000,-0.002,3.0
1910,-0.848,-1.916,1.499,89.699,-0.000,-0.001,3.0
1911,-0.848,-1.916,1.499,90.178,-0.000,-0.001,3.0
1912,-0.848,-1.916,1.499,90.712,-0.000,0.000,3.0
1913,-0.848,-1.916,1.499,91.296,-0.000,0.001,3.0
1914,-0.848,-1.917,1.499,91.210,-0.000,0.001,3.0
1915,-0.848,-1.917,1.499,90.988,0.000,0.002,3.0
1916,-0.848,-1.917,1.499,90.654,0.000,0.002,3.0
1917,-0.848,-1.917,1.499,90.239,0.000,0.001,3.0
1918,-0.848,-1.917,1.499,89.759,0.000,0.001,3.0
1919,-0.848,-1.917,1.499,89.225,-0.000,-0.000,3.0
1920,-0.848,-1.917,1.499,88.642,-0.000,-0.001,3.0
1921,-0.848,-1.917,1.499,88.727,-0.000,-0.001,3.0
1922,-0.848,-1.917,1.499,88.949,-0.000,-0.002,3.0
1923,-0.848,-1.917,1.499,89.282,-0.000,-0.002,3.0
1924,-0.848,-1.917,1.499,89.696,-0.000,-0.001,3.0
1925,-0.848,-1.917,1.499,90.176,-0.000,-0.001,3.0
1926,-0.848,-1.917,1.499,90.710,-0.000,0.000,3.0
1927,-0.848,-1.917,1.499,91.293,-0.000,0.001,3.0
1928,-0.848,-1.917,1.499,91.208,-0.000,0.001,3.0
1929,-0.848,-1.917,1.499,90.985,0.000,0.002,3.0
1930,-0.848,-1.917,1.499,90.652,0.000,0.002,3.0
1931,-0.848,-1.917,1.499,90.237,0.000,0.001,3.0
1932,-0.848,-1.917,1.499,89.757,0.000,0.001,3.0
1933,-0.848,-1.917,1.499,89.223,0.000,-0.000,3.0
1934,-0.848,-1.917,1.499,88.640,-0.000,-0.001,3.0
1935,-0.848,-1.917,1.499,88.725,-0.000,-0.001,3.0
1936,-0.848,-1.917,1.499,88.947,-0.000,-0.002,3.0
1937,-0.848,-1.917,1.499,89.281,-0.000,-0.002,3.0
1938,-0.848,-1.917,1.499,89.695,-0.000,-0.001,3.0
1939,-0.848,-1.917,1.499,90.175,-0.000,-0.001,3.0
1940,-0.848,-1.917,1.499,90.710,-0.000,0.000,3.0
1941,-0.848,-1.917,1.499,91.293,-0.000,0.001,3.0
1942,-0.848,-1.917,1.499,91.208,-0.000,0.001,3.0
1943,-0.848,-1.917,1.499,90.986,0.000,0.002,3.0
1944,-0.848,-1.917,1.499,90.652,0.000,0.002,3.0
1945,-0.848,-1.917,1.499,90.238,0.000,0.001,3.0
1946,-0.848,-1.917,1.499,89.759,0.000,0.001,3.0
1947,-0.848,-1.917,1.499,89.225,-0.000,-0.000,3.0
1948,-0.848,-1.917,1.499,88.642,-0.000,-0.001,3.0
1949,-0.848,-1.917,1.499,88.727,-0.000,-0.001,3.0
1950,-0.848,-1.917,1.499,88.949,-0.000,-0.002,3.0
1951,-0.848,-1.917,1.499,89.283,-0.000,-0.002,3.0
1952,-0.848,-1.917,1.499,89.698,-0.000,-0.001,3.0
1953,-0.848,-1.917,1.499,90.178,-0.000,-0.001,3.0
1954,-0.848,-1.917,1.499,90.712,-0.000,0.000,3.0
1955,-0.848,-1.917,1.499,91.296,-0.000,0.001,3.0
1956,-0.848,-1.917,1.499,91.210,-0.000,0.001,3.0
1957,-0.848,-1.917,1.499,90.989,0.000,0.002,3.0
1958,-0.848,-1.917,1.499,90.655,0.000,0.002,3.0
1959,-0.848,-1.917,1.499,90.241,0.000,0.001,3.0
1960,-0.848,-1.917,1.499,89.761,0.000,0.001,3.0
1961,-0.848,-1.917,1.499,89.227,-0.000,-0.000,3.0
1962,-0.848,-1.917,1.499,88.644,-0.000,-0.001,3.0
1963,-0.848,-1.917,1.499,88.730,-0.000,-0.001,3.0
1964,-0.848,-1.917,1.499,88.952,-0.000,-0.002,3.0
1965,-0.848,-1.917,1.499,89.285,-0.000,-0.002,3.0
1966,-0.848,-1.917,1.499,89.699,-0.000,-0.001,3.0
1967,-0.848,-1.917,1.499,90.179,-0.000,-0.001,3.0
1968,-0.848,-1.917,1.499,90.713,-0.000,0.000,3.0
1969,-0.848,-1.917,1.499,91.297,-0.000,0.001,3.0
1970,-0.848,-1.917,1.499,91.211,-0.000,0.001,3.0
1971,-0.848,-1.917,1.499,90.989,0.000,0.002,3.0
1972,-0.848,-1.917,1.499,90.655,0.000,0.002,3.0
1973,-0.848,-1.917,1.499,90.241,0.000,0.001,3.0
1974,-0.848,-1.917,1.499,89.761,0.000,0.001,3.0
1975,-0.848,-1.917,1.499,89.227,-0.000,-0.000,3.0
1976,-0.848,-1.917,1.499,88.643,-0.000,-0.001,3.0
1977,-0.848,-1.917,1.499,88.729,-0.000,-0.001,3.0
1978,-0.848,-1.917,1.499,88.950,-0.000,-0.002,3.0
1979,-0.848,-1.917,1.499,89.283,-0.000,-0.002,3.0
1980,-0.848,-1.917,1.499,89.698,-0.000,-0.001,3.0
1981,-0.848,-1.917,1.499,90.177,-0.000,-0.001,3.0
1982,-0.848,-1.917,1.499,90.711,-0.000,0.000,3.0
1983,-0.848,-1.917,1.499,91.295,-0.000,0.001,3.0
1984,-0.848,-1.917,1.499,91.209,-0.000,0.001,3.0
1985,-0.848,-1.917,1.499,90.987,0.000,0.002,3.0
1986,-0.848,-1.917,1.499,90.653,0.000,0.002,3.0
1987,-0.848,-1.917,1.499,90.238,0.000,0.001,3.0
1988,-0.848,-1.917,1.499,89.758,0.000,0.001,3.0
1989,-0.848,-1.917,1.499,89.224,-0.000,-0.000,3.0
1990,-0.848,-1.917,1.499,88.641,-0.000,-0.001,3.0
1991,-0.848,-1.917,1.499,88.726,-0.000,-0.001,3.0
1992,-0.848,-1.917,1.499,88.948,-0.000,-0.002,3.0
1993,-0.848,-1.917,1.499,89.281,-0.000,-0.002,3.0
1994,-0.848,-1.917,1.499,89.695,-0.000,-0.001,3.0
1995,-0.848,-1.917,1.499,90.175,-0.000,-0.001,3.0
1996,-0.848,-1.917,1.499,90.709,-0.000,0.000,3.0
1997,-0.848,-1.917,1.499,91.293,-0.000,0.001,3.0
1998,-0.848,-1.917,1.499,91.207,-0.000,0.001,3.0
1999,-0.848,-1.917,1.499,90.985,0.000,0.002,3.0
2000,-0.848,-1.917,1.499,90.652,0.000,0.002,3.0
2001,-0.848,-1.917,1.499,90.237,0.000,0.001,3.0
2002,-0.848,-1.917,1.499,89.758,0.000,0.001,3.0
2003,-0.848,-1.917,1.499,89.224,-0.000,-0.000,3.0
2004,-0.848,-1.917,1.499,88.641,-0.000,-0.001,3.0
2005,-0.848,-1.917,1.499,88.726,-0.000,-0.001,3.0
2006,-0.848,-1.917,1.499,88.948,-0.000,-0.002,3.0
2007,-0.848,-1.917,1.499,89.282,-0.000,-0.002,3.0
2008,-0.848,-1.917,1.499,89.696,-0.000,-0.001,3.0
2009,-0.848,-1.917,1.499,90.176,-0.000,-0.001,3.0
2010,-0.848,-1.917,1.499,90.711,-0.000,0.000,3.0
2011,-0.848,-1.917,1.499,91.294,-0.000,0.001,3.0
2012,-0.848,-1.917,1.499,91.209,-0.000,0.001,3.0
2013,-0.848,-1.917,1.499,90.987,0.000,0.002,3.0
2014,-0.848,-1.917,1.499,90.654,0.000,0.002,3.0
2015,-0.848,-1.917,1.499,90.239,0.000,0.001,3.0
2016,-0.848,-1.917,1.499,89.760,0.000,0.001,3.0
2017,-0.848,-1.917,1.499,89.226,-0.000,-0.000,3.0
2018,-0.848,-1.917,1.499,88.643,-0.000,-0.001,3.0
2019,-0.848,-1.917,1.499,88.729,-0.000,-0.001,3.0
2020,-0.848,-1.917,1.499,88.951,-0.000,-0.002,3.0
2021,-0.848,-1.917,1.499,89.284,-0.000,-0.002,3.0
2022,-0.848,-1.917,1.499,89.699,-0.000,-0.001,3.0
2023,-0.848,-1.917,1.499,90.179,-0.000,-0.001,3.0
2024,-0.848,-1.917,1.499,90.713,-0.000,0.000,3.0
2025,-0.848,-1.917,1.499,91.297,-0.000,0.001,3.0
2026,-0.848,-1.917,1.499,91.211,-0.000,0.001,3.0
2027,-0.848,-1.917,1.499,90.989,0.000,0.002,3.0
2028,-0.848,-1.917,1.499,90.656,0.000,0.002,3.0
2029,-0.848,-1.917,1.499,90.241,0.000,0.001,3.0
2030,-0.848,-1.917,1.499,89.761,0.000,0.001,3.0
2031,-0.848,-1.917,1.499,89.227,-0.000,-0.000,3.0
2032,-0.848,-1.917,1.499,88.644,-0.000,-0.001,3.0
2033,-0.848,-1.917,1.499,88.729,-0.000,-0.001,3.0
2034,-0.848,-1.917,1.499,88.951,-0.000,-0.002,3.0
2035,-0.848,-1.917,1.499,89.285,-0.000,-0.002,3.0
2036,-0.848,-1.917,1.499,89.699,-0.000,-0.001,3.0
2037,-0.848,-1.917,1.499,90.178,-0.000,-0.001,3.0
2038,-0.848,-1.917,1.499,90.712,-0.000,0.000,3.0
2039,-0.848,-1.917,1.499,91.296,-0.000,0.001,3.0
2040,-0.848,-1.917,1.499,91.210,-0.000,0.001,3.0
2041,-0.848,-1.917,1.499,90.988,0.000,0.002,3.0
2042,-0.848,-1.917,1.499,90.654,0.000,0.002,3.0
2043,-0.848,-1.917,1.499,90.239,0.000,0.001,3.0
2044,-0.848,-1.917,1.499,89.760,0.000,0.001,3.0
2045,-0.848,-1.917,1.499,89.225,-0.000,-0.000,3.0
2046,-0.848,-1.917,1.499,88.642,-0.000,-0.001,3.0
2047,-0.848,-1.917,1.499,88.727,-0.000,-0.001,3.0
2048,-0.848,-1.917,1.499,88.949,-0.000,-0.002,3.0
2049,-0.848,-1.917,1.499,89.282,-0.000,-0.002,3.0
2050,-0.848,-1.917,1.499,89.696,-0.000,-0.001,3.0
2051,-0.848,-1.917,1.499,90.176,-0.000,-0.001,3.0
2052,-0.848,-1.917,1.499,90.710,-0.000,0.000,3.0
2053,-0.848,-1.917,1.499,91.293,-0.000,0.001,3.0
2054,-0.848,-1.917,1.499,91.208,-0.000,0.001,3.0
2055,-0.848,-1.917,1.499,90.985,0.000,0.002,3.0
2056,-0.848,-1.917,1.499,90.652,0.000,0.002,3.0
2057,-0.848,-1.917,1.499,90.237,0.000,0.001,3.0
2058,-0.848,-1.917,1.499,89.757,0.000,0.001,3.0
2059,-0.848,-1.917,1.499,89.223,-0.000,-0.000,3.0
2060,-0.848,-1.917,1.499,88.640,-0.000,-0.001,3.0
2061,-0.848,-1.917,1.499,88.726,-0.000,-0.001,3.0
2062,-0.848,-1.917,1.499,88.947,-0.000,-0.002,3.0
2063,-0.848,-1.917,1.499,89.281,-0.000,-0.002,3.0
2064,-0.848,-1.917,1.499,89.695,-0.000,-0.001,3.0
2065,-0.848,-1.917,1.499,90.175,-0.000,-0.001,3.0
2066,-0.848,-1.917,1.499,90.710,-0.000,0.000,3.0
2067,-0.848,-1.917,1.499,91.293,-0.000,0.001,3.0
2068,-0.848,-1.917,1.499,91.208,-0.000,0.001,3.0
2069,-0.848,-1.917,1.499,90.986,0.000,0.002,3.0
2070,-0.848,-1.917,1.499,90.652,0.000,0.002,3.0
2071,-0.848,-1.917,1.499,90.238,0.000,0.001,3.0
2072,-0.848,-1.917,1.499,89.759,0.000,0.001,3.0
2073,-0.848,-1.917,1.499,89.225,-0.000,-0.000,3.0
2074,-0.848,-1.917,1.499,88.642,-0.000,-0.001,3.0
2075,-0.848,-1.917,1.499,88.727,-0.000,-0.001,3.0
2076,-0.848,-1.917,1.499,88.949,-0.000,-0.002,3.0
2077,-0.848,-1.917,1.499,89.283,-0.000,-0.002,3.0
2078,-0.848,-1.917,1.499,89.698,-0.000,-0.001,3.0
2079,-0.848,-1.917,1.499,90.178,-0.000,-0.001,3.0
2080,-0.848,-1.917,1.499,90.712,-0.000,0.000,3.0
2081,-0.848,-1.917,1.499,91.296,-0.000,0.001,3.0
2082,-0.848,-1.917,1.499,91.210,-0.000,0.001,3.0
2083,-0.848,-1.917,1.499,90.988,0.000,0.002,3.0
2084,-0.848,-1.917,1.499,90.655,0.000,0.002,3.0
2085,-0.848,-1.917,1.499,90.241,0.000,0.001,3.0
2086,-0.848,-1.917,1.499,89.761,0.000,0.001,3.0
2087,-0.848,-1.917,1.499,89.227,-0.000,-0.000,3.0
2088,-0.848,-1.917,1.499,88.644,-0.000,-0.001,3.0
2089,-0.848,-1.917,1.499,88.729,-0.000,-0.001,3.0
2090,-0.848,-1.917,1.499,88.951,-0.000,-0.002,3.0
2091,-0.848,-1.917,1.499,89.285,-0.000,-0.002,3.0
2092,-0.848,-1.917,1.499,89.699,-0.000,-0.001,3.0
2093,-0.848,-1.917,1.499,90.179,-0.000,-0.001,3.0
2094,-0.848,-1.917,1.499,90.713,-0.000,0.000,3.0
2095,-0.848,-1.917,1.499,91.297,-0.000,0.001,3.0
2096,-0.848,-1.917,1.499,91.211,-0.000,0.001,3.0
2097,-0.848,-1.917,1.499,90.989,0.000,0.002,3.0
2098,-0.848,-1.917,1.499,90.655,0.000,0.002,3.0
2099,-0.848,-1.917,1.499,90.240,0.000,0.001,3.0
2100,-0.848,-1.917,1.499,89.761,0.000,0.001,3.0
2101,-0.848,-1.917,1.499,89.226,-0.000,-0.000,3.0
2102,-0.848,-1.917,1.499,88.643,-0.000,-0.001,3.0
2103,-0.848,-1.917,1.499,88.728,-0.000,-0.001,3.0
2104,-0.848,-1.917,1.499,88.950,-0.000,-0.002,3.0
2105,-0.848,-1.917,1.499,89.283,-0.000,-0.002,3.0
2106,-0.848,-1.917,1.499,89.697,-0.000,-0.001,3.0
2107,-0.848,-1.917,1.499,90.177,-0.000,-0.001,3.0
2108,-0.848,-1.917,1.499,90.711,-0.000,0.000,3.0
2109,-0.848,-1.917,1.499,91.294,-0.000,0.001,3.0
2110,-0.848,-1.917,1.499,91.209,-0.000,0.001,3.0
2111,-0.848,-1.917,1.499,90.986,0.000,0.002,3.0
2112,-0.848,-1.917,1.499,90.653,0.000,0.002,3.0
2113,-0.848,-1.917,1.499,90.238,0.000,0.001,3.0
2114,-0.848,-1.917,1.499,89.758,0.000,0.001,3.0
2115,-0.848,-1.917,1.499,89.224,-0.000,-0.000,3.0
2116,-0.848,-1.917,1.499,88.641,-0.000,-0.001,3.0
2117,-0.848,-1.917,1.499,88.726,-0.000,-0.001,3.0
2118,-0.848,-1.917,1.499,88.948,-0.000,-0.002,3.0
2119,-0.848,-1.917,1.499,89.281,-0.000,-0.002,3.0
2120,-0.848,-1.917,1.499,89.695,-0.000,-0.001,3.0
2121,-0.848,-1.917,1.499,90.175,-0.000,-0.001,3.0
2122,-0.848,-1.917,1.499,90.709,-0.000,0.000,3.0
2123,-0.848,-1.917,1.499,91.293,-0.000,0.001,3.0
2124,-0.848,-1.917,1.499,91.207,-0.000,0.001,3.0
2125,-0.848,-1.917,1.499,90.985,0.000,0.002,3.0
2126,-0.848,-1.917,1.499,90.652,0.000,0.002,3.0
2127,-0.848,-1.917,1.499,90.237,0.000,0.001,3.0
2128,-0.848,-1.917,1.499,89.758,0.000,0.001,3.0
2129,-0.848,-1.917,1.499,89.224,-0.000,-0.000,3.0
2130,-0.848,-1.917,1.499,88.641,-0.000,-0.001,3.0
2131,-0.848,-1.917,1.499,88.726,-0.000,-0.001,3.0
2132,-0.848,-1.917,1.499,88.948,-0.000,-0.002,3.0
2133,-0.848,-1.917,1.499,89.282,-0.000,-0.002,3.0
2134,-0.848,-1.917,1.499,89.697,-0.000,-0.001,3.0
2135,-0.848,-1.917,1.499,90.177,-0.000,-0.001,3.0
2136,-0.848,-1.917,1.499,90.711,-0.000,0.000,3.0
2137,-0.848,-1.917,1.499,91.295,-0.000,0.001,3.0
2138,-0.848,-1.917,1.499,91.209,-0.000,0.001,3.0
2139,-0.848,-1.917,1.499,90.987,0.000,0.002,3.0
2140,-0.848,-1.917,1.499,90.654,0.000,0.002,3.0
2141,-0.848,-1.917,1.499,90.240,0.000,0.001,3.0
2142,-0.848,-1.917,1.499,89.760,0.000,0.001,3.0
2143,-0.848,-1.917,1.499,89.227,-0.000,-0.000,3.0
2144,-0.848,-1.917,1.499,88.644,-0.000,-0.001,3.0
2145,-0.848,-1.917,1.499,88.729,-0.000,-0.001,3.0
2146,-0.848,-1.917,1.499,88.951,-0.000,-0.002,3.0
2147,-0.848,-1.917,1.499,89.285,-0.000,-0.002,3.0
2148,-0.848,-1.917,1.499,89.699,-0.000,-0.001,3.0
2149,-0.848,-1.917,1.499,90.179,-0.000,-0.001,3.0
2150,-0.848,-1.917,1.499,90.713,-0.000,0.000,3.0
2151,-0.848,-1.917,1.499,91.297,-0.000,0.001,3.0
2152,-0.848,-1.917,1.499,91.211,-0.000,0.001,3.0
2153,-0.848,-1.917,1.499,90.989,0.000,0.002,3.0
2154,-0.848,-1.917,1.499,90.656,0.000,0.002,3.0
2155,-0.848,-1.917,1.499,90.241,0.000,0.001,3.0
2156,-0.848,-1.917,1.499,89.761,0.000,0.001,3.0
2157,-0.848,-1.917,1.499,89.227,-0.000,-0.000,3.0
2158,-0.848,-1.917,1.499,88.644,-0.000,-0.001,3.0
2159,-0.848,-1.917,1.499,88.729,-0.000,-0.001,3.0
2160,-0.848,-1.917,1.499,88.951,-0.000,-0.002,3.0
2161,-0.848,-1.917,1.499,89.284,-0.000,-0.002,3.0
2162,-0.848,-1.917,1.499,89.699,-0.000,-0.001,3.0
2163,-0.848,-1.917,1.499,90.178,-0.000,-0.001,3.0
2164,-0.848,-1.917,1.499,90.712,-0.000,0.000,3.0
2165,-0.848,-1.917,1.499,91.296,-0.000,0.001,3.0
2166,-0.848,-1.917,1.499,91.210,-0.000,0.001,3.0
2167,-0.848,-1.917,1.499,90.988,0.000,0.002,3.0
2168,-0.848,-1.917,1.499,90.654,0.000,0.002,3.0
2169,-0.848,-1.917,1.499,90.239,0.000,0.001,3.0
2170,-0.848,-1.917,1.499,89.759,0.000,0.001,3.0
2171,-0.848,-1.917,1.499,89.225,-0.000,-0.000,3.0
2172,-0.848,-1.917,1.499,88.642,-0.000,-0.001,3.0
2173,-0.848,-1.917,1.499,88.727,-0.000,-0.001,3.0
2174,-0.848,-1.917,1.499,88.949,-0.000,-0.002,3.0
2175,-0.848,-1.917,1.499,89.282,-0.000,-0.002,3.0
2176,-0.848,-1.917,1.499,89.696,-0.000,-0.001,3.0
2177,-0.848,-1.917,1.499,90.176,-0.000,-0.001,3.0
2178,-0.848,-1.917,1.499,90.710,-0.000,0.000,3.0
2179,-0.848,-1.917,1.499,91.293,-0.000,0.001,3.0
2180,-0.848,-1.917,1.499,91.207,-0.000,0.001,3.0
2181,-0.848,-1.917,1.499,90.985,0.000,0.002,3.0
2182,-0.848,-1.917,1.499,90.652,0.000,0.002,3.0
2183,-0.848,-1.917,1.499,90.237,0.000,0.001,3.0
2184,-0.848,-1.917,1.499,89.757,0.000,0.001,3.0
2185,-0.848,-1.917,1.499,89.223,-0.000,-0.000,3.0
2186,-0.848,-1.917,1.499,88.640,-0.000,-0.001,3.0
2187,-0.848,-1.917,1.499,88.725,-0.000,-0.001,3.0
2188,-0.848,-1.917,1.499,88.947,-0.000,-0.002,3.0
2189,-0.848,-1.917,1.499,89.281,-0.000,-0.002,3.0
2190,-0.848,-1.917,1.499,89.695,-0.000,-0.001,3.0
2191,-0.848,-1.917,1.499,90.175,-0.000,-0.001,3.0
2192,-0.848,-1.917,1.499,90.710,-0.000,0.000,3.0
2193,-0.848,-1.917,1.499,91.293,-0.000,0.001,3.0
2194,-0.848,-1.917,1.499,91.208,-0.000,0.001,3.0
2195,-0.848,-1.917,1.499,90.986,0.000,0.002,3.0
2196,-0.848,-1.917,1.499,90.653,0.000,0.002,3.0
2197,-0.848,-1.917,1.499,90.238,0.000,0.001,3.0
2198,-0.848,-1.917,1.499,89.759,0.000,0.001,3.0
2199,-0.848,-1.917,1.499,89.225,-0.000,-0.000,3.0
2200,-0.848,-1.917,1.499,88.642,-0.000,-0.001,3.0
2201,-0.848,-1.917,1.499,88.727,-0.000,-0.001,3.0
2202,-0.848,-1.917,1.499,88.950,-0.000,-0.002,3.0
2203,-0.848,-1.917,1.499,89.283,-0.000,-0.002,3.0
2204,-0.848,-1.917,1.499,89.698,-0.000,-0.001,3.0
2205,-0.848,-1.917,1.499,90.178,-0.000,-0.001,3.0
2206,-0.848,-1.917,1.499,90.712,-0.000,0.000,3.0
2207,-0.848,-1.917,1.499,91.296,-0.000,0.001,3.0
2208,-0.848,-1.917,1.499,91.211,-0.000,0.001,3.0
2209,-0.848,-1.917,1.499,90.989,0.000,0.002,3.0
2210,-0.848,-1.917,1.499,90.655,0.000,0.002,3.0
2211,-0.848,-1.917,1.499,90.241,0.000,0.001,3.0
2212,-0.848,-1.917,1.499,89.761,0.000,0.001,3.0
2213,-0.848,-1.917,1.499,89.227,-0.000,-0.000,3.0
2214,-0.848,-1.917,1.499,88.644,-0.000,-0.001,3.0
2215,-0.848,-1.917,1.499,88.730,-0.000,-0.001,3.0
2216,-0.848,-1.917,1.499,88.952,-0.000,-0.002,3.0
2217,-0.848,-1.917,1.499,89.285,-0.000,-0.002,3.0
2218,-0.848,-1.917,1.499,89.700,-0.000,-0.001,3.0
2219,-0.848,-1.917,1.499,90.179,-0.000,-0.001,3.0
2220,-0.848,-1.917,1.499,90.713,-0.000,0.000,3.0
2221,-0.848,-1.917,1.499,91.297,-0.000,0.001,3.0
2222,-0.848,-1.917,1.499,91.211,-0.000,0.001,3.0
2223,-0.848,-1.917,1.499,90.989,0.000,0.002,3.0
2224,-0.848,-1.917,1.499,90.655,0.000,0.002,3.0
2225,-0.848,-1.917,1.499,90.241,0.000,0.001,3.0
2226,-0.848,-1.917,1.499,89.761,0.000,0.001,3.0
2227,-0.848,-1.917,1.499,89.227,-0.000,-0.000,3.0
2228,-0.848,-1.917,1.499,88.643,-0.000,-0.001,3.0
2229,-0.848,-1.917,1.499,88.729,-0.000,-0.001,3.0
2230,-0.848,-1.917,1.499,88.950,-0.000,-0.002,3.0
2231,-0.848,-1.917,1.499,89.284,-0.000,-0.002,3.0
2232,-0.848,-1.917,1.499,89.698,-0.000,-0.001,3.0
2233,-0.848,-1.917,1.499,90.177,-0.000,-0.001,3.0
2234,-0.848,-1.917,1.499,90.711,-0.000,0.000,3.0
2235,-0.848,-1.917,1.499,91.295,-0.000,0.001,3.0
2236,-0.848,-1.917,1.499,91.209,-0.000,0.001,3.0
2237,-0.848,-1.917,1.499,90.987,0.000,0.002,3.0
2238,-0.848,-1.917,1.499,90.653,0.000,0.002,3.0
2239,-0.848,-1.917,1.499,90.238,0.000,0.001,3.0
2240,-0.848,-1.917,1.499,89.758,0.000,0.001,3.0
2241,-0.848,-1.917,1.499,89.224,-0.000,-0.000,3.0
2242,-0.848,-1.917,1.499,88.641,-0.000,-0.001,3.0
2243,-0.848,-1.917,1.499,88.726,-0.000,-0.001,3.0
2244,-0.848,-1.917,1.499,88.948,-0.000,-0.002,3.0
2245,-0.848,-1.917,1.499,89.281,-0.000,-0.002,3.0
2246,-0.848,-1.917,1.499,89.695,-0.000,-0.001,3.0
2247,-0.848,-1.917,1.499,90.175,-0.000,-0.001,3.0
2248,-0.848,-1.917,1.499,90.709,-0.000,0.000,3.0
2249,-0.848,-1.917,1.499,91.293,-0.000,0.001,3.0
2250,-0.848,-1.917,1.499,91.207,-0.000,0.001,3.0
2251,-0.848,-1.917,1.499,90.985,0.000,0.002,3.0
2252,-0.848,-1.917,1.499,90.652,0.000,0.002,3.0
2253,-0.848,-1.917,1.499,90.237,0.000,0.001,3.0
2254,-0.848,-1.917,1.499,89.757,0.000,0.001,3.0
2255,-0.848,-1.917,1.499,89.224,-0.000,-0.000,3.0
2256,-0.848,-1.917,1.499,88.640,-0.000,-0.001,3.0
2257,-0.848,-1.917,1.499,88.726,-0.000,-0.001,3.0
2258,-0.848,-1.917,1.499,88.948,-0.000,-0.002,3.0
2259,-0.848,-1.917,1.499,89.281,-0.000,-0.002,3.0
2260,-0.848,-1.917,1.499,89.696,-0.000,-0.001,3.0
2261,-0.848,-1.917,1.499,90.176,-0.000,-0.001,3.0
2262,-0.848,-1.917,1.499,90.710,-0.000,0.000,3.0
2263,-0.848,-1.917,1.499,91.294,-0.000,0.001,3.0
2264,-0.848,-1.917,1.499,91.209,-0.000,0.001,3.0
2265,-0.848,-1.917,1.499,90.987,0.000,0.002,3.0
2266,-0.848,-1.917,1.499,90.654,0.000,0.002,3.0
2267,-0.848,-1.917,1.499,90.239,0.000,0.001,3.0
2268,-0.848,-1.917,1.499,89.760,0.000,0.001,3.0
2269,-0.848,-1.917,1.499,89.226,-0.000,-0.000,3.0
2270,-0.848,-1.917,1.499,88.643,-0.000,-0.001,3.0
2271,-0.848,-1.917,1.499,88.728,-0.000,-0.001,3.0
2272,-0.848,-1.917,1.499,88.951,-0.000,-0.002,3.0
2273,-0.848,-1.917,1.499,89.284,-0.000,-0.002,3.0
2274,-0.848,-1.917,1.499,89.699,-0.000,-0.001,3.0
2275,-0.848,-1.917,1.499,90.179,-0.000,-0.001,3.0
2276,-0.848,-1.917,1.499,90.713,-0.000,0.000,3.0
2277,-0.848,-1.917,1.499,91.297,-0.000,0.001,3.0
2278,-0.848,-1.917,1.499,91.211,-0.000,0.001,3.0
2279,-0.848,-1.917,1.499,90.989,0.000,0.002,3.0
2280,-0.848,-1.917,1.499,90.656,0.000,0.002,3.0
2281,-0.848,-1.917,1.499,90.241,0.000,0.001,3.0
2282,-0.848,-1.917,1.499,89.761,0.000,0.001,3.0
2283,-0.848,-1.917,1.499,89.227,-0.000,-0.000,3.0
2284,-0.848,-1.917,1.499,88.644,-0.000,-0.001,3.0
2285,-0.848,-1.917,1.499,88.730,-0.000,-0.001,3.0
2286,-0.848,-1.917,1.499,88.951,-0.000,-0.002,3.0
2287,-0.848,-1.917,1.499,89.285,-0.000,-0.002,3.0
2288,-0.848,-1.917,1.499,89.699,-0.000,-0.001,3.0
2289,-0.848,-1.917,1.499,90.179,-0.000,-0.001,3.0
2290,-0.848,-1.917,1.499,90.713,-0.000,0.000,3.0
2291,-0.848,-1.917,1.499,91.296,-0.000,0.001,3.0
2292,-0.848,-1.917,1.499,91.210,-0.000,0.001,3.0
2293,-0.848,-1.917,1.499,90.988,0.000,0.002,3.0
2294,-0.848,-1.917,1.499,90.654,0.000,0.002,3.0
2295,-0.848,-1.917,1.499,90.240,0.000,0.001,3.0
2296,-0.848,-1.917,1.499,89.760,0.000,0.001,3.0
2297,-0.848,-1.917,1.499,89.226,-0.000,-0.000,3.0
2298,-0.848,-1.917,1.499,88.642,-0.000,-0.001,3.0
2299,-0.848,-1.917,1.499,88.727,-0.000,-0.001,3.0
2300,-0.848,-1.917,1.499,88.949,-0.000,-0.002,3.0
2301,-0.848,-1.917,1.499,89.282,-0.000,-0.002,3.0
2302,-0.848,-1.917,1.499,89.697,-0.000,-0.001,3.0
2303,-0.848,-1.917,1.499,90.176,-0.000,-0.001,3.0
2304,-0.848,-1.917,1.499,90.710,-0.000,0.000,3.0
2305,-0.848,-1.917,1.499,91.293,-0.000,0.001,3.0
2306,-0.848,-1.917,1.499,91.208,-0.000,0.001,3.0
2307,-0.848,-1.917,1.499,90.986,0.000,0.002,3.0
2308,-0.848,-1.917,1.499,90.652,0.000,0.002,3.0
2309,-0.848,-1.917,1.499,90.237,0.000,0.001,3.0
2310,-0.848,-1.917,1.499,89.758,0.000,0.001,3.0
2311,-0.848,-1.917,1.499,89.223,0.000,-0.000,3.0
2312,-0.848,-1.917,1.499,88.640,-0.000,-0.001,3.0
2313,-0.848,-1.917,1.499,88.726,-0.000,-0.001,3.0
2314,-0.848,-1.917,1.499,88.947,-0.000,-0.002,3.0
2315,-0.848,-1.917,1.499,89.281,-0.000,-0.002,3.0
2316,-0.848,-1.917,1.499,89.695,-0.000,-0.001,3.0
2317,-0.848,-1.917,1.499,90.175,-0.000,-0.001,3.0
2318,-0.848,-1.917,1.499,90.709,-0.000,0.000,3.0
2319,-0.848,-1.917,1.499,91.293,-0.000,0.001,3.0
2320,-0.848,-1.917,1.499,91.208,-0.000,0.001,3.0
2321,-0.848,-1.917,1.499,90.986,0.000,0.002,3.0
2322,-0.848,-1.917,1.499,90.652,0.000,0.002,3.0
2323,-0.848,-1.917,1.499,90.238,0.000,0.001,3.0
2324,-0.848,-1.917,1.499,89.758,0.000,0.001,3.0
2325,-0.848,-1.917,1.499,89.225,-0.000,-0.000,3.0
2326,-0.848,-1.917,1.499,88.642,-0.000,-0.001,3.0
2327,-0.848,-1.917,1.499,88.727,-0.000,-0.001,3.0
2328,-0.848,-1.917,1.499,88.949,-0.000,-0.002,3.0
2329,-0.848,-1.917,1.499,89.283,-0.000,-0.002,3.0
2330,-0.848,-1.917,1.499,89.697,-0.000,-0.001,3.0
2331,-0.848,-1.917,1.499,90.177,-0.000,-0.001,3.0
2332,-0.848,-1.917,1.499,90.712,-0.000,0.000,3.0
2333,-0.848,-1.917,1.499,91.296,-0.000,0.001,3.0
2334,-0.848,-1.917,1.499,91.210,-0.000,0.001,3.0
2335,-0.848,-1.917,1.499,90.988,0.000,0.002,3.0
2336,-0.848,-1.917,1.499,90.655,0.000,0.002,3.0
2337,-0.848,-1.917,1.499,90.241,0.000,0.001,3.0
2338,-0.848,-1.917,1.499,89.761,0.000,0.001,3.0
2339,-0.848,-1.917,1.499,89.227,-0.000,-0.000,3.0
2340,-0.848,-1.917,1.499,88.644,-0.000,-0.001,3.0
2341,-0.848,-1.917,1.499,88.730,-0.000,-0.001,3.0
2342,-0.848,-1.917,1.499,88.952,-0.000,-0.002,3.0
2343,-0.848,-1.917,1.499,89.285,-0.000,-0.002,3.0
2344,-0.848,-1.917,1.499,89.699,-0.000,-0.001,3.0
2345,-0.848,-1.917,1.499,90.179,-0.000,-0.001,3.0
2346,-0.848,-1.917,1.499,90.713,-0.000,0.000,3.0
2347,-0.848,-1.917,1.499,91.297,-0.000,0.001,3.0
2348,-0.848,-1.917,1.499,91.211,-0.000,0.001,3.0
2349,-0.848,-1.917,1.499,90.989,0.000,0.002,3.0
2350,-0.848,-1.917,1.499,90.655,0.000,0.002,3.0
2351,-0.848,-1.917,1.499,90.241,0.000,0.001,3.0
2352,-0.848,-1.917,1.499,89.761,0.000,0.001,3.0
2353,-0.848,-1.917,1.499,89.227,-0.000,-0.000,3.0
2354,-0.848,-1.917,1.499,88.643,-0.000,-0.001,3.0
2355,-0.848,-1.917,1.499,88.729,-0.000,-0.001,3.0
2356,-0.848,-1.917,1.499,88.950,-0.000,-0.002,3.0
2357,-0.848,-1.917,1.499,89.284,-0.000,-0.002,3.0
2358,-0.848,-1.917,1.499,89.698,-0.000,-0.001,3.0
2359,-0.848,-1.917,1.499,90.177,-0.000,-0.001,3.0
2360,-0.848,-1.917,1.499,90.711,-0.000,0.000,3.0
2361,-0.848,-1.917,1.499,91.295,-0.000,0.001,3.0
2362,-0.848,-1.917,1.499,91.209,-0.000,0.001,3.0
2363,-0.848,-1.917,1.499,90.987,0.000,0.002,3.0
2364,-0.848,-1.917,1.499,90.653,0.000,0.002,3.0
2365,-0.848,-1.917,1.499,90.238,0.000,0.001,3.0
2366,-0.848,-1.917,1.499,89.758,0.000,0.001,3.0
2367,-0.848,-1.917,1.499,89.224,-0.000,-0.000,3.0
2368,-0.848,-1.917,1.499,88.641,-0.000,-0.001,3.0
2369,-0.848,-1.917,1.499,88.726,-0.000,-0.001,3.0
2370,-0.848,-1.917,1.499,88.948,-0.000,-0.002,3.0
2371,-0.848,-1.917,1.499,89.281,-0.000,-0.002,3.0
2372,-0.848,-1.917,1.499,89.696,-0.000,-0.001,3.0
2373,-0.848,-1.917,1.499,90.175,-0.000,-0.001,3.0
2374,-0.848,-1.917,1.499,90.709,-0.000,0.000,3.0
2375,-0.848,-1.917,1.499,91.293,-0.000,0.001,3.0
2376,-0.848,-1.917,1.499,91.207,-0.000,0.001,3.0
2377,-0.848,-1.917,1.499,90.985,0.000,0.002,3.0
2378,-0.848,-1.917,1.499,90.652,0.000,0.002,3.0
2379,-0.848,-1.917,1.499,90.237,0.000,0.001,3.0
2380,-0.848,-1.917,1.499,89.758,0.000,0.001,3.0
2381,-0.848,-1.917,1.499,89.224,-0.000,-0.000,3.0
2382,-0.848,-1.917,1.499,88.640,-0.000,-0.001,3.0
2383,-0.848,-1.917,1.499,88.726,-0.000,-0.001,3.0
2384,-0.848,-1.917,1.499,88.948,-0.000,-0.002,3.0
2385,-0.848,-1.917,1.499,89.281,-0.000,-0.002,3.0
2386,-0.848,-1.917,1.499,89.696,-0.000,-0.001,3.0
2387,-0.848,-1.917,1.499,90.176,-0.000,-0.001,3.0
2388,-0.848,-1.917,1.499,90.711,-0.000,0.000,3.0
2389,-0.848,-1.917,1.499,91.294,-0.000,0.001,3.0
2390,-0.848,-1.917,1.499,91.209,-0.000,0.001,3.0
2391,-0.848,-1.917,1.499,90.987,0.000,0.002,3.0
2392,-0.848,-1.917,1.499,90.654,0.000,0.002,3.0
2393,-0.848,-1.917,1.499,90.239,0.000,0.001,3.0
2394,-0.848,-1.917,1.499,89.760,0.000,0.001,3.0
2395,-0.848,-1.917,1.499,89.226,-0.000,-0.000,3.0
2396,-0.848,-1.917,1.499,88.643,-0.000,-0.001,3.0
2397,-0.848,-1.917,1.499,88.728,-0.000,-0.001,3.0
2398,-0.848,-1.917,1.499,88.951,-0.000,-0.002,3.0
2399,-0.848,-1.917,1.499,89.284,-0.000,-0.002,3.0
2400,-0.848,-1.917,1.499,89.699,-0.000,-0.001,3.0
2401,-0.848,-1.917,1.499,90.179,-0.000,-0.001,3.0
2402,-0.848,-1.917,1.499,90.713,-0.000,0.000,3.0
2403,-0.848,-1.917,1.499,91.297,-0.000,0.001,3.0
2404,-0.848,-1.917,1.499,91.211,-0.000,0.001,3.0
2405,-0.848,-1.917,1.499,90.989,0.000,0.002,3.0
2406,-0.848,-1.917,1.499,90.656,0.000,0.002,3.0
2407,-0.848,-1.917,1.499,90.241,0.000,0.001,3.0
2408,-0.848,-1.917,1.499,89.761,0.000,0.001,3.0
2409,-0.848,-1.917,1.499,89.227,-0.000,-0.000,3.0
2410,-0.848,-1.917,1.499,88.644,-0.000,-0.001,3.0
2411,-0.848,-1.917,1.499,88.730,-0.000,-0.001,3.0
2412,-0.848,-1.917,1.499,88.951,-0.000,-0.002,3.0
2413,-0.848,-1.917,1.499,89.285,-0.000,-0.002,3.0
2414,-0.848,-1.917,1.499,89.699,-0.000,-0.001,3.0
2415,-0.848,-1.917,1.499,90.179,-0.000,-0.001,3.0
2416,-0.848,-1.917,1.499,90.713,-0.000,0.000,3.0
2417,-0.848,-1.917,1.499,91.296,-0.000,0.001,3.0
2418,-0.848,-1.917,1.499,91.210,-0.000,0.001,3.0
2419,-0.848,-1.917,1.499,90.988,0.000,0.002,3.0
2420,-0.848,-1.917,1.499,90.654,0.000,0.002,3.0
2421,-0.848,-1.917,1.499,90.240,0.000,0.001,3.0
2422,-0.848,-1.917,1.499,89.760,0.000,0.001,3.0
2423,-0.848,-1.917,1.499,89.226,-0.000,-0.000,3.0
2424,-0.848,-1.917,1.499,88.642,-0.000,-0.001,3.0
2425,-0.848,-1.917,1.499,88.727,-0.000,-0.001,3.0
2426,-0.848,-1.917,1.499,88.949,-0.000,-0.002,3.0
2427,-0.848,-1.917,1.499,89.282,-0.000,-0.002,3.0
2428,-0.848,-1.917,1.499,89.697,-0.000,-0.001,3.0
2429,-0.848,-1.917,1.499,90.176,-0.000,-0.001,3.0
2430,-0.848,-1.917,1.499,90.710,-0.000,0.000,3.0
2431,-0.848,-1.917,1.499,91.293,-0.000,0.001,3.0
2432,-0.848,-1.917,1.499,91.208,-0.000,0.001,3.0
2433,-0.848,-1.917,1.499,90.986,0.000,0.002,3.0
2434,-0.848,-1.917,1.499,90.652,0.000,0.002,3.0
2435,-0.848,-1.917,1.499,90.237,0.000,0.001,3.0
2436,-0.848,-1.917,1.499,89.758,0.000,0.001,3.0
2437,-0.848,-1.917,1.499,89.223,0.000,-0.000,3.0
2438,-0.848,-1.917,1.499,88.640,-0.000,-0.001,3.0
2439,-0.848,-1.917,1.499,88.726,-0.000,-0.001,3.0
2440,-0.848,-1.917,1.499,88.947,-0.000,-0.002,3.0
2441,-0.848,-1.917,1.499,89.281,-0.000,-0.002,3.0
2442,-0.848,-1.917,1.499,89.695,-0.000,-0.001,3.0
2443,-0.848,-1.917,1.499,90.175,-0.000,-0.001,3.0
2444,-0.848,-1.917,1.499,90.710,-0.000,0.000,3.0
2445,-0.848,-1.917,1.499,91.293,-0.000,0.001,3.0
2446,-0.848,-1.917,1.499,91.208,-0.000,0.001,3.0
2447,-0.848,-1.917,1.499,90.986,0.000,0.002,3.0
2448,-0.848,-1.917,1.499,90.652,0.000,0.002,3.0
2449,-0.848,-1.917,1.499,90.238,0.000,0.001,3.0
2450,-0.848,-1.917,1.499,89.758,0.000,0.001,3.0
2451,-0.848,-1.917,1.499,89.225,-0.000,-0.000,3.0
2452,-0.848,-1.917,1.499,88.642,-0.000,-0.001,3.0
2453,-0.848,-1.917,1.499,88.727,-0.000,-0.001,3.0
2454,-0.848,-1.917,1.499,88.949,-0.000,-0.002,3.0
2455,-0.848,-1.917,1.499,89.283,-0.000,-0.002,3.0
2456,-0.848,-1.917,1.499,89.698,-0.000,-0.001,3.0
2457,-0.848,-1.917,1.499,90.177,-0.000,-0.001,3.0
2458,-0.848,-1.917,1.499,90.712,-0.000,0.000,3.0
2459,-0.848,-1.917,1.499,91.296,-0.000,0.001,3.0
2460,-0.848,-1.917,1.499,91.210,-0.000,0.001,3.0
2461,-0.848,-1.917,1.499,90.988,0.000,0.002,3.0
2462,-0.848,-1.917,1.499,90.655,0.000,0.002,3.0
2463,-0.848,-1.917,1.499,90.241,0.000,0.001,3.0
2464,-0.848,-1.917,1.499,89.761,0.000,0.001,3.0
2465,-0.848,-1.917,1.499,89.227,-0.000,-0.000,3.0
2466,-0.848,-1.917,1.499,88.644,-0.000,-0.001,3.0
2467,-0.848,-1.917,1.499,88.729,-0.000,-0.001,3.0
2468,-0.848,-1.917,1.499,88.951,-0.000,-0.002,3.0
2469,-0.848,-1.917,1.499,89.285,-0.000,-0.002,3.0
2470,-0.848,-1.917,1.499,89.699,-0.000,-0.001,3.0
2471,-0.848,-1.917,1.499,90.179,-0.000,-0.001,3.0
2472,-0.848,-1.917,1.499,90.713,-0.000,0.000,3.0
2473,-0.848,-1.917,1.499,91.297,-0.000,0.001,3.0
2474,-0.848,-1.917,1.499,91.211,-0.000,0.001,3.0
2475,-0.848,-1.917,1.499,90.989,0.000,0.002,3.0
2476,-0.848,-1.917,1.499,90.655,0.000,0.002,3.0
2477,-0.848,-1.917,1.499,90.241,0.000,0.001,3.0
2478,-0.848,-1.917,1.499,89.761,0.000,0.001,3.0
2479,-0.848,-1.917,1.499,89.227,-0.000,-0.000,3.0
2480,-0.848,-1.917,1.499,88.643,-0.000,-0.001,3.0
2481,-0.848,-1.917,1.499,88.728,-0.000,-0.001,3.0
2482,-0.848,-1.917,1.499,88.950,-0.000,-0.002,3.0
2483,-0.848,-1.917,1.499,89.283,-0.000,-0.002,3.0
2484,-0.848,-1.917,1.499,89.698,-0.000,-0.001,3.0
2485,-0.848,-1.917,1.499,90.177,-0.000,-0.001,3.0
2486,-0.848,-1.917,1.499,90.711,-0.000,0.000,3.0
2487,-0.848,-1.917,1.499,91.295,-0.000,0.001,3.0
2488,-0.848,-1.917,1.499,91.209,-0.000,0.001,3.0
2489,-0.848,-1.917,1.499,90.987,0.000,0.002,3.0
2490,-0.848,-1.917,1.499,90.653,0.000,0.002,3.0
2491,-0.848,-1.917,1.499,90.238,0.000,0.001,3.0
2492,-0.848,-1.917,1.499,89.758,0.000,0.001,3.0
2493,-0.848,-1.917,1.499,89.224,-0.000,-0.000,3.0
2494,-0.848,-1.917,1.499,88.641,-0.000,-0.001,3.0
2495,-0.848,-1.917,1.499,88.726,-0.000,-0.001,3.0
2496,-0.848,-1.917,1.499,88.948,-0.000,-0.002,3.0
2497,-0.848,-1.917,1.499,89.281,-0.000,-0.002,3.0
2498,-0.848,-1.917,1.499,89.695,-0.000,-0.001,3.0
2499,-0.848,-1.917,1.499,90.175,-0.000,-0.001,3.0
2500,-0.848,-1.917,1.499,90.709,-0.000,0.000,3.0
