1,0.364,-0.106,0.000,-41.996,0.005,-0.005,-1
2,0.364,-0.106,0.000,-41.996,0.006,-0.007,-1
3,0.364,-0.106,0.000,-41.996,0.004,-0.005,-1
4,0.364,-0.106,0.000,-41.996,0.004,-0.004,-1
5,0.364,-0.106,0.000,-41.996,0.005,-0.004,-1
6,0.363,-0.105,0.000,-42.008,0.012,0.002,7.0
7,0.361,-0.103,0.000,-42.047,0.020,0.009,7.0
8,0.360,-0.102,0.000,-42.113,0.027,0.017,7.0
9,0.358,-0.101,0.000,-42.207,0.036,0.024,7.0
10,0.357,-0.099,0.000,-42.326,0.044,0.031,7.0
11,0.356,-0.098,0.000,-42.472,0.052,0.039,7.0
12,0.354,-0.097,0.000,-42.644,0.060,0.047,7.0
13,0.353,-0.095,0.000,-42.842,0.068,0.055,7.0
14,0.351,-0.094,0.000,-43.065,0.077,0.063,7.0
15,0.350,-0.093,0.000,-43.313,0.085,0.072,7.0
16,0.348,-0.091,0.000,-43.586,0.094,0.081,7.0
17,0.347,-0.090,0.000,-43.883,0.103,0.091,7.0
18,0.346,-0.089,0.000,-44.205,0.113,0.101,7.0
19,0.344,-0.087,0.000,-44.550,0.122,0.111,7.0
20,0.343,-0.086,0.000,-44.919,0.132,0.123,7.0
21,0.342,-0.085,0.000,-45.311,0.142,0.135,7.0
22,0.340,-0.083,0.000,-45.727,0.153,0.148,7.0
23,0.339,-0.082,0.000,-46.164,0.164,0.162,7.0
24,0.338,-0.081,0.000,-46.624,0.176,0.177,7.0
25,0.336,-0.079,0.000,-47.106,0.188,0.193,7.0
26,0.335,-0.078,0.000,-47.609,0.200,0.210,7.0
27,0.334,-0.077,0.000,-48.134,0.213,0.228,7.0
28,0.333,-0.075,0.000,-48.679,0.226,0.248,7.0
29,0.331,-0.074,0.000,-49.246,0.240,0.269,7.0
30,0.330,-0.072,0.000,-49.832,0.255,0.292,7.0
31,0.329,-0.071,0.000,-50.438,0.270,0.317,7.0
32,0.327,-0.069,0.000,-51.064,0.285,0.343,7.0
33,0.326,-0.067,0.000,-51.710,0.301,0.371,7.0
34,0.325,-0.066,0.000,-52.374,0.318,0.402,7.0
35,0.324,-0.064,0.000,-53.056,0.335,0.435,7.0
36,0.322,-0.063,0.000,-53.757,0.353,0.470,7.0
37,0.321,-0.061,0.000,-54.476,0.371,0.509,7.0
38,0.320,-0.059,0.000,-55.212,0.390,0.550,7.0
39,0.319,-0.057,0.000,-55.966,0.409,0.594,7.0
40,0.318,-0.056,0.000,-56.736,0.428,0.641,7.0
41,0.316,-0.054,0.000,-57.522,0.448,0.692,7.0
42,0.315,-0.052,0.000,-58.325,0.468,0.747,7.0
43,0.314,-0.050,0.000,-59.144,0.489,0.806,7.0
44,0.313,-0.048,0.000,-59.977,0.510,0.869,7.0
45,0.312,-0.046,0.000,-60.826,0.530,0.937,7.0
46,0.311,-0.044,0.000,-61.690,0.551,1.010,7.0
47,0.310,-0.042,0.000,-62.567,0.572,1.088,7.0
48,0.309,-0.040,0.000,-63.459,0.592,1.172,7.0
49,0.308,-0.038,0.000,-64.364,0.613,1.262,7.0
50,0.307,-0.036,0.000,-65.282,0.632,1.358,7.0
51,0.306,-0.033,0.000,-66.213,0.651,1.461,7.0
52,0.305,-0.031,0.000,-67.156,0.669,1.571,7.0
53,0.304,-0.029,0.000,-68.112,0.686,1.689,7.0
54,0.303,-0.027,0.000,-69.079,0.701,1.816,7.0
55,0.303,-0.025,0.000,-70.054,0.682,1.922,7.0
56,0.303,-0.025,0.000,-71.019,0.651,1.864,7.0
57,0.302,-0.022,0.000,-71.985,0.590,1.799,7.0
58,0.301,-0.020,0.000,-72.962,0.539,1.740,7.0
59,0.300,-0.017,0.000,-73.949,0.493,1.689,7.0
60,0.299,-0.014,0.000,-74.945,0.450,1.646,7.0
61,0.299,-0.012,0.000,-75.951,0.409,1.611,7.0
62,0.298,-0.009,0.000,-76.965,0.373,1.582,7.0
63,0.298,-0.006,0.000,-77.988,0.339,1.561,7.0
64,0.297,-0.004,0.000,-79.019,0.307,1.546,7.0
65,0.297,-0.001,0.000,-80.057,0.276,1.539,7.0
66,0.296,0.002,0.000,-81.102,0.247,1.538,7.0
67,0.296,0.005,0.000,-82.153,0.219,1.544,7.0
68,0.295,0.007,0.000,-83.211,0.192,1.557,7.0
69,0.295,0.010,0.000,-84.274,0.164,1.577,7.0
70,0.295,0.013,0.000,-85.338,0.117,1.604,7.0
71,0.295,0.016,0.000,-86.400,0.124,1.638,7.0
72,0.294,0.019,0.000,-87.455,0.076,1.679,7.0
73,0.294,0.022,0.000,-88.506,0.046,1.727,7.0
74,0.294,0.026,0.000,-89.554,0.023,1.782,7.0
75,0.294,0.029,0.000,-90.601,-0.011,1.844,7.0
76,0.294,0.031,0.000,-91.645,-0.049,1.912,7.0
77,0.294,0.034,0.000,-92.690,-0.088,1.988,7.0
78,0.295,0.036,0.000,-93.733,-0.132,1.996,7.0
79,0.295,0.037,0.000,-94.768,-0.159,1.931,7.0
80,0.295,0.039,0.000,-95.799,-0.178,1.876,7.0
81,0.295,0.041,0.000,-96.830,-0.211,1.831,7.0
82,0.296,0.044,0.000,-97.863,-0.244,1.796,7.0
83,0.296,0.047,0.000,-98.897,-0.272,1.771,7.0
84,0.297,0.050,0.000,-99.933,-0.300,1.754,7.0
85,0.297,0.053,0.000,-100.970,-0.331,1.744,7.0
86,0.298,0.056,0.000,-102.008,-0.364,1.741,7.0
87,0.298,0.059,0.000,-103.045,-0.398,1.747,7.0
88,0.299,0.061,0.000,-104.083,-0.435,1.759,7.0
89,0.300,0.064,0.000,-105.121,-0.474,1.779,7.0
90,0.301,0.067,0.000,-106.158,-0.517,1.805,7.0
91,0.302,0.070,0.000,-107.194,-0.563,1.839,7.0
92,0.302,0.073,0.000,-108.229,-0.613,1.880,7.0
93,0.303,0.075,0.000,-109.263,-0.673,1.896,7.0
94,0.304,0.076,0.000,-110.293,-0.666,1.853,7.0
95,0.305,0.077,0.000,-111.315,-0.700,1.806,7.0
96,0.306,0.079,0.000,-112.333,-0.728,1.773,7.0
97,0.307,0.082,0.000,-113.348,-0.750,1.754,7.0
98,0.308,0.085,0.000,-114.360,-0.780,1.742,7.0
99,0.309,0.086,0.000,-115.366,-0.813,1.728,-1
100,0.309,0.086,0.000,-116.361,-0.846,1.718,-1
101,0.309,0.086,0.000,-117.346,-0.880,1.715,-1
102,0.309,0.086,0.000,-118.319,-0.919,1.719,-1
103,0.308,0.086,0.000,-119.263,-0.960,1.725,-1
104,0.307,0.084,0.000,-120.161,-1.004,1.735,-1
105,0.305,0.082,0.000,-121.016,-1.017,1.712,-1
106,0.304,0.080,0.000,-121.830,-1.039,1.682,-1
107,0.304,0.079,0.000,-122.599,-1.060,1.665,-1
108,0.303,0.077,0.000,-123.323,-1.082,1.658,-1
109,0.302,0.076,0.000,-124.003,-1.110,1.657,-1
110,0.301,0.075,0.000,-124.639,-1.136,1.647,-1
111,0.298,0.071,0.000,-125.248,-1.141,1.621,-1
112,0.296,0.068,0.000,-125.836,-1.149,1.604,-1
113,0.293,0.064,0.000,-126.407,-1.163,1.589,-1
114,0.291,0.061,0.000,-126.957,-1.188,1.588,-1
115,0.291,0.061,0.000,-127.470,-1.224,1.592,-1
116,0.289,0.059,0.000,-127.962,-1.210,1.570,-1
117,0.289,0.058,0.000,-128.445,-1.215,1.544,-1
118,0.289,0.058,0.000,-128.922,-1.229,1.528,-1
119,0.289,0.058,0.000,-129.395,-1.245,1.524,-1
120,0.289,0.058,0.000,-129.862,-1.266,1.526,-1
121,0.286,0.055,0.000,-130.332,-1.284,1.522,-1
122,0.283,0.052,0.000,-130.812,-1.303,1.517,-1
123,0.280,0.048,0.000,-131.299,-1.314,1.504,-1
124,0.277,0.044,0.000,-131.794,-1.324,1.489,-1
125,0.277,0.045,0.000,-132.295,-1.355,1.483,-1
126,0.280,0.047,0.000,-132.800,-1.343,1.464,-1
127,0.283,0.050,0.000,-133.308,-1.349,1.444,-1
128,0.286,0.053,0.000,-133.815,-1.363,1.427,7.0
129,0.288,0.056,0.000,-134.318,-1.378,1.418,7.0
130,0.291,0.059,0.000,-134.816,-1.399,1.417,7.0
131,0.293,0.061,0.000,-135.311,-1.424,1.409,7.0
132,0.295,0.063,0.000,-135.806,-1.417,1.361,7.0
133,0.297,0.065,0.000,-136.298,-1.387,1.320,7.0
134,0.300,0.067,0.000,-136.785,-1.369,1.281,7.0
135,0.302,0.070,0.000,-137.266,-1.360,1.246,7.0
136,0.305,0.072,0.000,-137.743,-1.354,1.220,7.0
137,0.307,0.074,0.000,-138.214,-1.353,1.201,7.0
138,0.310,0.076,0.000,-138.680,-1.359,1.186,7.0
139,0.312,0.078,0.000,-139.140,-1.371,1.177,7.0
140,0.315,0.080,0.000,-139.595,-1.388,1.173,7.0
141,0.317,0.082,0.000,-140.043,-1.412,1.175,7.0
142,0.319,0.084,0.000,-140.487,-1.442,1.181,7.0
143,0.322,0.086,0.000,-140.924,-1.479,1.193,7.0
144,0.324,0.088,0.000,-141.355,-1.523,1.209,7.0
145,0.326,0.090,0.000,-141.780,-1.564,1.232,7.0
146,0.327,0.091,0.000,-142.199,-1.561,1.189,7.0
147,0.328,0.092,0.000,-142.614,-1.539,1.173,7.0
148,0.330,0.093,0.000,-143.024,-1.534,1.152,7.0
149,0.333,0.095,0.000,-143.427,-1.541,1.134,7.0
150,0.335,0.097,0.000,-143.824,-1.552,1.125,7.0
151,0.337,0.098,0.000,-144.215,-1.568,1.124,7.0
152,0.339,0.100,0.000,-144.600,-1.585,1.135,7.0
153,0.341,0.101,0.000,-144.979,-1.615,1.145,7.0
154,0.343,0.103,0.000,-145.353,-1.654,1.140,7.0
155,0.344,0.103,0.000,-145.725,-1.635,1.128,7.0
156,0.346,0.105,0.000,-146.091,-1.634,1.107,7.0
157,0.348,0.106,0.000,-146.450,-1.642,1.093,7.0
158,0.350,0.107,0.000,-146.802,-1.654,1.089,7.0
159,0.352,0.109,0.000,-147.148,-1.674,1.089,7.0
160,0.354,0.110,0.000,-147.490,-1.685,1.077,7.0
161,0.355,0.111,0.000,-147.827,-1.683,1.063,7.0
162,0.357,0.112,0.000,-148.158,-1.689,1.058,7.0
163,0.359,0.113,0.000,-148.482,-1.704,1.049,7.0
164,0.361,0.114,0.000,-148.801,-1.703,1.041,7.0
165,0.362,0.115,0.000,-149.114,-1.712,1.031,7.0
166,0.364,0.116,0.000,-149.420,-1.717,1.021,7.0
167,0.366,0.117,0.000,-149.721,-1.723,1.012,7.0
168,0.367,0.118,0.000,-150.016,-1.728,1.003,7.0
169,0.369,0.119,0.000,-150.305,-1.732,0.994,7.0
170,0.371,0.120,0.000,-150.587,-1.738,0.986,7.0
171,0.372,0.121,0.000,-150.864,-1.742,0.978,7.0
172,0.374,0.122,0.000,-151.135,-1.747,0.969,7.0
173,0.375,0.123,0.000,-151.399,-1.751,0.961,7.0
174,0.377,0.124,0.000,-151.658,-1.756,0.953,7.0
175,0.379,0.125,0.000,-151.911,-1.760,0.945,7.0
176,0.380,0.126,0.000,-152.157,-1.764,0.938,7.0
177,0.381,0.127,0.000,-152.398,-1.768,0.930,7.0
178,0.383,0.127,0.000,-152.633,-1.772,0.923,7.0
179,0.384,0.128,0.000,-152.862,-1.775,0.916,7.0
180,0.386,0.129,0.000,-153.085,-1.779,0.909,7.0
181,0.387,0.130,0.000,-153.302,-1.782,0.902,7.0
182,0.389,0.130,0.000,-153.514,-1.786,0.896,7.0
183,0.390,0.131,0.000,-153.719,-1.789,0.889,7.0
184,0.391,0.132,0.000,-153.919,-1.792,0.883,7.0
185,0.392,0.133,0.000,-154.113,-1.795,0.877,7.0
186,0.394,0.133,0.000,-154.301,-1.798,0.871,7.0
187,0.395,0.134,0.000,-154.484,-1.801,0.865,7.0
188,0.396,0.135,0.000,-154.661,-1.803,0.860,7.0
189,0.398,0.135,0.000,-154.832,-1.806,0.855,7.0
190,0.399,0.136,0.000,-154.998,-1.808,0.849,7.0
191,0.400,0.136,0.000,-155.158,-1.811,0.844,7.0
192,0.401,0.137,0.000,-155.313,-1.813,0.839,7.0
193,0.402,0.138,0.000,-155.462,-1.815,0.835,7.0
194,0.403,0.138,0.000,-155.606,-1.817,0.830,7.0
195,0.404,0.139,0.000,-155.744,-1.819,0.826,7.0
196,0.406,0.139,0.000,-155.878,-1.821,0.821,7.0
197,0.407,0.140,0.000,-156.005,-1.823,0.817,7.0
198,0.408,0.140,0.000,-156.128,-1.825,0.813,7.0
199,0.409,0.141,0.000,-156.245,-1.826,0.810,7.0
200,0.410,0.141,0.000,-156.357,-1.828,0.806,7.0
201,0.411,0.142,0.000,-156.464,-1.829,0.803,7.0
202,0.412,0.142,0.000,-156.566,-1.831,0.800,7.0
203,0.413,0.143,0.000,-156.663,-1.832,0.796,7.0
204,0.414,0.143,0.000,-156.754,-1.834,0.793,7.0
205,0.415,0.144,0.000,-156.841,-1.835,0.791,7.0
206,0.416,0.144,0.000,-156.923,-1.836,0.788,7.0
207,0.416,0.145,0.000,-157.000,-1.837,0.786,7.0
208,0.417,0.145,0.000,-157.072,-1.838,0.783,7.0
209,0.418,0.145,0.000,-157.140,-1.832,0.765,7.0
210,0.418,0.146,0.000,-157.204,-1.783,0.746,7.0
211,0.419,0.146,0.000,-157.264,-1.747,0.725,7.0
212,0.420,0.147,0.000,-157.317,-1.720,0.710,7.0
213,0.421,0.147,0.000,-157.366,-1.699,0.701,7.0
214,0.422,0.148,0.000,-157.409,-1.686,0.695,7.0
215,0.423,0.148,0.000,-157.446,-1.682,0.692,7.0
216,0.424,0.148,0.000,-157.479,-1.685,0.692,7.0
217,0.425,0.149,0.000,-157.506,-1.696,0.695,7.0
218,0.426,0.149,0.000,-157.528,-1.715,0.702,7.0
219,0.427,0.150,0.000,-157.545,-1.741,0.712,7.0
220,0.428,0.150,0.000,-157.557,-1.765,0.747,7.0
221,0.429,0.150,0.000,-157.568,-1.811,0.751,7.0
222,0.430,0.150,0.000,-157.576,-1.858,0.767,7.0
223,0.430,0.151,0.000,-157.578,-1.836,0.762,7.0
224,0.430,0.151,0.000,-157.578,-1.806,0.750,7.0
225,0.431,0.151,0.000,-157.575,-1.785,0.744,7.0
226,0.431,0.151,0.000,-157.567,-1.774,0.740,7.0
227,0.432,0.152,0.000,-157.554,-1.772,0.738,7.0
228,0.433,0.152,0.000,-157.536,-1.778,0.741,7.0
229,0.434,0.152,0.000,-157.514,-1.792,0.748,7.0
230,0.435,0.153,0.000,-157.487,-1.814,0.759,7.0
231,0.436,0.153,0.000,-157.455,-1.844,0.772,7.0
232,0.436,0.153,0.000,-157.423,-1.843,0.771,7.0
233,0.436,0.153,0.000,-157.391,-1.826,0.762,7.0
234,0.437,0.154,0.000,-157.355,-1.815,0.765,7.0
235,0.437,0.154,0.000,-157.314,-1.815,0.767,7.0
236,0.438,0.154,0.000,-157.269,-1.825,0.771,7.0
237,0.439,0.155,0.000,-157.220,-1.842,0.779,7.0
238,0.439,0.155,0.000,-157.168,-1.839,0.780,7.0
239,0.440,0.155,0.000,-157.114,-1.832,0.777,7.0
240,0.440,0.155,0.000,-157.056,-1.833,0.783,7.0
241,0.441,0.156,0.000,-156.994,-1.840,0.785,7.0
242,0.441,0.156,0.000,-156.929,-1.833,0.790,7.0
243,0.442,0.156,0.000,-156.861,-1.836,0.791,7.0
244,0.442,0.157,0.000,-156.790,-1.834,0.792,7.0
245,0.443,0.157,0.000,-156.715,-1.833,0.794,7.0
246,0.443,0.157,0.000,-156.637,-1.832,0.797,7.0
247,0.444,0.157,0.000,-156.556,-1.831,0.800,7.0
248,0.444,0.158,0.000,-156.472,-1.830,0.802,7.0
249,0.445,0.158,0.000,-156.385,-1.828,0.805,7.0
250,0.445,0.158,0.000,-156.296,-1.827,0.808,7.0
251,0.446,0.159,0.000,-156.203,-1.826,0.811,7.0
252,0.446,0.159,0.000,-156.107,-1.825,0.814,7.0
253,0.447,0.159,0.000,-156.009,-1.823,0.817,7.0
254,0.447,0.159,0.000,-155.907,-1.822,0.820,7.0
255,0.447,0.160,0.000,-155.803,-1.820,0.824,7.0
256,0.448,0.160,0.000,-155.697,-1.819,0.827,7.0
257,0.448,0.160,0.000,-155.587,-1.817,0.831,7.0
258,0.449,0.160,0.000,-155.475,-1.815,0.834,7.0
259,0.449,0.161,0.000,-155.361,-1.814,0.838,7.0
260,0.449,0.161,0.000,-155.244,-1.812,0.842,7.0
261,0.450,0.161,0.000,-155.124,-1.810,0.845,7.0
262,0.450,0.161,0.000,-155.002,-1.808,0.849,7.0
263,0.451,0.162,0.000,-154.878,-1.807,0.853,7.0
264,0.451,0.162,0.000,-154.751,-1.805,0.857,7.0
265,0.451,0.162,0.000,-154.622,-1.803,0.861,7.0
266,0.452,0.162,0.000,-154.490,-1.801,0.865,7.0
267,0.452,0.163,0.000,-154.357,-1.799,0.869,7.0
268,0.453,0.163,0.000,-154.221,-1.797,0.874,7.0
269,0.453,0.163,0.000,-154.083,-1.795,0.878,7.0
270,0.453,0.164,0.000,-153.943,-1.792,0.882,7.0
271,0.454,0.164,0.000,-153.801,-1.790,0.887,7.0
272,0.454,0.164,0.000,-153.656,-1.788,0.891,7.0
273,0.454,0.164,0.000,-153.510,-1.786,0.896,7.0
274,0.455,0.165,0.000,-153.362,-1.783,0.901,7.0
275,0.455,0.165,0.000,-153.212,-1.781,0.905,7.0
276,0.455,0.165,0.000,-153.059,-1.779,0.910,7.0
277,0.456,0.165,0.000,-152.905,-1.776,0.915,7.0
278,0.456,0.165,0.000,-152.750,-1.774,0.920,7.0
279,0.456,0.166,0.000,-152.592,-1.771,0.924,7.0
280,0.457,0.166,0.000,-152.433,-1.769,0.929,7.0
281,0.457,0.166,0.000,-152.272,-1.766,0.934,7.0
282,0.457,0.166,0.000,-152.109,-1.763,0.939,7.0
283,0.458,0.167,0.000,-151.944,-1.761,0.944,7.0
284,0.458,0.167,0.000,-151.778,-1.758,0.949,7.0
285,0.458,0.167,0.000,-151.611,-1.755,0.955,7.0
286,0.458,0.167,0.000,-151.441,-1.752,0.960,7.0
287,0.459,0.168,0.000,-151.271,-1.749,0.965,7.0
288,0.459,0.168,0.000,-151.098,-1.746,0.970,7.0
289,0.459,0.168,0.000,-150.925,-1.743,0.976,7.0
290,0.460,0.168,0.000,-150.750,-1.740,0.981,7.0
291,0.460,0.169,0.000,-150.573,-1.737,0.986,7.0
292,0.460,0.169,0.000,-150.395,-1.734,0.992,7.0
293,0.460,0.169,0.000,-150.216,-1.731,0.997,7.0
294,0.461,0.169,0.000,-150.035,-1.728,1.003,7.0
295,0.461,0.170,0.000,-149.854,-1.725,1.008,7.0
296,0.461,0.170,0.000,-149.671,-1.722,1.013,7.0
297,0.462,0.170,0.000,-149.486,-1.718,1.019,7.0
298,0.462,0.170,0.000,-149.301,-1.715,1.025,7.0
299,0.462,0.171,0.000,-149.114,-1.712,1.030,7.0
300,0.462,0.171,0.000,-148.927,-1.708,1.036,7.0
301,0.463,0.171,0.000,-148.738,-1.705,1.041,7.0
302,0.463,0.171,0.000,-148.548,-1.707,1.038,7.0
303,0.463,0.171,0.000,-148.357,-1.663,1.023,7.0
304,0.464,0.172,0.000,-148.165,-1.624,1.001,7.0
305,0.464,0.172,0.000,-147.971,-1.591,0.985,7.0
306,0.464,0.172,0.000,-147.775,-1.563,0.978,7.0
307,0.465,0.173,0.000,-147.579,-1.535,0.987,7.0
308,0.465,0.173,0.000,-147.382,-1.521,0.987,7.0
309,0.465,0.173,0.000,-147.187,-1.532,0.963,7.0
310,0.466,0.173,0.000,-146.993,-1.522,0.991,7.0
311,0.466,0.173,0.000,-146.799,-1.533,0.999,7.0
312,0.466,0.174,0.000,-146.602,-1.552,1.011,7.0
313,0.467,0.174,0.000,-146.406,-1.559,1.056,7.0
314,0.467,0.174,0.000,-146.209,-1.593,1.073,7.0
315,0.467,0.174,0.000,-146.013,-1.630,1.100,7.0
316,0.467,0.174,0.000,-145.817,-1.665,1.130,7.0
317,0.467,0.174,0.000,-145.625,-1.632,1.125,7.0
318,0.467,0.174,0.000,-145.434,-1.601,1.111,7.0
319,0.468,0.175,0.000,-145.242,-1.578,1.102,7.0
320,0.468,0.175,0.000,-145.049,-1.562,1.099,7.0
321,0.468,0.175,0.000,-144.854,-1.554,1.102,7.0
322,0.469,0.175,0.000,-144.657,-1.554,1.109,7.0
323,0.469,0.176,0.000,-144.458,-1.560,1.122,7.0
324,0.469,0.176,0.000,-144.258,-1.573,1.140,7.0
325,0.470,0.176,0.000,-144.055,-1.596,1.160,7.0
326,0.470,0.176,0.000,-143.853,-1.597,1.170,7.0
327,0.470,0.177,0.000,-143.652,-1.586,1.153,7.0
328,0.471,0.177,0.000,-143.450,-1.574,1.155,7.0
329,0.471,0.177,0.000,-143.247,-1.568,1.165,7.0
330,0.471,0.177,0.000,-143.042,-1.571,1.176,7.0
331,0.472,0.178,0.000,-142.835,-1.582,1.191,7.0
332,0.472,0.178,0.000,-142.627,-1.576,1.194,7.0
333,0.472,0.178,0.000,-142.417,-1.563,1.197,7.0
334,0.472,0.178,0.000,-142.206,-1.561,1.202,7.0
335,0.473,0.179,0.000,-141.993,-1.564,1.214,7.0
336,0.473,0.179,0.000,-141.778,-1.558,1.217,7.0
337,0.473,0.179,0.000,-141.562,-1.551,1.224,7.0
338,0.473,0.179,0.000,-141.344,-1.548,1.233,7.0
339,0.474,0.180,0.000,-141.124,-1.543,1.235,7.0
340,0.474,0.180,0.000,-140.903,-1.539,1.243,7.0
341,0.474,0.180,0.000,-140.680,-1.534,1.247,7.0
342,0.474,0.180,0.000,-140.455,-1.529,1.255,7.0
343,0.475,0.181,0.000,-140.229,-1.524,1.260,7.0
344,0.475,0.181,0.000,-140.002,-1.519,1.267,7.0
345,0.475,0.181,0.000,-139.773,-1.514,1.272,7.0
346,0.475,0.181,0.000,-139.542,-1.509,1.278,7.0
347,0.476,0.182,0.000,-139.311,-1.503,1.285,7.0
348,0.476,0.182,0.000,-139.077,-1.498,1.291,7.0
349,0.476,0.182,0.000,-138.843,-1.493,1.297,7.0
350,0.477,0.182,0.000,-138.608,-1.488,1.303,7.0
351,0.477,0.183,0.000,-138.371,-1.482,1.309,7.0
352,0.477,0.183,0.000,-138.133,-1.477,1.315,7.0
353,0.477,0.183,0.000,-137.894,-1.471,1.321,7.0
354,0.477,0.183,0.000,-137.653,-1.466,1.327,7.0
355,0.478,0.184,0.000,-137.412,-1.460,1.334,7.0
356,0.478,0.184,0.000,-137.170,-1.454,1.340,7.0
357,0.478,0.184,0.000,-136.926,-1.449,1.346,7.0
358,0.478,0.184,0.000,-136.683,-1.430,1.370,7.0
359,0.479,0.184,0.000,-136.440,-1.438,1.377,7.0
360,0.479,0.185,0.000,-136.199,-1.446,1.386,7.0
361,0.478,0.185,0.000,-135.962,-1.428,1.389,7.0
362,0.478,0.185,0.000,-135.725,-1.419,1.393,7.0
363,0.479,0.185,0.000,-135.488,-1.417,1.402,7.0
364,0.479,0.185,0.000,-135.251,-1.420,1.410,7.0
365,0.478,0.185,0.000,-135.018,-1.406,1.415,7.0
366,0.479,0.185,0.000,-134.784,-1.402,1.422,7.0
367,0.479,0.185,0.000,-134.551,-1.400,1.427,7.0
368,0.479,0.185,0.000,-134.319,-1.391,1.432,7.0
369,0.479,0.185,0.000,-134.086,-1.388,1.439,7.0
370,0.479,0.186,0.000,-133.854,-1.379,1.444,7.0
371,0.479,0.186,0.000,-133.622,-1.375,1.450,7.0
372,0.479,0.186,0.000,-133.390,-1.368,1.455,7.0
373,0.479,0.186,0.000,-133.159,-1.363,1.461,7.0
374,0.479,0.186,0.000,-132.927,-1.357,1.466,7.0
375,0.480,0.187,0.000,-132.696,-1.351,1.472,7.0
376,0.480,0.187,0.000,-132.465,-1.345,1.477,7.0
377,0.480,0.187,0.000,-132.235,-1.339,1.483,7.0
378,0.480,0.187,0.000,-132.004,-1.333,1.488,7.0
379,0.480,0.187,0.000,-131.776,-1.322,1.464,7.0
380,0.480,0.187,0.000,-131.552,-1.279,1.435,7.0
381,0.480,0.187,0.000,-131.328,-1.245,1.408,7.0
382,0.480,0.187,0.000,-131.106,-1.218,1.386,7.0
383,0.480,0.187,0.000,-130.884,-1.196,1.370,7.0
384,0.479,0.187,0.000,-130.664,-1.179,1.362,7.0
385,0.479,0.187,0.000,-130.445,-1.167,1.359,7.0
386,0.479,0.186,0.000,-130.227,-1.160,1.361,7.0
387,0.479,0.186,0.000,-130.011,-1.143,1.385,7.0
388,0.479,0.187,0.000,-129.794,-1.154,1.397,7.0
389,0.480,0.187,0.000,-129.576,-1.168,1.418,7.0
390,0.480,0.187,0.000,-129.357,-1.182,1.450,7.0
391,0.480,0.188,0.000,-129.138,-1.201,1.488,7.0
392,0.480,0.188,0.000,-128.917,-1.228,1.531,7.0
393,0.481,0.188,0.000,-128.696,-1.261,1.570,7.0
394,0.481,0.188,0.000,-128.482,-1.220,1.561,7.0
395,0.481,0.188,0.000,-128.269,-1.203,1.527,7.0
396,0.481,0.189,0.000,-128.055,-1.179,1.510,7.0
397,0.481,0.189,0.000,-127.840,-1.158,1.503,7.0
398,0.481,0.189,0.000,-127.625,-1.146,1.499,7.0
399,0.482,0.190,0.000,-127.408,-1.141,1.501,7.0
400,0.482,0.190,0.000,-127.191,-1.139,1.510,7.0
401,0.482,0.190,0.000,-126.973,-1.142,1.528,7.0
402,0.482,0.190,0.000,-126.753,-1.151,1.552,7.0
403,0.482,0.191,0.000,-126.533,-1.165,1.582,7.0
404,0.483,0.191,0.000,-126.313,-1.184,1.618,7.0
405,0.483,0.191,0.000,-126.097,-1.167,1.616,7.0
406,0.483,0.191,0.000,-125.883,-1.151,1.595,7.0
407,0.483,0.191,0.000,-125.668,-1.134,1.587,7.0
408,0.483,0.192,0.000,-125.453,-1.120,1.587,7.0
409,0.483,0.192,0.000,-125.236,-1.116,1.591,7.0
410,0.483,0.192,0.000,-125.019,-1.117,1.603,7.0
411,0.484,0.192,0.000,-124.800,-1.121,1.623,7.0
412,0.484,0.193,0.000,-124.581,-1.130,1.650,7.0
413,0.484,0.193,0.000,-124.366,-1.123,1.652,7.0
414,0.484,0.193,0.000,-124.153,-1.111,1.641,7.0
415,0.484,0.193,0.000,-123.940,-1.097,1.642,7.0
416,0.484,0.193,0.000,-123.726,-1.091,1.649,7.0
417,0.484,0.194,0.000,-123.510,-1.093,1.661,7.0
418,0.484,0.194,0.000,-123.295,-1.099,1.675,7.0
419,0.484,0.194,0.000,-123.083,-1.081,1.676,7.0
420,0.485,0.194,0.000,-122.871,-1.075,1.675,7.0
421,0.485,0.194,0.000,-122.658,-1.073,1.683,7.0
422,0.485,0.194,0.000,-122.446,-1.071,1.689,7.0
423,0.485,0.194,0.000,-122.235,-1.059,1.691,7.0
424,0.485,0.195,0.000,-122.023,-1.056,1.698,7.0
425,0.485,0.195,0.000,-121.813,-1.047,1.701,7.0
426,0.485,0.195,0.000,-121.603,-1.043,1.705,7.0
427,0.485,0.195,0.000,-121.393,-1.036,1.708,7.0
428,0.485,0.195,0.000,-121.184,-1.030,1.712,7.0
429,0.485,0.195,0.000,-120.975,-1.024,1.716,7.0
430,0.485,0.195,0.000,-120.767,-1.017,1.719,7.0
431,0.485,0.196,0.000,-120.559,-1.011,1.723,7.0
432,0.486,0.196,0.000,-120.352,-1.005,1.727,7.0
433,0.486,0.196,0.000,-120.145,-0.999,1.730,7.0
434,0.486,0.196,0.000,-119.938,-0.992,1.734,7.0
435,0.486,0.196,0.000,-119.732,-0.986,1.737,7.0
436,0.486,0.196,0.000,-119.526,-0.980,1.741,7.0
437,0.486,0.196,0.000,-119.321,-0.974,1.745,7.0
438,0.486,0.196,0.000,-119.116,-0.967,1.748,7.0
439,0.486,0.197,0.000,-118.912,-0.961,1.751,7.0
440,0.486,0.197,0.000,-118.708,-0.955,1.755,7.0
441,0.486,0.197,0.000,-118.505,-0.949,1.758,7.0
442,0.486,0.197,0.000,-118.302,-0.943,1.762,7.0
443,0.486,0.197,0.000,-118.099,-0.936,1.765,7.0
444,0.487,0.197,0.000,-117.897,-0.930,1.768,7.0
445,0.487,0.197,0.000,-117.696,-0.924,1.771,7.0
446,0.487,0.197,0.000,-117.494,-0.918,1.775,7.0
447,0.487,0.198,0.000,-117.294,-0.911,1.778,7.0
448,0.487,0.198,0.000,-117.093,-0.905,1.781,7.0
449,0.487,0.198,0.000,-116.894,-0.899,1.784,7.0
450,0.487,0.198,0.000,-116.694,-0.893,1.787,7.0
451,0.487,0.198,0.000,-116.495,-0.887,1.790,7.0
452,0.487,0.198,0.000,-116.297,-0.880,1.793,7.0
453,0.487,0.198,0.000,-116.099,-0.874,1.796,7.0
454,0.487,0.198,0.000,-115.901,-0.868,1.799,7.0
455,0.487,0.199,0.000,-115.704,-0.862,1.802,7.0
456,0.488,0.199,0.000,-115.507,-0.856,1.805,7.0
457,0.488,0.199,0.000,-115.311,-0.849,1.808,7.0
458,0.488,0.199,0.000,-115.115,-0.843,1.811,7.0
459,0.488,0.199,0.000,-114.920,-0.837,1.814,7.0
460,0.488,0.199,0.000,-114.725,-0.831,1.817,7.0
461,0.488,0.199,0.000,-114.530,-0.825,1.820,7.0
462,0.488,0.199,0.000,-114.336,-0.818,1.823,7.0
463,0.488,0.199,0.000,-114.142,-0.812,1.825,7.0
464,0.488,0.200,0.000,-113.949,-0.806,1.828,7.0
465,0.488,0.200,0.000,-113.756,-0.800,1.831,7.0
466,0.488,0.200,0.000,-113.564,-0.794,1.833,7.0
467,0.488,0.200,0.000,-113.372,-0.788,1.836,7.0
468,0.488,0.200,0.000,-113.180,-0.782,1.839,7.0
469,0.488,0.200,0.000,-112.989,-0.775,1.841,7.0
470,0.489,0.200,0.000,-112.798,-0.769,1.844,7.0
471,0.489,0.200,0.000,-112.608,-0.763,1.846,7.0
472,0.489,0.200,0.000,-112.418,-0.757,1.849,7.0
473,0.489,0.201,0.000,-112.229,-0.751,1.851,7.0
474,0.489,0.201,0.000,-112.040,-0.745,1.854,7.0
475,0.489,0.201,0.000,-111.851,-0.739,1.856,7.0
476,0.489,0.201,0.000,-111.663,-0.733,1.859,7.0
477,0.489,0.201,0.000,-111.475,-0.726,1.861,7.0
478,0.489,0.201,0.000,-111.288,-0.720,1.863,7.0
479,0.489,0.201,0.000,-111.101,-0.714,1.866,7.0
480,0.489,0.201,0.000,-110.914,-0.708,1.868,7.0
481,0.489,0.201,0.000,-110.728,-0.702,1.870,7.0
482,0.489,0.201,0.000,-110.542,-0.696,1.873,7.0
483,0.489,0.202,0.000,-110.357,-0.690,1.875,7.0
484,0.490,0.202,0.000,-110.172,-0.684,1.877,7.0
485,0.490,0.202,0.000,-109.987,-0.678,1.879,7.0
486,0.490,0.202,0.000,-109.803,-0.672,1.881,7.0
487,0.490,0.202,0.000,-109.619,-0.666,1.884,7.0
488,0.490,0.202,0.000,-109.436,-0.660,1.886,7.0
489,0.490,0.202,0.000,-109.253,-0.654,1.888,7.0
490,0.490,0.202,0.000,-109.070,-0.648,1.890,7.0
491,0.490,0.202,0.000,-108.888,-0.642,1.892,7.0
492,0.490,0.202,0.000,-108.706,-0.636,1.894,7.0
493,0.490,0.202,0.000,-108.524,-0.630,1.896,7.0
494,0.490,0.203,0.000,-108.343,-0.624,1.898,7.0
495,0.490,0.203,0.000,-108.162,-0.618,1.900,7.0
496,0.490,0.203,0.000,-107.982,-0.612,1.902,7.0
497,0.490,0.203,0.000,-107.802,-0.606,1.904,7.0
498,0.490,0.203,0.000,-107.622,-0.600,1.906,7.0
499,0.490,0.203,0.000,-107.443,-0.594,1.908,7.0
500,0.491,0.203,0.000,-107.264,-0.588,1.909,7.0
501,0.491,0.203,0.000,-107.085,-0.582,1.911,7.0
502,0.491,0.203,0.000,-106.907,-0.576,1.913,7.0
503,0.491,0.203,0.000,-106.729,-0.570,1.915,7.0
504,0.491,0.203,0.000,-106.552,-0.564,1.917,7.0
505,0.491,0.204,0.000,-106.375,-0.558,1.918,7.0
506,0.491,0.204,0.000,-106.198,-0.552,1.920,7.0
507,0.491,0.204,0.000,-106.022,-0.546,1.922,7.0
508,0.491,0.204,0.000,-105.845,-0.540,1.923,7.0
509,0.491,0.204,0.000,-105.670,-0.534,1.925,7.0
510,0.491,0.204,0.000,-105.494,-0.529,1.927,7.0
511,0.491,0.204,0.000,-105.319,-0.523,1.928,7.0
512,0.491,0.204,0.000,-105.145,-0.517,1.930,7.0
513,0.491,0.204,0.000,-104.970,-0.511,1.931,7.0
514,0.491,0.204,0.000,-104.796,-0.505,1.933,7.0
515,0.491,0.204,0.000,-104.622,-0.499,1.934,7.0
516,0.491,0.204,0.000,-104.449,-0.493,1.936,7.0
517,0.491,0.205,0.000,-104.276,-0.487,1.937,7.0
518,0.492,0.205,0.000,-104.103,-0.482,1.939,7.0
519,0.492,0.205,0.000,-103.931,-0.476,1.940,7.0
520,0.492,0.205,0.000,-103.759,-0.470,1.942,7.0
521,0.492,0.205,0.000,-103.587,-0.464,1.943,7.0
522,0.492,0.205,0.000,-103.416,-0.458,1.945,7.0
523,0.492,0.205,0.000,-103.245,-0.452,1.946,7.0
524,0.492,0.205,0.000,-103.074,-0.447,1.947,7.0
525,0.492,0.205,0.000,-102.903,-0.441,1.949,7.0
526,0.492,0.205,0.000,-102.733,-0.435,1.950,7.0
527,0.492,0.205,0.000,-102.563,-0.429,1.951,7.0
528,0.492,0.205,0.000,-102.394,-0.423,1.952,7.0
529,0.492,0.205,0.000,-102.225,-0.418,1.954,7.0
530,0.492,0.206,0.000,-102.056,-0.412,1.955,7.0
531,0.492,0.206,0.000,-101.887,-0.406,1.956,7.0
532,0.492,0.206,0.000,-101.719,-0.400,1.957,7.0
533,0.492,0.206,0.000,-101.551,-0.395,1.958,7.0
534,0.492,0.206,0.000,-101.383,-0.389,1.960,7.0
535,0.492,0.206,0.000,-101.216,-0.383,1.961,7.0
536,0.492,0.206,0.000,-101.049,-0.378,1.962,7.0
537,0.492,0.206,0.000,-100.882,-0.372,1.963,7.0
538,0.492,0.206,0.000,-100.716,-0.366,1.964,7.0
539,0.493,0.206,0.000,-100.549,-0.360,1.965,7.0
540,0.493,0.206,0.000,-100.383,-0.355,1.966,7.0
541,0.493,0.206,0.000,-100.218,-0.349,1.967,7.0
542,0.493,0.206,0.000,-100.053,-0.343,1.968,7.0
543,0.493,0.206,0.000,-99.888,-0.338,1.969,7.0
544,0.493,0.207,0.000,-99.723,-0.332,1.970,7.0
545,0.493,0.207,0.000,-99.559,-0.326,1.971,7.0
546,0.493,0.207,0.000,-99.394,-0.321,1.972,7.0
547,0.493,0.207,0.000,-99.231,-0.315,1.973,7.0
548,0.493,0.207,0.000,-99.067,-0.309,1.974,7.0
549,0.493,0.207,0.000,-98.904,-0.304,1.975,7.0
550,0.493,0.207,0.000,-98.741,-0.298,1.975,7.0
551,0.493,0.207,0.000,-98.578,-0.293,1.976,7.0
552,0.493,0.207,0.000,-98.416,-0.287,1.977,7.0
553,0.493,0.207,0.000,-98.254,-0.281,1.978,7.0
554,0.493,0.207,0.000,-98.092,-0.276,1.979,7.0
555,0.493,0.207,0.000,-97.931,-0.270,1.979,7.0
556,0.493,0.207,0.000,-97.769,-0.265,1.980,7.0
557,0.493,0.207,0.000,-97.609,-0.259,1.981,7.0
558,0.493,0.208,0.000,-97.448,-0.254,1.982,7.0
559,0.493,0.208,0.000,-97.288,-0.248,1.982,7.0
560,0.493,0.208,0.000,-97.128,-0.242,1.983,7.0
561,0.493,0.208,0.000,-96.968,-0.237,1.984,7.0
562,0.493,0.208,0.000,-96.809,-0.231,1.984,7.0
563,0.493,0.208,0.000,-96.650,-0.226,1.985,7.0
564,0.493,0.208,0.000,-96.491,-0.220,1.986,7.0
565,0.493,0.208,0.000,-96.332,-0.215,1.986,7.0
566,0.494,0.208,0.000,-96.174,-0.209,1.987,7.0
567,0.494,0.208,0.000,-96.016,-0.204,1.987,7.0
568,0.494,0.208,0.000,-95.859,-0.198,1.988,7.0
569,0.494,0.208,0.000,-95.701,-0.193,1.988,7.0
570,0.494,0.208,0.000,-95.545,-0.188,1.989,7.0
571,0.494,0.208,0.000,-95.388,-0.182,1.989,7.0
572,0.494,0.208,0.000,-95.232,-0.177,1.990,7.0
573,0.494,0.208,0.000,-95.076,-0.171,1.990,7.0
574,0.494,0.209,0.000,-94.920,-0.166,1.991,7.0
575,0.494,0.209,0.000,-94.765,-0.160,1.991,7.0
576,0.494,0.209,0.000,-94.610,-0.155,1.992,7.0
577,0.494,0.209,0.000,-94.456,-0.150,1.992,7.0
578,0.494,0.209,0.000,-94.302,-0.144,1.993,7.0
579,0.494,0.209,0.000,-94.148,-0.139,1.993,7.0
580,0.494,0.209,0.000,-93.994,-0.134,1.993,7.0
581,0.494,0.209,0.000,-93.841,-0.128,1.994,7.0
582,0.494,0.209,0.000,-93.689,-0.123,1.994,7.0
583,0.494,0.209,0.000,-93.537,-0.118,1.994,7.0
584,0.494,0.209,0.000,-93.385,-0.112,1.995,7.0
585,0.494,0.209,0.000,-93.234,-0.107,1.995,7.0
586,0.494,0.209,0.000,-93.083,-0.102,1.995,7.0
587,0.494,0.209,0.000,-92.933,-0.097,1.995,7.0
588,0.494,0.209,0.000,-92.783,-0.091,1.996,7.0
589,0.494,0.209,0.000,-92.634,-0.086,1.996,7.0
590,0.494,0.209,0.000,-92.485,-0.081,1.996,7.0
591,0.494,0.209,0.000,-92.337,-0.076,1.996,7.0
592,0.494,0.210,0.000,-92.189,-0.071,1.997,7.0
593,0.494,0.210,0.000,-92.043,-0.066,1.997,7.0
594,0.494,0.210,0.000,-91.896,-0.061,1.997,7.0
595,0.494,0.210,0.000,-91.751,-0.055,1.997,7.0
596,0.494,0.210,0.000,-91.606,-0.050,1.997,7.0
597,0.494,0.210,0.000,-91.462,-0.045,1.997,7.0
598,0.494,0.210,0.000,-91.319,-0.040,1.997,7.0
599,0.494,0.210,0.000,-91.177,-0.035,1.997,7.0
600,0.494,0.210,0.000,-91.035,-0.031,1.998,7.0
601,0.494,0.210,0.000,-90.895,-0.026,1.998,7.0
602,0.494,0.210,0.000,-90.756,-0.021,1.998,7.0
603,0.494,0.210,0.000,-90.617,-0.016,1.998,7.0
604,0.494,0.210,0.000,-90.480,-0.011,1.998,7.0
605,0.494,0.210,0.000,-90.344,-0.006,1.998,7.0
606,0.494,0.210,0.000,-90.209,-0.002,1.998,7.0
607,0.494,0.210,0.000,-90.075,0.003,1.998,7.0
608,0.494,0.210,0.000,-89.942,0.008,1.998,7.0
609,0.494,0.210,0.000,-89.810,0.012,1.998,7.0
610,0.494,0.210,0.000,-89.679,0.017,1.998,7.0
611,0.494,0.210,0.000,-89.550,0.021,1.998,7.0
612,0.494,0.210,0.000,-89.421,0.026,1.998,7.0
613,0.494,0.211,0.000,-89.293,0.030,1.998,7.0
614,0.494,0.211,0.000,-89.167,0.035,1.997,7.0
615,0.494,0.211,0.000,-89.041,0.039,1.997,7.0
616,0.494,0.211,0.000,-88.916,0.043,1.997,7.0
617,0.494,0.211,0.000,-88.792,0.048,1.997,7.0
618,0.494,0.211,0.000,-88.668,0.052,1.997,7.0
619,0.494,0.211,0.000,-88.545,0.056,1.997,7.0
620,0.494,0.211,0.000,-88.423,0.061,1.997,7.0
621,0.494,0.211,0.000,-88.301,0.065,1.997,7.0
622,0.494,0.211,0.000,-88.180,0.069,1.997,7.0
623,0.494,0.211,0.000,-88.060,0.073,1.996,7.0
624,0.494,0.211,0.000,-87.940,0.077,1.996,7.0
625,0.494,0.211,0.000,-87.820,0.082,1.996,7.0
626,0.494,0.211,0.000,-87.701,0.086,1.996,7.0
627,0.494,0.211,0.000,-87.582,0.090,1.996,7.0
628,0.494,0.211,0.000,-87.463,0.094,1.996,7.0
629,0.494,0.211,0.000,-87.345,0.098,1.995,7.0
630,0.494,0.211,0.000,-87.227,0.102,1.995,7.0
631,0.494,0.211,0.000,-87.109,0.106,1.995,7.0
632,0.494,0.211,0.000,-86.992,0.110,1.995,7.0
633,0.494,0.211,0.000,-86.874,0.115,1.994,7.0
634,0.494,0.211,0.000,-86.757,0.119,1.994,7.0
635,0.494,0.211,0.000,-86.640,0.123,1.994,7.0
636,0.494,0.211,0.000,-86.524,0.127,1.994,7.0
637,0.494,0.211,0.000,-86.407,0.131,1.993,7.0
638,0.494,0.211,0.000,-86.291,0.135,1.993,7.0
639,0.494,0.211,0.000,-86.175,0.139,1.993,7.0
640,0.494,0.211,0.000,-86.059,0.143,1.993,7.0
641,0.494,0.211,0.000,-85.943,0.147,1.992,7.0
642,0.494,0.211,0.000,-85.827,0.151,1.992,7.0
643,0.494,0.211,0.000,-85.711,0.155,1.992,7.0
644,0.494,0.212,0.000,-85.596,0.159,1.991,7.0
645,0.493,0.212,0.000,-85.480,0.163,1.991,7.0
646,0.493,0.212,0.000,-85.365,0.167,1.991,7.0
647,0.493,0.212,0.000,-85.250,0.171,1.990,7.0
648,0.493,0.212,0.000,-85.135,0.175,1.990,7.0
649,0.493,0.212,0.000,-85.019,0.179,1.990,7.0
650,0.493,0.212,0.000,-84.904,0.183,1.989,7.0
651,0.493,0.212,0.000,-84.790,0.187,1.989,7.0
652,0.493,0.212,0.000,-84.675,0.191,1.989,7.0
653,0.493,0.212,0.000,-84.560,0.195,1.988,7.0
654,0.493,0.212,0.000,-84.445,0.199,1.988,7.0
655,0.493,0.212,0.000,-84.331,0.203,1.987,7.0
656,0.493,0.212,0.000,-84.216,0.207,1.987,7.0
657,0.493,0.212,0.000,-84.102,0.211,1.987,7.0
658,0.493,0.212,0.000,-83.987,0.215,1.986,7.0
659,0.493,0.212,0.000,-83.873,0.219,1.986,7.0
660,0.493,0.212,0.000,-83.759,0.223,1.985,7.0
661,0.493,0.212,0.000,-83.644,0.227,1.985,7.0
662,0.493,0.212,0.000,-83.530,0.231,1.984,7.0
663,0.493,0.212,0.000,-83.416,0.235,1.984,7.0
664,0.493,0.212,0.000,-83.302,0.239,1.983,7.0
665,0.493,0.212,0.000,-83.188,0.243,1.983,7.0
666,0.493,0.212,0.000,-83.074,0.247,1.983,7.0
667,0.493,0.212,0.000,-82.961,0.250,1.982,7.0
668,0.493,0.212,0.000,-82.847,0.254,1.982,7.0
669,0.493,0.212,0.000,-82.733,0.258,1.981,7.0
670,0.493,0.212,0.000,-82.620,0.262,1.980,7.0
671,0.493,0.212,0.000,-82.506,0.266,1.980,7.0
672,0.493,0.212,0.000,-82.393,0.270,1.979,7.0
673,0.492,0.212,0.000,-82.279,0.274,1.979,7.0
674,0.492,0.212,0.000,-82.166,0.278,1.978,7.0
675,0.492,0.212,0.000,-82.053,0.282,1.978,7.0
676,0.492,0.212,0.000,-81.940,0.286,1.977,7.0
677,0.492,0.212,0.000,-81.826,0.290,1.977,7.0
678,0.492,0.212,0.000,-81.713,0.294,1.976,7.0
679,0.492,0.212,0.000,-81.601,0.297,1.976,7.0
680,0.492,0.212,0.000,-81.488,0.301,1.975,7.0
681,0.492,0.213,0.000,-81.375,0.305,1.974,7.0
682,0.492,0.213,0.000,-81.262,0.309,1.974,7.0
683,0.492,0.213,0.000,-81.150,0.313,1.973,7.0
684,0.492,0.213,0.000,-81.037,0.317,1.973,7.0
685,0.492,0.213,0.000,-80.925,0.321,1.972,7.0
686,0.492,0.213,0.000,-80.813,0.325,1.971,7.0
687,0.492,0.213,0.000,-80.700,0.328,1.971,7.0
688,0.492,0.213,0.000,-80.588,0.332,1.970,7.0
689,0.492,0.213,0.000,-80.476,0.336,1.969,7.0
690,0.492,0.213,0.000,-80.364,0.340,1.969,7.0
691,0.492,0.213,0.000,-80.252,0.344,1.968,7.0
692,0.492,0.213,0.000,-80.141,0.348,1.967,7.0
693,0.491,0.213,0.000,-80.029,0.352,1.967,7.0
694,0.491,0.213,0.000,-79.918,0.355,1.966,7.0
695,0.491,0.213,0.000,-79.806,0.359,1.965,7.0
696,0.491,0.213,0.000,-79.695,0.363,1.965,7.0
697,0.491,0.213,0.000,-79.584,0.367,1.964,7.0
698,0.491,0.213,0.000,-79.473,0.371,1.963,7.0
699,0.491,0.213,0.000,-79.362,0.374,1.962,7.0
700,0.491,0.213,0.000,-79.251,0.378,1.962,7.0
701,0.491,0.213,0.000,-79.140,0.382,1.961,7.0
702,0.491,0.213,0.000,-79.030,0.386,1.960,7.0
703,0.491,0.213,0.000,-78.919,0.390,1.959,7.0
704,0.491,0.213,0.000,-78.809,0.393,1.959,7.0
705,0.491,0.213,0.000,-78.699,0.397,1.958,7.0
706,0.491,0.213,0.000,-78.589,0.401,1.957,7.0
707,0.491,0.213,0.000,-78.479,0.405,1.956,7.0
708,0.491,0.213,0.000,-78.369,0.408,1.956,7.0
709,0.491,0.213,0.000,-78.260,0.412,1.955,7.0
710,0.490,0.213,0.000,-78.150,0.416,1.954,7.0
711,0.490,0.213,0.000,-78.041,0.420,1.953,7.0
712,0.490,0.213,0.000,-77.932,0.423,1.952,7.0
713,0.490,0.213,0.000,-77.823,0.427,1.952,7.0
714,0.490,0.213,0.000,-77.714,0.431,1.951,7.0
715,0.490,0.214,0.000,-77.605,0.434,1.950,7.0
716,0.490,0.214,0.000,-77.497,0.438,1.949,7.0
717,0.490,0.214,0.000,-77.388,0.442,1.948,7.0
718,0.490,0.214,0.000,-77.280,0.446,1.947,7.0
719,0.490,0.214,0.000,-77.172,0.449,1.947,7.0
720,0.490,0.214,0.000,-77.064,0.453,1.946,7.0
721,0.490,0.214,0.000,-76.957,0.456,1.945,7.0
722,0.490,0.214,0.000,-76.849,0.460,1.944,7.0
723,0.490,0.214,0.000,-76.742,0.464,1.943,7.0
724,0.490,0.214,0.000,-76.635,0.467,1.942,7.0
725,0.490,0.214,0.000,-76.528,0.471,1.941,7.0
726,0.489,0.214,0.000,-76.421,0.475,1.941,7.0
727,0.489,0.214,0.000,-76.314,0.478,1.940,7.0
728,0.489,0.214,0.000,-76.208,0.482,1.939,7.0
729,0.489,0.214,0.000,-76.102,0.485,1.938,7.0
730,0.489,0.214,0.000,-75.996,0.489,1.937,7.0
731,0.489,0.214,0.000,-75.890,0.493,1.936,7.0
732,0.489,0.214,0.000,-75.785,0.496,1.935,7.0
733,0.489,0.214,0.000,-75.680,0.500,1.934,7.0
734,0.489,0.214,0.000,-75.574,0.503,1.933,7.0
735,0.489,0.214,0.000,-75.470,0.507,1.932,7.0
736,0.489,0.214,0.000,-75.365,0.510,1.932,7.0
737,0.489,0.214,0.000,-75.261,0.514,1.931,7.0
738,0.489,0.214,0.000,-75.156,0.517,1.930,7.0
739,0.489,0.214,0.000,-75.052,0.521,1.929,7.0
740,0.488,0.214,0.000,-74.949,0.524,1.928,7.0
741,0.488,0.214,0.000,-74.845,0.528,1.927,7.0
742,0.488,0.214,0.000,-74.742,0.531,1.926,7.0
743,0.488,0.214,0.000,-74.639,0.535,1.925,7.0
744,0.488,0.215,0.000,-74.536,0.538,1.924,7.0
745,0.488,0.215,0.000,-74.434,0.542,1.923,7.0
746,0.488,0.215,0.000,-74.332,0.545,1.922,7.0
747,0.488,0.215,0.000,-74.230,0.549,1.921,7.0
748,0.488,0.215,0.000,-74.128,0.552,1.920,7.0
749,0.488,0.215,0.000,-74.027,0.555,1.919,7.0
750,0.488,0.215,0.000,-73.925,0.559,1.918,7.0
751,0.488,0.215,0.000,-73.824,0.562,1.917,7.0
752,0.488,0.215,0.000,-73.724,0.565,1.916,7.0
753,0.488,0.215,0.000,-73.624,0.569,1.915,7.0
754,0.487,0.215,0.000,-73.523,0.572,1.914,7.0
755,0.487,0.215,0.000,-73.424,0.576,1.913,7.0
756,0.487,0.215,0.000,-73.324,0.579,1.912,7.0
757,0.487,0.215,0.000,-73.225,0.582,1.911,7.0
758,0.487,0.215,0.000,-73.126,0.585,1.910,7.0
759,0.487,0.215,0.000,-73.027,0.589,1.909,7.0
760,0.487,0.215,0.000,-72.929,0.592,1.908,7.0
761,0.487,0.215,0.000,-72.831,0.595,1.907,7.0
762,0.487,0.215,0.000,-72.733,0.599,1.906,7.0
763,0.487,0.215,0.000,-72.636,0.602,1.905,7.0
764,0.487,0.215,0.000,-72.539,0.605,1.904,7.0
765,0.487,0.215,0.000,-72.442,0.608,1.903,7.0
766,0.486,0.215,0.000,-72.346,0.611,1.902,7.0
767,0.486,0.215,0.000,-72.249,0.615,1.901,7.0
768,0.486,0.215,0.000,-72.154,0.618,1.900,7.0
769,0.486,0.215,0.000,-72.058,0.621,1.899,7.0
770,0.486,0.215,0.000,-71.963,0.624,1.898,7.0
771,0.486,0.216,0.000,-71.868,0.627,1.897,7.0
772,0.486,0.216,0.000,-71.774,0.630,1.896,7.0
773,0.486,0.216,0.000,-71.679,0.634,1.895,7.0
774,0.486,0.216,0.000,-71.585,0.637,1.894,7.0
775,0.486,0.216,0.000,-71.492,0.640,1.893,7.0
776,0.486,0.216,0.000,-71.399,0.643,1.892,7.0
777,0.486,0.216,0.000,-71.306,0.646,1.891,7.0
778,0.486,0.216,0.000,-71.213,0.649,1.890,7.0
779,0.485,0.216,0.000,-71.121,0.652,1.888,7.0
780,0.485,0.216,0.000,-71.030,0.655,1.887,7.0
781,0.485,0.216,0.000,-70.938,0.658,1.886,7.0
782,0.485,0.216,0.000,-70.847,0.661,1.885,7.0
783,0.485,0.216,0.000,-70.756,0.664,1.884,7.0
784,0.485,0.216,0.000,-70.666,0.667,1.883,7.0
785,0.485,0.216,0.000,-70.576,0.670,1.882,7.0
786,0.485,0.216,0.000,-70.486,0.673,1.881,7.0
787,0.485,0.216,0.000,-70.397,0.676,1.880,7.0
788,0.485,0.216,0.000,-70.308,0.679,1.879,7.0
789,0.485,0.216,0.000,-70.220,0.682,1.878,7.0
790,0.485,0.216,0.000,-70.132,0.684,1.877,7.0
791,0.485,0.216,0.000,-70.044,0.687,1.876,7.0
792,0.484,0.216,0.000,-69.957,0.690,1.875,7.0
793,0.484,0.216,0.000,-69.870,0.693,1.874,7.0
794,0.484,0.216,0.000,-69.783,0.696,1.873,7.0
795,0.484,0.216,0.000,-69.697,0.699,1.872,7.0
796,0.484,0.216,0.000,-69.611,0.701,1.871,7.0
797,0.484,0.216,0.000,-69.526,0.704,1.870,7.0
798,0.484,0.217,0.000,-69.441,0.707,1.869,7.0
799,0.484,0.217,0.000,-69.356,0.710,1.867,7.0
800,0.484,0.217,0.000,-69.272,0.713,1.866,7.0
801,0.484,0.217,0.000,-69.188,0.715,1.865,7.0
802,0.484,0.217,0.000,-69.104,0.718,1.864,7.0
803,0.484,0.217,0.000,-69.021,0.721,1.863,7.0
804,0.483,0.217,0.000,-68.939,0.723,1.862,7.0
805,0.483,0.217,0.000,-68.856,0.726,1.861,7.0
806,0.483,0.217,0.000,-68.775,0.729,1.860,7.0
807,0.483,0.217,0.000,-68.693,0.731,1.859,7.0
808,0.483,0.217,0.000,-68.612,0.734,1.858,7.0
809,0.483,0.217,0.000,-68.531,0.737,1.857,7.0
810,0.483,0.217,0.000,-68.451,0.739,1.856,7.0
811,0.483,0.217,0.000,-68.371,0.742,1.855,7.0
812,0.483,0.217,0.000,-68.292,0.744,1.854,7.0
813,0.483,0.217,0.000,-68.213,0.747,1.853,7.0
814,0.483,0.217,0.000,-68.135,0.749,1.852,7.0
815,0.483,0.217,0.000,-68.056,0.752,1.851,7.0
816,0.483,0.217,0.000,-67.979,0.755,1.850,7.0
817,0.482,0.217,0.000,-67.901,0.757,1.849,7.0
818,0.482,0.217,0.000,-67.825,0.759,1.848,7.0
819,0.482,0.217,0.000,-67.748,0.762,1.847,7.0
820,0.482,0.217,0.000,-67.672,0.764,1.846,7.0
821,0.482,0.217,0.000,-67.597,0.767,1.845,7.0
822,0.482,0.217,0.000,-67.521,0.769,1.844,7.0
823,0.482,0.217,0.000,-67.447,0.772,1.843,7.0
824,0.482,0.217,0.000,-67.372,0.774,1.842,7.0
825,0.482,0.217,0.000,-67.299,0.776,1.841,7.0
826,0.482,0.217,0.000,-67.225,0.779,1.840,7.0
827,0.482,0.217,0.000,-67.152,0.781,1.839,7.0
828,0.482,0.218,0.000,-67.080,0.783,1.838,7.0
829,0.482,0.218,0.000,-67.007,0.786,1.837,7.0
830,0.481,0.218,0.000,-66.936,0.788,1.836,7.0
831,0.481,0.218,0.000,-66.864,0.790,1.835,7.0
832,0.481,0.218,0.000,-66.794,0.793,1.834,7.0
833,0.481,0.218,0.000,-66.723,0.795,1.833,7.0
834,0.481,0.218,0.000,-66.653,0.797,1.832,7.0
835,0.481,0.218,0.000,-66.584,0.799,1.831,7.0
836,0.481,0.218,0.000,-66.515,0.802,1.830,7.0
837,0.481,0.218,0.000,-66.446,0.804,1.829,7.0
838,0.481,0.218,0.000,-66.378,0.806,1.828,7.0
839,0.481,0.218,0.000,-66.310,0.808,1.827,7.0
840,0.481,0.218,0.000,-66.243,0.810,1.826,7.0
841,0.481,0.218,0.000,-66.176,0.812,1.825,7.0
842,0.481,0.218,0.000,-66.109,0.814,1.824,7.0
843,0.480,0.218,0.000,-66.043,0.817,1.823,7.0
844,0.480,0.218,0.000,-65.978,0.819,1.822,7.0
845,0.480,0.218,0.000,-65.913,0.821,1.821,7.0
846,0.480,0.218,0.000,-65.848,0.823,1.821,7.0
847,0.480,0.218,0.000,-65.784,0.825,1.820,7.0
848,0.480,0.218,0.000,-65.720,0.827,1.819,7.0
849,0.480,0.218,0.000,-65.657,0.829,1.818,7.0
850,0.480,0.218,0.000,-65.594,0.831,1.817,7.0
851,0.480,0.218,0.000,-65.531,0.833,1.816,7.0
852,0.480,0.218,0.000,-65.469,0.835,1.815,7.0
853,0.480,0.218,0.000,-65.408,0.837,1.814,7.0
854,0.480,0.218,0.000,-65.347,0.839,1.813,7.0
855,0.480,0.218,0.000,-65.286,0.841,1.812,7.0
856,0.480,0.218,0.000,-65.226,0.843,1.812,7.0
857,0.479,0.218,0.000,-65.166,0.844,1.811,7.0
858,0.479,0.218,0.000,-65.106,0.846,1.810,7.0
859,0.479,0.218,0.000,-65.048,0.848,1.809,7.0
860,0.479,0.218,0.000,-64.989,0.850,1.808,7.0
861,0.479,0.218,0.000,-64.931,0.852,1.807,7.0
862,0.479,0.218,0.000,-64.873,0.854,1.806,7.0
863,0.479,0.218,0.000,-64.816,0.855,1.805,7.0
864,0.479,0.219,0.000,-64.760,0.857,1.805,7.0
865,0.479,0.219,0.000,-64.703,0.859,1.804,7.0
866,0.479,0.219,0.000,-64.647,0.861,1.803,7.0
867,0.479,0.219,0.000,-64.592,0.862,1.802,7.0
868,0.479,0.219,0.000,-64.537,0.864,1.801,7.0
869,0.479,0.219,0.000,-64.483,0.866,1.800,7.0
870,0.479,0.219,0.000,-64.428,0.868,1.800,7.0
871,0.479,0.219,0.000,-64.375,0.869,1.799,7.0
872,0.478,0.219,0.000,-64.322,0.871,1.798,7.0
873,0.478,0.219,0.000,-64.269,0.873,1.797,7.0
874,0.478,0.219,0.000,-64.216,0.874,1.796,7.0
875,0.478,0.219,0.000,-64.165,0.876,1.796,7.0
876,0.478,0.219,0.000,-64.113,0.878,1.795,7.0
877,0.478,0.219,0.000,-64.062,0.879,1.794,7.0
878,0.478,0.219,0.000,-64.011,0.881,1.793,7.0
879,0.478,0.219,0.000,-63.961,0.882,1.792,7.0
880,0.478,0.219,0.000,-63.912,0.884,1.792,7.0
881,0.478,0.219,0.000,-63.862,0.885,1.791,7.0
882,0.478,0.219,0.000,-63.813,0.887,1.790,7.0
883,0.478,0.219,0.000,-63.765,0.888,1.789,7.0
884,0.478,0.219,0.000,-63.717,0.890,1.789,7.0
885,0.478,0.219,0.000,-63.669,0.891,1.788,7.0
886,0.478,0.219,0.000,-63.622,0.893,1.787,7.0
887,0.478,0.219,0.000,-63.575,0.894,1.786,7.0
888,0.477,0.219,0.000,-63.529,0.896,1.786,7.0
889,0.477,0.219,0.000,-63.483,0.897,1.785,7.0
890,0.477,0.219,0.000,-63.438,0.899,1.784,7.0
891,0.477,0.219,0.000,-63.393,0.900,1.784,7.0
892,0.477,0.219,0.000,-63.348,0.901,1.783,7.0
893,0.477,0.219,0.000,-63.304,0.903,1.782,7.0
894,0.477,0.219,0.000,-63.260,0.904,1.782,7.0
895,0.477,0.219,0.000,-63.217,0.906,1.781,7.0
896,0.477,0.219,0.000,-63.174,0.907,1.780,7.0
897,0.477,0.219,0.000,-63.131,0.908,1.780,7.0
898,0.477,0.219,0.000,-63.089,0.909,1.779,7.0
899,0.477,0.219,0.000,-63.047,0.911,1.778,7.0
900,0.477,0.219,0.000,-63.006,0.912,1.778,7.0
901,0.477,0.219,0.000,-62.965,0.913,1.777,7.0
902,0.477,0.219,0.000,-62.924,0.915,1.776,7.0
903,0.477,0.219,0.000,-62.884,0.916,1.776,7.0
904,0.477,0.219,0.000,-62.845,0.917,1.775,7.0
905,0.476,0.219,0.000,-62.805,0.918,1.774,7.0
906,0.476,0.219,0.000,-62.766,0.919,1.774,7.0
907,0.476,0.219,0.000,-62.728,0.921,1.773,7.0
908,0.476,0.219,0.000,-62.690,0.922,1.772,7.0
909,0.476,0.220,0.000,-62.652,0.923,1.772,7.0
910,0.476,0.220,0.000,-62.615,0.924,1.771,7.0
911,0.476,0.220,0.000,-62.578,0.925,1.771,7.0
912,0.476,0.220,0.000,-62.541,0.926,1.770,7.0
913,0.476,0.220,0.000,-62.505,0.928,1.769,7.0
914,0.476,0.220,0.000,-62.469,0.929,1.769,7.0
915,0.476,0.220,0.000,-62.434,0.930,1.768,7.0
916,0.476,0.220,0.000,-62.399,0.931,1.768,7.0
917,0.476,0.220,0.000,-62.365,0.932,1.767,7.0
918,0.476,0.220,0.000,-62.330,0.933,1.767,7.0
919,0.476,0.220,0.000,-62.297,0.934,1.766,7.0
920,0.476,0.220,0.000,-62.263,0.935,1.766,7.0
921,0.476,0.220,0.000,-62.230,0.936,1.765,7.0
922,0.476,0.220,0.000,-62.197,0.937,1.764,7.0
923,0.476,0.220,0.000,-62.165,0.938,1.764,7.0
924,0.475,0.220,0.000,-62.133,0.939,1.763,7.0
925,0.475,0.220,0.000,-62.102,0.940,1.763,7.0
926,0.475,0.220,0.000,-62.070,0.941,1.762,7.0
927,0.475,0.220,0.000,-62.040,0.942,1.762,7.0
928,0.475,0.220,0.000,-62.009,0.943,1.761,7.0
929,0.475,0.220,0.000,-61.979,0.944,1.761,7.0
930,0.475,0.220,0.000,-61.949,0.945,1.760,7.0
931,0.475,0.220,0.000,-61.920,0.946,1.760,7.0
932,0.475,0.220,0.000,-61.891,0.946,1.759,7.0
933,0.475,0.220,0.000,-61.862,0.947,1.759,7.0
934,0.475,0.220,0.000,-61.834,0.948,1.758,7.0
935,0.475,0.220,0.000,-61.806,0.949,1.758,7.0
936,0.475,0.220,0.000,-61.778,0.950,1.758,7.0
937,0.475,0.220,0.000,-61.751,0.951,1.757,7.0
938,0.475,0.220,0.000,-61.724,0.952,1.757,7.0
939,0.475,0.220,0.000,-61.698,0.952,1.756,7.0
940,0.475,0.220,0.000,-61.672,0.953,1.756,7.0
941,0.475,0.220,0.000,-61.646,0.954,1.755,7.0
942,0.475,0.220,0.000,-61.620,0.955,1.755,7.0
943,0.475,0.220,0.000,-61.595,0.956,1.755,7.0
944,0.475,0.220,0.000,-61.570,0.956,1.754,7.0
945,0.475,0.220,0.000,-61.546,0.957,1.754,7.0
946,0.474,0.220,0.000,-61.521,0.958,1.753,7.0
947,0.474,0.220,0.000,-61.498,0.959,1.753,7.0
948,0.474,0.220,0.000,-61.474,0.959,1.752,7.0
949,0.474,0.220,0.000,-61.451,0.960,1.752,7.0
950,0.474,0.220,0.000,-61.428,0.961,1.752,7.0
951,0.474,0.220,0.000,-61.405,0.961,1.751,7.0
952,0.474,0.220,0.000,-61.383,0.962,1.751,7.0
953,0.474,0.220,0.000,-61.361,0.963,1.751,7.0
954,0.474,0.220,0.000,-61.340,0.963,1.750,7.0
955,0.474,0.220,0.000,-61.318,0.964,1.750,7.0
956,0.474,0.220,0.000,-61.297,0.965,1.750,7.0
957,0.474,0.220,0.000,-61.277,0.965,1.749,7.0
958,0.474,0.220,0.000,-61.256,0.966,1.749,7.0
959,0.474,0.220,0.000,-61.236,0.967,1.749,7.0
960,0.474,0.220,0.000,-61.217,0.967,1.748,7.0
961,0.474,0.220,0.000,-61.197,0.968,1.748,7.0
962,0.474,0.220,0.000,-61.178,0.968,1.748,7.0
963,0.474,0.220,0.000,-61.159,0.969,1.747,7.0
964,0.474,0.220,0.000,-61.141,0.969,1.747,7.0
965,0.474,0.220,0.000,-61.122,0.970,1.747,7.0
966,0.474,0.220,0.000,-61.104,0.971,1.746,7.0
967,0.474,0.220,0.000,-61.087,0.971,1.746,7.0
968,0.474,0.220,0.000,-61.069,0.972,1.746,7.0
969,0.474,0.220,0.000,-61.052,0.972,1.745,7.0
970,0.474,0.220,0.000,-61.035,0.973,1.745,7.0
971,0.474,0.221,0.000,-61.019,0.973,1.745,7.0
972,0.473,0.221,0.000,-61.003,0.974,1.745,7.0
973,0.473,0.221,0.000,-60.987,0.974,1.744,7.0
974,0.473,0.221,0.000,-60.971,0.975,1.744,7.0
975,0.473,0.221,0.000,-60.955,0.975,1.744,7.0
976,0.473,0.221,0.000,-60.940,0.976,1.743,7.0
977,0.473,0.221,0.000,-60.925,0.976,1.743,7.0
978,0.473,0.221,0.000,-60.911,0.976,1.743,7.0
979,0.473,0.221,0.000,-60.896,0.977,1.743,7.0
980,0.473,0.221,0.000,-60.882,0.977,1.742,7.0
981,0.473,0.221,0.000,-60.868,0.978,1.742,7.0
982,0.473,0.221,0.000,-60.855,0.978,1.742,7.0
983,0.473,0.221,0.000,-60.841,0.979,1.742,7.0
984,0.473,0.221,0.000,-60.828,0.979,1.742,7.0
985,0.473,0.221,0.000,-60.816,0.979,1.741,7.0
986,0.473,0.221,0.000,-60.803,0.980,1.741,7.0
987,0.473,0.221,0.000,-60.791,0.980,1.741,7.0
988,0.473,0.221,0.000,-60.779,0.980,1.741,7.0
989,0.473,0.221,0.000,-60.767,0.981,1.741,7.0
990,0.473,0.221,0.000,-60.755,0.981,1.740,7.0
991,0.473,0.221,0.000,-60.744,0.982,1.740,7.0
992,0.473,0.221,0.000,-60.733,0.982,1.740,7.0
993,0.473,0.221,0.000,-60.722,0.982,1.740,7.0
994,0.473,0.221,0.000,-60.711,0.983,1.740,7.0
995,0.473,0.221,0.000,-60.701,0.983,1.739,7.0
996,0.473,0.221,0.000,-60.690,0.983,1.739,7.0
997,0.473,0.221,0.000,-60.680,0.983,1.739,7.0
998,0.473,0.221,0.000,-60.671,0.984,1.739,7.0
999,0.473,0.221,0.000,-60.661,0.984,1.739,7.0
1000,0.473,0.221,0.000,-60.652,0.984,1.739,7.0
1001,0.473,0.221,0.000,-60.643,0.985,1.738,7.0
1002,0.473,0.221,0.000,-60.634,0.985,1.738,7.0
1003,0.473,0.221,0.000,-60.625,0.985,1.738,7.0
1004,0.473,0.221,0.000,-60.617,0.985,1.738,7.0
1005,0.472,0.221,0.000,-60.609,0.986,1.738,7.0
1006,0.472,0.221,0.000,-60.601,0.986,1.738,7.0
1007,0.472,0.221,0.000,-60.593,0.986,1.738,7.0
1008,0.472,0.221,0.000,-60.585,0.986,1.737,7.0
1009,0.472,0.221,0.000,-60.578,0.987,1.737,7.0
1010,0.472,0.221,0.000,-60.571,0.987,1.737,7.0
1011,0.472,0.221,0.000,-60.564,0.987,1.737,7.0
1012,0.472,0.221,0.000,-60.557,0.987,1.737,7.0
1013,0.472,0.221,0.000,-60.550,0.987,1.737,7.0
1014,0.472,0.221,0.000,-60.544,0.988,1.737,7.0
1015,0.472,0.221,0.000,-60.537,0.988,1.737,7.0
1016,0.472,0.221,0.000,-60.531,0.988,1.736,7.0
1017,0.472,0.221,0.000,-60.525,0.988,1.736,7.0
1018,0.472,0.221,0.000,-60.520,0.988,1.736,7.0
1019,0.472,0.221,0.000,-60.514,0.988,1.736,7.0
1020,0.472,0.221,0.000,-60.509,0.989,1.736,7.0
1021,0.472,0.221,0.000,-60.504,0.989,1.736,7.0
1022,0.472,0.221,0.000,-60.499,0.989,1.736,7.0
1023,0.472,0.221,0.000,-60.494,0.989,1.736,7.0
1024,0.472,0.221,0.000,-60.489,0.989,1.736,7.0
1025,0.472,0.221,0.000,-60.485,0.989,1.736,7.0
1026,0.472,0.221,0.000,-60.481,0.990,1.736,7.0
1027,0.472,0.221,0.000,-60.477,0.990,1.736,7.0
1028,0.472,0.221,0.000,-60.473,0.990,1.735,7.0
1029,0.472,0.221,0.000,-60.469,0.990,1.735,7.0
1030,0.472,0.221,0.000,-60.465,0.990,1.735,7.0
1031,0.472,0.221,0.000,-60.462,0.990,1.735,7.0
1032,0.472,0.221,0.000,-60.458,0.990,1.735,7.0
1033,0.472,0.221,0.000,-60.455,0.990,1.735,7.0
1034,0.472,0.221,0.000,-60.452,0.990,1.735,7.0
1035,0.472,0.221,0.000,-60.449,0.990,1.735,7.0
1036,0.472,0.221,0.000,-60.447,0.991,1.735,7.0
1037,0.472,0.221,0.000,-60.444,0.991,1.735,7.0
1038,0.472,0.221,0.000,-60.442,0.991,1.735,7.0
1039,0.472,0.221,0.000,-60.439,0.991,1.735,7.0
1040,0.472,0.221,0.000,-60.437,0.991,1.735,7.0
1041,0.472,0.221,0.000,-60.435,0.991,1.735,7.0
1042,0.472,0.221,0.000,-60.433,0.991,1.735,7.0
1043,0.472,0.221,0.000,-60.432,0.991,1.735,7.0
1044,0.472,0.221,0.000,-60.430,0.991,1.735,7.0
1045,0.472,0.221,0.000,-60.429,0.991,1.735,7.0
1046,0.472,0.221,0.000,-60.427,0.991,1.735,7.0
1047,0.472,0.221,0.000,-60.426,0.991,1.735,7.0
1048,0.472,0.221,0.000,-60.425,0.991,1.735,7.0
1049,0.472,0.221,0.000,-60.424,0.991,1.735,7.0
1050,0.472,0.222,0.000,-60.423,0.991,1.735,7.0
1051,0.471,0.222,0.000,-60.423,0.991,1.735,7.0
1052,0.471,0.222,0.000,-60.422,0.991,1.735,7.0
1053,0.471,0.222,0.000,-60.422,0.991,1.735,7.0
1054,0.471,0.222,0.000,-60.421,0.991,1.735,7.0
1055,0.471,0.222,0.000,-60.421,0.991,1.735,7.0
1056,0.471,0.222,0.000,-60.421,0.991,1.735,7.0
1057,0.471,0.222,0.000,-60.421,0.991,1.735,7.0
1058,0.471,0.222,0.000,-60.421,0.991,1.735,7.0
1059,0.471,0.222,0.000,-60.422,0.991,1.735,7.0
1060,0.471,0.222,0.000,-60.422,0.991,1.735,7.0
1061,0.471,0.222,0.000,-60.422,0.991,1.735,7.0
1062,0.471,0.222,0.000,-60.423,0.991,1.735,7.0
1063,0.471,0.222,0.000,-60.424,0.991,1.735,7.0
1064,0.471,0.222,0.000,-60.424,0.991,1.735,7.0
1065,0.471,0.222,0.000,-60.425,0.991,1.735,7.0
1066,0.471,0.222,0.000,-60.426,0.991,1.735,7.0
1067,0.471,0.222,0.000,-60.427,0.991,1.735,7.0
1068,0.471,0.222,0.000,-60.428,0.991,1.735,7.0
1069,0.471,0.222,0.000,-60.430,0.991,1.735,7.0
1070,0.471,0.222,0.000,-60.431,0.991,1.735,7.0
1071,0.471,0.222,0.000,-60.432,0.991,1.735,7.0
1072,0.471,0.222,0.000,-60.434,0.991,1.735,7.0
1073,0.471,0.222,0.000,-60.436,0.991,1.735,7.0
1074,0.471,0.222,0.000,-60.437,0.991,1.735,7.0
1075,0.471,0.222,0.000,-60.439,0.991,1.735,7.0
1076,0.471,0.222,0.000,-60.441,0.991,1.735,7.0
1077,0.471,0.222,0.000,-60.443,0.991,1.735,7.0
1078,0.471,0.222,0.000,-60.445,0.991,1.735,7.0
1079,0.471,0.222,0.000,-60.447,0.991,1.735,7.0
1080,0.471,0.222,0.000,-60.449,0.990,1.735,7.0
1081,0.471,0.222,0.000,-60.452,0.990,1.735,7.0
1082,0.471,0.222,0.000,-60.454,0.990,1.735,7.0
1083,0.471,0.222,0.000,-60.456,0.990,1.735,7.0
1084,0.471,0.222,0.000,-60.459,0.990,1.735,7.0
1085,0.471,0.222,0.000,-60.461,0.990,1.735,7.0
1086,0.471,0.222,0.000,-60.464,0.990,1.735,7.0
1087,0.471,0.222,0.000,-60.467,0.990,1.735,7.0
1088,0.471,0.222,0.000,-60.469,0.990,1.735,7.0
1089,0.471,0.222,0.000,-60.472,0.990,1.735,7.0
1090,0.471,0.222,0.000,-60.475,0.990,1.736,7.0
1091,0.471,0.222,0.000,-60.478,0.990,1.736,7.0
1092,0.471,0.222,0.000,-60.481,0.989,1.736,7.0
1093,0.471,0.222,0.000,-60.484,0.989,1.736,7.0
1094,0.471,0.222,0.000,-60.487,0.989,1.736,7.0
1095,0.471,0.222,0.000,-60.491,0.989,1.736,7.0
1096,0.471,0.222,0.000,-60.494,0.989,1.736,7.0
1097,0.471,0.222,0.000,-60.497,0.989,1.736,7.0
1098,0.471,0.222,0.000,-60.501,0.989,1.736,7.0
1099,0.471,0.222,0.000,-60.504,0.989,1.736,7.0
1100,0.471,0.222,0.000,-60.507,0.989,1.736,7.0
1101,0.471,0.222,0.000,-60.511,0.989,1.736,7.0
1102,0.471,0.222,0.000,-60.515,0.988,1.736,7.0
1103,0.471,0.222,0.000,-60.518,0.988,1.736,7.0
1104,0.471,0.222,0.000,-60.522,0.988,1.736,7.0
1105,0.471,0.222,0.000,-60.526,0.988,1.736,7.0
1106,0.471,0.222,0.000,-60.529,0.988,1.736,7.0
1107,0.471,0.222,0.000,-60.533,0.988,1.737,7.0
1108,0.471,0.222,0.000,-60.537,0.988,1.737,7.0
1109,0.471,0.222,0.000,-60.541,0.988,1.737,7.0
1110,0.471,0.222,0.000,-60.545,0.988,1.737,7.0
1111,0.471,0.222,0.000,-60.549,0.987,1.737,7.0
1112,0.471,0.222,0.000,-60.553,0.987,1.737,7.0
1113,0.471,0.222,0.000,-60.557,0.987,1.737,7.0
1114,0.471,0.222,0.000,-60.561,0.987,1.737,7.0
1115,0.471,0.222,0.000,-60.565,0.987,1.737,7.0
1116,0.471,0.222,0.000,-60.569,0.987,1.737,7.0
1117,0.471,0.222,0.000,-60.573,0.987,1.737,7.0
1118,0.471,0.222,0.000,-60.578,0.987,1.737,7.0
1119,0.471,0.222,0.000,-60.582,0.986,1.737,7.0
1120,0.471,0.222,0.000,-60.586,0.986,1.737,7.0
1121,0.471,0.222,0.000,-60.591,0.986,1.737,7.0
1122,0.471,0.222,0.000,-60.595,0.986,1.738,7.0
1123,0.471,0.222,0.000,-60.599,0.986,1.738,7.0
1124,0.471,0.222,0.000,-60.604,0.986,1.738,7.0
1125,0.471,0.222,0.000,-60.608,0.986,1.738,7.0
1126,0.471,0.222,0.000,-60.613,0.986,1.738,7.0
1127,0.471,0.222,0.000,-60.617,0.985,1.738,7.0
1128,0.471,0.222,0.000,-60.622,0.985,1.738,7.0
1129,0.471,0.222,0.000,-60.626,0.985,1.738,7.0
1130,0.471,0.222,0.000,-60.631,0.985,1.738,7.0
1131,0.471,0.222,0.000,-60.635,0.985,1.738,7.0
1132,0.471,0.222,0.000,-60.640,0.985,1.738,7.0
1133,0.471,0.222,0.000,-60.644,0.985,1.738,7.0
1134,0.471,0.222,0.000,-60.649,0.984,1.739,7.0
1135,0.471,0.222,0.000,-60.654,0.984,1.739,7.0
1136,0.471,0.222,0.000,-60.658,0.984,1.739,7.0
1137,0.471,0.222,0.000,-60.663,0.984,1.739,7.0
1138,0.471,0.222,0.000,-60.668,0.984,1.739,7.0
1139,0.471,0.222,0.000,-60.672,0.984,1.739,7.0
1140,0.471,0.222,0.000,-60.677,0.984,1.739,7.0
1141,0.471,0.222,0.000,-60.682,0.983,1.739,7.0
1142,0.471,0.222,0.000,-60.687,0.983,1.739,7.0
1143,0.471,0.222,0.000,-60.691,0.983,1.739,7.0
1144,0.471,0.222,0.000,-60.696,0.983,1.739,7.0
1145,0.471,0.222,0.000,-60.701,0.983,1.739,7.0
1146,0.471,0.222,0.000,-60.706,0.983,1.739,7.0
1147,0.471,0.222,0.000,-60.710,0.983,1.740,7.0
1148,0.471,0.222,0.000,-60.715,0.982,1.740,7.0
1149,0.471,0.222,0.000,-60.720,0.982,1.740,7.0
1150,0.470,0.222,0.000,-60.725,0.982,1.740,7.0
1151,0.470,0.222,0.000,-60.730,0.982,1.740,7.0
1152,0.470,0.222,0.000,-60.735,0.982,1.740,7.0
1153,0.470,0.223,0.000,-60.739,0.982,1.740,7.0
1154,0.470,0.223,0.000,-60.744,0.982,1.740,7.0
1155,0.470,0.223,0.000,-60.749,0.981,1.740,7.0
1156,0.470,0.223,0.000,-60.754,0.981,1.740,7.0
1157,0.470,0.223,0.000,-60.759,0.981,1.740,7.0
1158,0.470,0.223,0.000,-60.764,0.981,1.740,7.0
1159,0.470,0.223,0.000,-60.768,0.981,1.741,7.0
1160,0.470,0.223,0.000,-60.773,0.981,1.741,7.0
1161,0.470,0.223,0.000,-60.778,0.980,1.741,7.0
1162,0.470,0.223,0.000,-60.783,0.980,1.741,7.0
1163,0.470,0.223,0.000,-60.788,0.980,1.741,7.0
1164,0.470,0.223,0.000,-60.793,0.980,1.741,7.0
1165,0.470,0.223,0.000,-60.797,0.980,1.741,7.0
1166,0.470,0.223,0.000,-60.802,0.980,1.741,7.0
1167,0.470,0.223,0.000,-60.807,0.980,1.741,7.0
1168,0.470,0.223,0.000,-60.812,0.979,1.741,7.0
1169,0.470,0.223,0.000,-60.817,0.979,1.741,7.0
1170,0.470,0.223,0.000,-60.821,0.979,1.741,7.0
1171,0.470,0.223,0.000,-60.826,0.979,1.742,7.0
1172,0.470,0.223,0.000,-60.831,0.979,1.742,7.0
1173,0.470,0.223,0.000,-60.836,0.979,1.742,7.0
1174,0.470,0.223,0.000,-60.841,0.979,1.742,7.0
1175,0.470,0.223,0.000,-60.845,0.978,1.742,7.0
1176,0.470,0.223,0.000,-60.850,0.978,1.742,7.0
1177,0.470,0.223,0.000,-60.855,0.978,1.742,7.0
1178,0.470,0.223,0.000,-60.860,0.978,1.742,7.0
1179,0.470,0.223,0.000,-60.864,0.978,1.742,7.0
1180,0.470,0.223,0.000,-60.869,0.978,1.742,7.0
1181,0.470,0.223,0.000,-60.874,0.978,1.742,7.0
1182,0.470,0.223,0.000,-60.879,0.977,1.742,7.0
1183,0.470,0.223,0.000,-60.883,0.977,1.743,7.0
1184,0.470,0.223,0.000,-60.888,0.977,1.743,7.0
1185,0.470,0.223,0.000,-60.893,0.977,1.743,7.0
1186,0.470,0.223,0.000,-60.897,0.977,1.743,7.0
1187,0.470,0.223,0.000,-60.902,0.977,1.743,7.0
1188,0.470,0.223,0.000,-60.906,0.977,1.743,7.0
1189,0.470,0.223,0.000,-60.911,0.976,1.743,7.0
1190,0.470,0.223,0.000,-60.916,0.976,1.743,7.0
1191,0.470,0.223,0.000,-60.920,0.976,1.743,7.0
1192,0.470,0.223,0.000,-60.925,0.976,1.743,7.0
1193,0.470,0.223,0.000,-60.929,0.976,1.743,7.0
1194,0.470,0.223,0.000,-60.934,0.976,1.743,7.0
1195,0.470,0.223,0.000,-60.938,0.976,1.743,7.0
1196,0.470,0.223,0.000,-60.943,0.975,1.744,7.0
1197,0.470,0.223,0.000,-60.947,0.975,1.744,7.0
1198,0.470,0.223,0.000,-60.952,0.975,1.744,7.0
1199,0.470,0.223,0.000,-60.956,0.975,1.744,7.0
1200,0.470,0.223,0.000,-60.961,0.975,1.744,7.0
1201,0.470,0.223,0.000,-60.965,0.975,1.744,7.0
1202,0.470,0.223,0.000,-60.970,0.975,1.744,7.0
1203,0.470,0.223,0.000,-60.974,0.975,1.744,7.0
1204,0.470,0.223,0.000,-60.978,0.974,1.744,7.0
1205,0.470,0.223,0.000,-60.983,0.974,1.744,7.0
1206,0.470,0.223,0.000,-60.987,0.974,1.744,7.0
1207,0.470,0.223,0.000,-60.991,0.974,1.744,7.0
1208,0.470,0.223,0.000,-60.996,0.974,1.744,7.0
1209,0.470,0.223,0.000,-61.000,0.974,1.744,7.0
1210,0.470,0.223,0.000,-61.004,0.974,1.745,7.0
1211,0.470,0.223,0.000,-61.008,0.973,1.745,7.0
1212,0.470,0.223,0.000,-61.013,0.973,1.745,7.0
1213,0.470,0.223,0.000,-61.017,0.973,1.745,7.0
1214,0.470,0.223,0.000,-61.021,0.973,1.745,7.0
1215,0.470,0.223,0.000,-61.025,0.973,1.745,7.0
1216,0.470,0.223,0.000,-61.029,0.973,1.745,7.0
1217,0.470,0.223,0.000,-61.033,0.973,1.745,7.0
1218,0.470,0.223,0.000,-61.037,0.973,1.745,7.0
1219,0.470,0.223,0.000,-61.042,0.972,1.745,7.0
1220,0.470,0.223,0.000,-61.046,0.972,1.745,7.0
1221,0.470,0.223,0.000,-61.050,0.972,1.745,7.0
1222,0.470,0.223,0.000,-61.054,0.972,1.745,7.0
1223,0.470,0.223,0.000,-61.058,0.972,1.745,7.0
1224,0.470,0.223,0.000,-61.061,0.972,1.746,7.0
1225,0.470,0.223,0.000,-61.065,0.972,1.746,7.0
1226,0.470,0.223,0.000,-61.069,0.972,1.746,7.0
1227,0.470,0.223,0.000,-61.073,0.971,1.746,7.0
1228,0.470,0.223,0.000,-61.077,0.971,1.746,7.0
1229,0.470,0.223,0.000,-61.081,0.971,1.746,7.0
1230,0.470,0.223,0.000,-61.085,0.971,1.746,7.0
1231,0.470,0.223,0.000,-61.088,0.971,1.746,7.0
1232,0.470,0.223,0.000,-61.092,0.971,1.746,7.0
1233,0.470,0.223,0.000,-61.096,0.971,1.746,7.0
1234,0.470,0.223,0.000,-61.100,0.971,1.746,7.0
1235,0.470,0.223,0.000,-61.103,0.971,1.746,7.0
1236,0.470,0.223,0.000,-61.107,0.970,1.746,7.0
1237,0.470,0.223,0.000,-61.111,0.970,1.746,7.0
1238,0.470,0.223,0.000,-61.114,0.970,1.746,7.0
1239,0.470,0.223,0.000,-61.118,0.970,1.746,7.0
1240,0.470,0.223,0.000,-61.121,0.970,1.747,7.0
1241,0.470,0.223,0.000,-61.125,0.970,1.747,7.0
1242,0.470,0.223,0.000,-61.129,0.970,1.747,7.0
1243,0.470,0.223,0.000,-61.132,0.970,1.747,7.0
1244,0.470,0.223,0.000,-61.135,0.970,1.747,7.0
1245,0.470,0.223,0.000,-61.139,0.969,1.747,7.0
1246,0.470,0.223,0.000,-61.142,0.969,1.747,7.0
1247,0.470,0.223,0.000,-61.146,0.969,1.747,7.0
1248,0.470,0.223,0.000,-61.149,0.969,1.747,7.0
1249,0.470,0.223,0.000,-61.152,0.969,1.747,7.0
1250,0.470,0.223,0.000,-61.156,0.969,1.747,7.0
1251,0.470,0.223,0.000,-61.159,0.969,1.747,7.0
1252,0.470,0.223,0.000,-61.162,0.969,1.747,7.0
1253,0.470,0.223,0.000,-61.166,0.969,1.747,7.0
1254,0.470,0.223,0.000,-61.169,0.969,1.747,7.0
1255,0.470,0.223,0.000,-61.172,0.968,1.747,7.0
1256,0.470,0.223,0.000,-61.175,0.968,1.747,7.0
1257,0.470,0.223,0.000,-61.178,0.968,1.748,7.0
1258,0.470,0.223,0.000,-61.181,0.968,1.748,7.0
1259,0.470,0.223,0.000,-61.185,0.968,1.748,7.0
1260,0.470,0.223,0.000,-61.188,0.968,1.748,7.0
1261,0.470,0.223,0.000,-61.191,0.968,1.748,7.0
1262,0.470,0.223,0.000,-61.194,0.968,1.748,7.0
1263,0.470,0.223,0.000,-61.197,0.968,1.748,7.0
1264,0.470,0.223,0.000,-61.200,0.968,1.748,7.0
1265,0.470,0.223,0.000,-61.203,0.968,1.748,7.0
1266,0.470,0.223,0.000,-61.205,0.967,1.748,7.0
1267,0.470,0.223,0.000,-61.208,0.967,1.748,7.0
1268,0.470,0.223,0.000,-61.211,0.967,1.748,7.0
1269,0.470,0.223,0.000,-61.214,0.967,1.748,7.0
1270,0.470,0.223,0.000,-61.217,0.967,1.748,7.0
1271,0.470,0.223,0.000,-61.220,0.967,1.748,7.0
1272,0.470,0.223,0.000,-61.222,0.967,1.748,7.0
1273,0.470,0.223,0.000,-61.225,0.967,1.748,7.0
1274,0.470,0.223,0.000,-61.228,0.967,1.748,7.0
1275,0.470,0.223,0.000,-61.231,0.967,1.748,7.0
1276,0.470,0.223,0.000,-61.233,0.967,1.748,7.0
1277,0.470,0.223,0.000,-61.236,0.967,1.748,7.0
1278,0.470,0.223,0.000,-61.238,0.966,1.749,7.0
1279,0.470,0.223,0.000,-61.241,0.966,1.749,7.0
1280,0.470,0.223,0.000,-61.244,0.966,1.749,7.0
1281,0.470,0.223,0.000,-61.246,0.966,1.749,7.0
1282,0.470,0.223,0.000,-61.249,0.966,1.749,7.0
1283,0.470,0.223,0.000,-61.251,0.966,1.749,7.0
1284,0.470,0.223,0.000,-61.254,0.966,1.749,7.0
1285,0.470,0.223,0.000,-61.256,0.966,1.749,7.0
1286,0.470,0.223,0.000,-61.258,0.966,1.749,7.0
1287,0.470,0.223,0.000,-61.261,0.966,1.749,7.0
1288,0.470,0.223,0.000,-61.263,0.966,1.749,7.0
1289,0.470,0.223,0.000,-61.266,0.966,1.749,7.0
1290,0.470,0.223,0.000,-61.268,0.966,1.749,7.0
1291,0.470,0.223,0.000,-61.270,0.965,1.749,7.0
1292,0.470,0.223,0.000,-61.272,0.965,1.749,7.0
1293,0.470,0.223,0.000,-61.275,0.965,1.749,7.0
1294,0.470,0.223,0.000,-61.277,0.965,1.749,7.0
1295,0.470,0.223,0.000,-61.279,0.965,1.749,7.0
1296,0.470,0.223,0.000,-61.281,0.965,1.749,7.0
1297,0.470,0.223,0.000,-61.283,0.965,1.749,7.0
1298,0.470,0.223,0.000,-61.286,0.965,1.749,7.0
1299,0.470,0.223,0.000,-61.288,0.965,1.749,7.0
1300,0.470,0.223,0.000,-61.290,0.965,1.749,7.0
1301,0.470,0.223,0.000,-61.292,0.965,1.749,7.0
1302,0.470,0.223,0.000,-61.294,0.965,1.749,7.0
1303,0.470,0.223,0.000,-61.296,0.965,1.750,7.0
1304,0.470,0.223,0.000,-61.298,0.965,1.750,7.0
1305,0.470,0.223,0.000,-61.300,0.965,1.750,7.0
1306,0.470,0.223,0.000,-61.302,0.965,1.750,7.0
1307,0.470,0.223,0.000,-61.304,0.964,1.750,7.0
1308,0.470,0.223,0.000,-61.306,0.964,1.750,7.0
1309,0.470,0.223,0.000,-61.307,0.964,1.750,7.0
1310,0.470,0.223,0.000,-61.309,0.964,1.750,7.0
1311,0.470,0.223,0.000,-61.311,0.964,1.750,7.0
1312,0.470,0.223,0.000,-61.313,0.964,1.750,7.0
1313,0.470,0.223,0.000,-61.315,0.964,1.750,7.0
1314,0.470,0.223,0.000,-61.316,0.964,1.750,7.0
1315,0.470,0.223,0.000,-61.318,0.964,1.750,7.0
1316,0.470,0.223,0.000,-61.320,0.964,1.750,7.0
1317,0.470,0.223,0.000,-61.322,0.964,1.750,7.0
1318,0.470,0.223,0.000,-61.323,0.964,1.750,7.0
1319,0.470,0.223,0.000,-61.325,0.964,1.750,7.0
1320,0.470,0.223,0.000,-61.327,0.964,1.750,7.0
1321,0.470,0.223,0.000,-61.328,0.964,1.750,7.0
1322,0.470,0.223,0.000,-61.330,0.964,1.750,7.0
1323,0.470,0.223,0.000,-61.331,0.964,1.750,7.0
1324,0.470,0.223,0.000,-61.333,0.964,1.750,7.0
1325,0.470,0.223,0.000,-61.334,0.964,1.750,7.0
1326,0.470,0.223,0.000,-61.336,0.963,1.750,7.0
1327,0.470,0.223,0.000,-61.337,0.963,1.750,7.0
1328,0.470,0.223,0.000,-61.339,0.963,1.750,7.0
1329,0.470,0.223,0.000,-61.340,0.963,1.750,7.0
1330,0.470,0.223,0.000,-61.342,0.963,1.750,7.0
1331,0.470,0.223,0.000,-61.343,0.963,1.750,7.0
1332,0.470,0.223,0.000,-61.344,0.963,1.750,7.0
1333,0.470,0.223,0.000,-61.346,0.963,1.750,7.0
1334,0.470,0.223,0.000,-61.347,0.963,1.750,7.0
1335,0.470,0.223,0.000,-61.348,0.963,1.750,7.0
1336,0.470,0.223,0.000,-61.350,0.963,1.750,7.0
1337,0.470,0.223,0.000,-61.351,0.963,1.750,7.0
1338,0.470,0.223,0.000,-61.352,0.963,1.750,7.0
1339,0.470,0.223,0.000,-61.354,0.963,1.750,7.0
1340,0.470,0.223,0.000,-61.355,0.963,1.750,7.0
1341,0.470,0.223,0.000,-61.356,0.963,1.751,7.0
1342,0.470,0.223,0.000,-61.357,0.963,1.751,7.0
1343,0.470,0.223,0.000,-61.358,0.963,1.751,7.0
1344,0.470,0.223,0.000,-61.360,0.963,1.751,7.0
1345,0.470,0.223,0.000,-61.361,0.963,1.751,7.0
1346,0.470,0.223,0.000,-61.362,0.963,1.751,7.0
1347,0.470,0.223,0.000,-61.363,0.963,1.751,7.0
1348,0.470,0.223,0.000,-61.364,0.963,1.751,7.0
1349,0.470,0.223,0.000,-61.365,0.963,1.751,7.0
1350,0.470,0.223,0.000,-61.366,0.963,1.751,7.0
1351,0.470,0.223,0.000,-61.367,0.963,1.751,7.0
1352,0.470,0.223,0.000,-61.368,0.962,1.751,7.0
1353,0.470,0.223,0.000,-61.369,0.962,1.751,7.0
1354,0.470,0.223,0.000,-61.370,0.962,1.751,7.0
1355,0.470,0.223,0.000,-61.371,0.962,1.751,7.0
1356,0.470,0.223,0.000,-61.372,0.962,1.751,7.0
1357,0.470,0.223,0.000,-61.373,0.962,1.751,7.0
1358,0.470,0.223,0.000,-61.374,0.962,1.751,7.0
1359,0.470,0.223,0.000,-61.375,0.962,1.751,7.0
1360,0.470,0.223,0.000,-61.376,0.962,1.751,7.0
1361,0.470,0.223,0.000,-61.377,0.962,1.751,7.0
1362,0.470,0.223,0.000,-61.377,0.962,1.751,7.0
1363,0.470,0.223,0.000,-61.378,0.962,1.751,7.0
1364,0.470,0.223,0.000,-61.379,0.962,1.751,7.0
1365,0.470,0.223,0.000,-61.380,0.962,1.751,7.0
1366,0.470,0.223,0.000,-61.381,0.962,1.751,7.0
1367,0.470,0.223,0.000,-61.382,0.962,1.751,7.0
1368,0.470,0.223,0.000,-61.382,0.962,1.751,7.0
1369,0.470,0.223,0.000,-61.383,0.962,1.751,7.0
1370,0.470,0.223,0.000,-61.384,0.962,1.751,7.0
1371,0.470,0.223,0.000,-61.385,0.962,1.751,7.0
1372,0.470,0.223,0.000,-61.385,0.962,1.751,7.0
1373,0.470,0.223,0.000,-61.386,0.962,1.751,7.0
1374,0.470,0.223,0.000,-61.387,0.962,1.751,7.0
1375,0.470,0.223,0.000,-61.387,0.962,1.751,7.0
1376,0.470,0.223,0.000,-61.388,0.962,1.751,7.0
1377,0.470,0.223,0.000,-61.389,0.962,1.751,7.0
1378,0.470,0.223,0.000,-61.389,0.962,1.751,7.0
1379,0.470,0.223,0.000,-61.390,0.962,1.751,7.0
1380,0.470,0.223,0.000,-61.390,0.962,1.751,7.0
1381,0.470,0.223,0.000,-61.391,0.962,1.751,7.0
1382,0.470,0.223,0.000,-61.392,0.962,1.751,7.0
1383,0.470,0.223,0.000,-61.392,0.962,1.751,7.0
1384,0.470,0.223,0.000,-61.393,0.962,1.751,7.0
1385,0.470,0.223,0.000,-61.393,0.962,1.751,7.0
1386,0.470,0.223,0.000,-61.394,0.962,1.751,7.0
1387,0.470,0.223,0.000,-61.394,0.962,1.751,7.0
1388,0.470,0.223,0.000,-61.395,0.962,1.751,7.0
1389,0.470,0.223,0.000,-61.395,0.962,1.751,7.0
1390,0.470,0.223,0.000,-61.396,0.962,1.751,7.0
1391,0.470,0.223,0.000,-61.396,0.962,1.751,7.0
1392,0.470,0.223,0.000,-61.397,0.962,1.751,7.0
1393,0.470,0.223,0.000,-61.397,0.962,1.751,7.0
1394,0.470,0.223,0.000,-61.398,0.962,1.751,7.0
1395,0.470,0.223,0.000,-61.398,0.962,1.751,7.0
1396,0.470,0.223,0.000,-61.398,0.962,1.751,7.0
1397,0.470,0.223,0.000,-61.399,0.962,1.751,7.0
1398,0.470,0.223,0.000,-61.399,0.962,1.751,7.0
1399,0.470,0.223,0.000,-61.400,0.962,1.751,7.0
1400,0.470,0.223,0.000,-61.400,0.962,1.751,7.0
1401,0.470,0.223,0.000,-61.400,0.962,1.751,7.0
1402,0.470,0.223,0.000,-61.401,0.961,1.751,7.0
1403,0.470,0.223,0.000,-61.401,0.961,1.751,7.0
1404,0.470,0.223,0.000,-61.401,0.961,1.751,7.0
1405,0.470,0.223,0.000,-61.402,0.961,1.751,7.0
1406,0.470,0.223,0.000,-61.402,0.961,1.751,7.0
1407,0.470,0.223,0.000,-61.402,0.961,1.751,7.0
1408,0.470,0.223,0.000,-61.403,0.961,1.751,7.0
1409,0.470,0.223,0.000,-61.403,0.961,1.751,7.0
1410,0.470,0.223,0.000,-61.403,0.961,1.751,7.0
1411,0.470,0.223,0.000,-61.403,0.961,1.751,7.0
1412,0.470,0.223,0.000,-61.404,0.961,1.751,7.0
1413,0.470,0.223,0.000,-61.404,0.961,1.751,7.0
1414,0.470,0.223,0.000,-61.404,0.961,1.751,7.0
1415,0.470,0.223,0.000,-61.404,0.961,1.751,7.0
1416,0.470,0.223,0.000,-61.405,0.961,1.751,7.0
1417,0.470,0.223,0.000,-61.405,0.961,1.751,7.0
1418,0.470,0.223,0.000,-61.405,0.961,1.751,7.0
1419,0.470,0.223,0.000,-61.405,0.961,1.751,7.0
1420,0.470,0.223,0.000,-61.405,0.961,1.751,7.0
1421,0.470,0.223,0.000,-61.406,0.961,1.751,7.0
1422,0.470,0.223,0.000,-61.406,0.961,1.751,7.0
1423,0.470,0.223,0.000,-61.406,0.961,1.751,7.0
1424,0.470,0.223,0.000,-61.406,0.961,1.751,7.0
1425,0.470,0.223,0.000,-61.406,0.961,1.751,7.0
1426,0.470,0.223,0.000,-61.406,0.961,1.751,7.0
1427,0.470,0.223,0.000,-61.407,0.961,1.751,7.0
1428,0.470,0.223,0.000,-61.407,0.961,1.751,7.0
1429,0.470,0.223,0.000,-61.407,0.961,1.751,7.0
1430,0.470,0.223,0.000,-61.407,0.961,1.751,7.0
1431,0.470,0.223,0.000,-61.407,0.961,1.751,7.0
1432,0.470,0.223,0.000,-61.407,0.961,1.751,7.0
1433,0.470,0.223,0.000,-61.407,0.961,1.751,7.0
1434,0.470,0.223,0.000,-61.407,0.961,1.751,7.0
1435,0.470,0.223,0.000,-61.407,0.961,1.751,7.0
1436,0.470,0.223,0.000,-61.407,0.961,1.751,7.0
1437,0.470,0.223,0.000,-61.408,0.961,1.751,7.0
1438,0.470,0.223,0.000,-61.408,0.961,1.751,7.0
1439,0.470,0.223,0.000,-61.408,0.961,1.751,7.0
1440,0.470,0.223,0.000,-61.408,0.961,1.751,7.0
1441,0.470,0.223,0.000,-61.408,0.961,1.751,7.0
1442,0.470,0.223,0.000,-61.408,0.961,1.751,7.0
1443,0.470,0.223,0.000,-61.408,0.961,1.751,7.0
1444,0.470,0.223,0.000,-61.408,0.961,1.751,7.0
1445,0.470,0.223,0.000,-61.408,0.961,1.751,7.0
1446,0.470,0.223,0.000,-61.408,0.961,1.751,7.0
1447,0.470,0.223,0.000,-61.408,0.961,1.751,7.0
1448,0.470,0.223,0.000,-61.408,0.961,1.751,7.0
1449,0.470,0.223,0.000,-61.408,0.961,1.751,7.0
1450,0.470,0.223,0.000,-61.408,0.961,1.751,7.0
1451,0.470,0.223,0.000,-61.408,0.961,1.751,7.0
1452,0.470,0.223,0.000,-61.408,0.961,1.751,7.0
1453,0.470,0.223,0.000,-61.408,0.961,1.751,7.0
1454,0.470,0.223,0.000,-61.408,0.961,1.751,7.0
1455,0.470,0.223,0.000,-61.408,0.961,1.751,7.0
1456,0.470,0.223,0.000,-61.408,0.961,1.751,7.0
1457,0.470,0.223,0.000,-61.408,0.961,1.751,7.0
1458,0.470,0.223,0.000,-61.408,0.961,1.751,7.0
1459,0.470,0.223,0.000,-61.407,0.961,1.751,7.0
1460,0.470,0.223,0.000,-61.407,0.961,1.751,7.0
1461,0.470,0.223,0.000,-61.407,0.961,1.751,7.0
1462,0.470,0.223,0.000,-61.407,0.961,1.751,7.0
1463,0.470,0.223,0.000,-61.407,0.961,1.751,7.0
1464,0.470,0.223,0.000,-61.407,0.961,1.751,7.0
1465,0.470,0.223,0.000,-61.407,0.961,1.751,7.0
1466,0.470,0.223,0.000,-61.407,0.961,1.751,7.0
1467,0.470,0.223,0.000,-61.407,0.961,1.751,7.0
1468,0.470,0.223,0.000,-61.407,0.961,1.751,7.0
1469,0.470,0.223,0.000,-61.407,0.961,1.751,7.0
1470,0.470,0.223,0.000,-61.407,0.961,1.751,7.0
1471,0.470,0.223,0.000,-61.406,0.961,1.751,7.0
1472,0.470,0.223,0.000,-61.406,0.961,1.751,7.0
1473,0.470,0.223,0.000,-61.406,0.961,1.751,7.0
1474,0.470,0.223,0.000,-61.406,0.961,1.751,7.0
1475,0.470,0.223,0.000,-61.406,0.961,1.751,7.0
1476,0.470,0.223,0.000,-61.406,0.961,1.751,7.0
1477,0.470,0.223,0.000,-61.406,0.961,1.751,7.0
1478,0.470,0.223,0.000,-61.406,0.961,1.751,7.0
1479,0.470,0.223,0.000,-61.406,0.961,1.751,7.0
1480,0.470,0.223,0.000,-61.405,0.961,1.751,7.0
1481,0.470,0.223,0.000,-61.405,0.961,1.751,7.0
1482,0.470,0.223,0.000,-61.405,0.961,1.751,7.0
1483,0.470,0.223,0.000,-61.405,0.961,1.751,7.0
1484,0.470,0.223,0.000,-61.405,0.961,1.751,7.0
1485,0.470,0.223,0.000,-61.405,0.961,1.751,7.0
1486,0.470,0.223,0.000,-61.405,0.961,1.751,7.0
1487,0.470,0.223,0.000,-61.404,0.961,1.751,7.0
1488,0.470,0.223,0.000,-61.404,0.961,1.751,7.0
1489,0.470,0.223,0.000,-61.404,0.961,1.751,7.0
1490,0.470,0.223,0.000,-61.404,0.961,1.751,7.0
1491,0.470,0.223,0.000,-61.404,0.961,1.751,7.0
1492,0.470,0.223,0.000,-61.404,0.961,1.751,7.0
1493,0.470,0.223,0.000,-61.403,0.961,1.751,7.0
1494,0.470,0.223,0.000,-61.403,0.961,1.751,7.0
1495,0.470,0.223,0.000,-61.403,0.961,1.751,7.0
1496,0.470,0.223,0.000,-61.403,0.961,1.751,7.0
1497,0.470,0.223,0.000,-61.403,0.961,1.751,7.0
1498,0.470,0.223,0.000,-61.403,0.961,1.751,7.0
1499,0.470,0.223,0.000,-61.402,0.961,1.751,7.0
1500,0.470,0.223,0.000,-61.402,0.961,1.751,7.0
1501,0.470,0.223,0.000,-61.402,0.961,1.751,7.0
1502,0.470,0.223,0.000,-61.402,0.961,1.751,7.0
1503,0.470,0.223,0.000,-61.402,0.961,1.751,7.0
1504,0.470,0.223,0.000,-61.401,0.961,1.751,7.0
1505,0.470,0.223,0.000,-61.401,0.961,1.751,7.0
1506,0.470,0.223,0.000,-61.401,0.961,1.751,7.0
1507,0.470,0.223,0.000,-61.401,0.961,1.751,7.0
1508,0.470,0.223,0.000,-61.401,0.962,1.751,7.0
1509,0.470,0.223,0.000,-61.400,0.962,1.751,7.0
1510,0.470,0.223,0.000,-61.400,0.962,1.751,7.0
1511,0.470,0.223,0.000,-61.400,0.962,1.751,7.0
1512,0.470,0.223,0.000,-61.400,0.962,1.751,7.0
1513,0.470,0.223,0.000,-61.400,0.962,1.751,7.0
1514,0.470,0.223,0.000,-61.399,0.962,1.751,7.0
1515,0.470,0.223,0.000,-61.399,0.962,1.751,7.0
1516,0.470,0.223,0.000,-61.399,0.962,1.751,7.0
1517,0.470,0.223,0.000,-61.399,0.962,1.751,7.0
1518,0.470,0.223,0.000,-61.399,0.962,1.751,7.0
1519,0.470,0.223,0.000,-61.398,0.962,1.751,7.0
1520,0.470,0.223,0.000,-61.398,0.962,1.751,7.0
1521,0.470,0.223,0.000,-61.398,0.962,1.751,7.0
1522,0.470,0.223,0.000,-61.398,0.962,1.751,7.0
1523,0.470,0.223,0.000,-61.397,0.962,1.751,7.0
1524,0.470,0.223,0.000,-61.397,0.962,1.751,7.0
1525,0.470,0.223,0.000,-61.397,0.962,1.751,7.0
1526,0.470,0.223,0.000,-61.397,0.962,1.751,7.0
1527,0.470,0.223,0.000,-61.397,0.962,1.751,7.0
1528,0.470,0.223,0.000,-61.396,0.962,1.751,7.0
1529,0.470,0.223,0.000,-61.396,0.962,1.751,7.0
1530,0.470,0.223,0.000,-61.396,0.962,1.751,7.0
1531,0.470,0.223,0.000,-61.396,0.962,1.751,7.0
1532,0.470,0.223,0.000,-61.396,0.962,1.751,7.0
1533,0.470,0.223,0.000,-61.395,0.962,1.751,7.0
1534,0.470,0.223,0.000,-61.395,0.962,1.751,7.0
1535,0.470,0.223,0.000,-61.395,0.962,1.751,7.0
1536,0.470,0.223,0.000,-61.395,0.962,1.751,7.0
1537,0.470,0.223,0.000,-61.394,0.962,1.751,7.0
1538,0.470,0.223,0.000,-61.394,0.962,1.751,7.0
1539,0.470,0.223,0.000,-61.394,0.962,1.751,7.0
1540,0.470,0.223,0.000,-61.394,0.962,1.751,7.0
1541,0.470,0.223,0.000,-61.393,0.962,1.751,7.0
1542,0.470,0.223,0.000,-61.393,0.962,1.751,7.0
1543,0.470,0.223,0.000,-61.393,0.962,1.751,7.0
1544,0.470,0.223,0.000,-61.393,0.962,1.751,7.0
1545,0.470,0.223,0.000,-61.393,0.962,1.751,7.0
1546,0.470,0.223,0.000,-61.392,0.962,1.751,7.0
1547,0.470,0.223,0.000,-61.392,0.962,1.751,7.0
1548,0.470,0.223,0.000,-61.392,0.962,1.751,7.0
1549,0.470,0.223,0.000,-61.392,0.962,1.751,7.0
1550,0.470,0.223,0.000,-61.391,0.962,1.751,7.0
1551,0.470,0.223,0.000,-61.391,0.962,1.751,7.0
1552,0.470,0.223,0.000,-61.391,0.962,1.751,7.0
1553,0.470,0.223,0.000,-61.391,0.962,1.751,7.0
1554,0.470,0.223,0.000,-61.391,0.962,1.751,7.0
1555,0.470,0.223,0.000,-61.390,0.962,1.751,7.0
1556,0.470,0.223,0.000,-61.390,0.962,1.751,7.0
1557,0.470,0.223,0.000,-61.390,0.962,1.751,7.0
1558,0.470,0.223,0.000,-61.390,0.962,1.751,7.0
1559,0.470,0.223,0.000,-61.389,0.962,1.751,7.0
1560,0.470,0.223,0.000,-61.389,0.962,1.751,7.0
1561,0.470,0.223,0.000,-61.389,0.962,1.751,7.0
1562,0.470,0.223,0.000,-61.389,0.962,1.751,7.0
1563,0.470,0.223,0.000,-61.389,0.962,1.751,7.0
1564,0.470,0.223,0.000,-61.388,0.962,1.751,7.0
1565,0.470,0.223,0.000,-61.388,0.962,1.751,7.0
1566,0.470,0.223,0.000,-61.388,0.962,1.751,7.0
1567,0.470,0.223,0.000,-61.388,0.962,1.751,7.0
1568,0.470,0.223,0.000,-61.387,0.962,1.751,7.0
1569,0.470,0.223,0.000,-61.387,0.962,1.751,7.0
1570,0.470,0.223,0.000,-61.387,0.962,1.751,7.0
1571,0.470,0.223,0.000,-61.387,0.962,1.751,7.0
1572,0.470,0.223,0.000,-61.386,0.962,1.751,7.0
1573,0.470,0.223,0.000,-61.386,0.962,1.751,7.0
1574,0.470,0.223,0.000,-61.386,0.962,1.751,7.0
1575,0.470,0.223,0.000,-61.386,0.962,1.751,7.0
1576,0.470,0.223,0.000,-61.386,0.962,1.751,7.0
1577,0.470,0.223,0.000,-61.385,0.962,1.751,7.0
1578,0.470,0.223,0.000,-61.385,0.962,1.751,7.0
1579,0.470,0.223,0.000,-61.385,0.962,1.751,7.0
1580,0.470,0.223,0.000,-61.385,0.962,1.751,7.0
1581,0.470,0.223,0.000,-61.385,0.962,1.751,7.0
1582,0.470,0.223,0.000,-61.384,0.962,1.751,7.0
1583,0.470,0.223,0.000,-61.384,0.962,1.751,7.0
1584,0.470,0.223,0.000,-61.384,0.962,1.751,7.0
1585,0.470,0.223,0.000,-61.384,0.962,1.751,7.0
1586,0.470,0.223,0.000,-61.383,0.962,1.751,7.0
1587,0.470,0.223,0.000,-61.383,0.962,1.751,7.0
1588,0.470,0.223,0.000,-61.383,0.962,1.751,7.0
1589,0.470,0.223,0.000,-61.383,0.962,1.751,7.0
1590,0.470,0.223,0.000,-61.383,0.962,1.751,7.0
1591,0.470,0.223,0.000,-61.382,0.962,1.751,7.0
1592,0.470,0.223,0.000,-61.382,0.962,1.751,7.0
1593,0.470,0.223,0.000,-61.382,0.962,1.751,7.0
1594,0.470,0.223,0.000,-61.382,0.962,1.751,7.0
1595,0.470,0.223,0.000,-61.382,0.962,1.751,7.0
1596,0.470,0.223,0.000,-61.381,0.962,1.751,7.0
1597,0.470,0.223,0.000,-61.381,0.962,1.751,7.0
1598,0.470,0.223,0.000,-61.381,0.962,1.751,7.0
1599,0.470,0.223,0.000,-61.381,0.962,1.751,7.0
1600,0.470,0.223,0.000,-61.381,0.962,1.751,7.0
1601,0.470,0.223,0.000,-61.380,0.962,1.751,7.0
1602,0.470,0.223,0.000,-61.380,0.962,1.751,7.0
1603,0.470,0.223,0.000,-61.380,0.962,1.751,7.0
1604,0.470,0.223,0.000,-61.380,0.962,1.751,7.0
1605,0.470,0.223,0.000,-61.380,0.962,1.751,7.0
1606,0.470,0.223,0.000,-61.379,0.962,1.751,7.0
1607,0.470,0.223,0.000,-61.379,0.962,1.751,7.0
1608,0.470,0.223,0.000,-61.379,0.962,1.751,7.0
1609,0.470,0.223,0.000,-61.379,0.962,1.751,7.0
1610,0.470,0.223,0.000,-61.379,0.962,1.751,7.0
1611,0.470,0.223,0.000,-61.378,0.962,1.751,7.0
1612,0.470,0.223,0.000,-61.378,0.962,1.751,7.0
1613,0.470,0.223,0.000,-61.378,0.962,1.751,7.0
1614,0.470,0.223,0.000,-61.378,0.962,1.751,7.0
1615,0.470,0.223,0.000,-61.378,0.962,1.751,7.0
1616,0.470,0.223,0.000,-61.377,0.962,1.751,7.0
1617,0.470,0.223,0.000,-61.377,0.962,1.751,7.0
1618,0.470,0.223,0.000,-61.377,0.962,1.751,7.0
1619,0.470,0.223,0.000,-61.377,0.962,1.751,7.0
1620,0.470,0.223,0.000,-61.377,0.962,1.751,7.0
1621,0.470,0.223,0.000,-61.377,0.962,1.751,7.0
1622,0.470,0.223,0.000,-61.376,0.962,1.751,7.0
1623,0.470,0.223,0.000,-61.376,0.962,1.751,7.0
1624,0.470,0.223,0.000,-61.376,0.962,1.751,7.0
1625,0.470,0.223,0.000,-61.376,0.962,1.751,7.0
1626,0.470,0.223,0.000,-61.376,0.962,1.751,7.0
1627,0.470,0.223,0.000,-61.375,0.962,1.751,7.0
1628,0.470,0.223,0.000,-61.375,0.962,1.751,7.0
1629,0.470,0.223,0.000,-61.375,0.962,1.751,7.0
1630,0.470,0.223,0.000,-61.375,0.962,1.751,7.0
1631,0.470,0.223,0.000,-61.375,0.962,1.751,7.0
1632,0.470,0.223,0.000,-61.375,0.962,1.751,7.0
1633,0.470,0.223,0.000,-61.374,0.962,1.751,7.0
1634,0.470,0.223,0.000,-61.374,0.962,1.751,7.0
1635,0.470,0.223,0.000,-61.374,0.962,1.751,7.0
1636,0.470,0.223,0.000,-61.374,0.962,1.751,7.0
1637,0.470,0.223,0.000,-61.374,0.962,1.751,7.0
1638,0.470,0.223,0.000,-61.374,0.962,1.751,7.0
1639,0.470,0.223,0.000,-61.373,0.962,1.751,7.0
1640,0.470,0.223,0.000,-61.373,0.962,1.751,7.0
1641,0.470,0.223,0.000,-61.373,0.962,1.751,7.0
1642,0.470,0.223,0.000,-61.373,0.962,1.751,7.0
1643,0.470,0.223,0.000,-61.373,0.962,1.751,7.0
1644,0.470,0.223,0.000,-61.373,0.962,1.751,7.0
1645,0.470,0.223,0.000,-61.372,0.962,1.751,7.0
1646,0.470,0.223,0.000,-61.372,0.962,1.751,7.0
1647,0.470,0.223,0.000,-61.372,0.962,1.751,7.0
1648,0.470,0.223,0.000,-61.372,0.962,1.751,7.0
1649,0.470,0.223,0.000,-61.372,0.962,1.751,7.0
1650,0.470,0.223,0.000,-61.372,0.962,1.751,7.0
1651,0.470,0.223,0.000,-61.372,0.962,1.751,7.0
1652,0.470,0.223,0.000,-61.371,0.962,1.751,7.0
1653,0.470,0.223,0.000,-61.371,0.962,1.751,7.0
1654,0.470,0.223,0.000,-61.371,0.962,1.751,7.0
1655,0.470,0.223,0.000,-61.371,0.962,1.751,7.0
1656,0.470,0.223,0.000,-61.371,0.962,1.751,7.0
1657,0.470,0.223,0.000,-61.371,0.962,1.751,7.0
1658,0.470,0.223,0.000,-61.371,0.962,1.751,7.0
1659,0.470,0.223,0.000,-61.370,0.962,1.751,7.0
1660,0.470,0.223,0.000,-61.370,0.962,1.751,7.0
1661,0.470,0.223,0.000,-61.370,0.962,1.751,7.0
1662,0.470,0.223,0.000,-61.370,0.962,1.751,7.0
1663,0.470,0.223,0.000,-61.370,0.962,1.751,7.0
1664,0.470,0.223,0.000,-61.370,0.962,1.751,7.0
1665,0.470,0.223,0.000,-61.370,0.962,1.751,7.0
1666,0.470,0.223,0.000,-61.369,0.962,1.751,7.0
1667,0.470,0.223,0.000,-61.369,0.962,1.751,7.0
1668,0.470,0.223,0.000,-61.369,0.962,1.751,7.0
1669,0.470,0.223,0.000,-61.369,0.962,1.751,7.0
1670,0.470,0.223,0.000,-61.369,0.962,1.751,7.0
1671,0.470,0.223,0.000,-61.369,0.962,1.751,7.0
1672,0.470,0.223,0.000,-61.369,0.962,1.751,7.0
1673,0.470,0.223,0.000,-61.369,0.962,1.751,7.0
1674,0.470,0.223,0.000,-61.368,0.962,1.751,7.0
1675,0.470,0.223,0.000,-61.368,0.962,1.751,7.0
1676,0.470,0.223,0.000,-61.368,0.962,1.751,7.0
1677,0.470,0.223,0.000,-61.368,0.962,1.751,7.0
1678,0.470,0.223,0.000,-61.368,0.963,1.751,7.0
1679,0.470,0.223,0.000,-61.368,0.963,1.751,7.0
1680,0.470,0.223,0.000,-61.368,0.963,1.751,7.0
1681,0.470,0.223,0.000,-61.368,0.963,1.751,7.0
1682,0.470,0.223,0.000,-61.367,0.963,1.751,7.0
1683,0.470,0.223,0.000,-61.367,0.963,1.751,7.0
1684,0.470,0.223,0.000,-61.367,0.963,1.751,7.0
1685,0.470,0.223,0.000,-61.367,0.963,1.751,7.0
1686,0.470,0.223,0.000,-61.367,0.963,1.751,7.0
1687,0.470,0.223,0.000,-61.367,0.963,1.751,7.0
1688,0.470,0.223,0.000,-61.367,0.963,1.751,7.0
1689,0.470,0.223,0.000,-61.367,0.963,1.751,7.0
1690,0.470,0.223,0.000,-61.367,0.963,1.751,7.0
1691,0.470,0.223,0.000,-61.366,0.963,1.751,7.0
1692,0.470,0.223,0.000,-61.366,0.963,1.751,7.0
1693,0.470,0.223,0.000,-61.366,0.963,1.751,7.0
1694,0.470,0.223,0.000,-61.366,0.963,1.751,7.0
1695,0.470,0.223,0.000,-61.366,0.963,1.751,7.0
1696,0.470,0.223,0.000,-61.366,0.963,1.751,7.0
1697,0.470,0.223,0.000,-61.366,0.963,1.751,7.0
1698,0.470,0.223,0.000,-61.366,0.963,1.751,7.0
1699,0.470,0.223,0.000,-61.366,0.963,1.751,7.0
1700,0.470,0.223,0.000,-61.366,0.963,1.751,7.0
1701,0.470,0.223,0.000,-61.365,0.963,1.751,7.0
1702,0.470,0.223,0.000,-61.365,0.963,1.751,7.0
1703,0.470,0.223,0.000,-61.365,0.963,1.751,7.0
1704,0.470,0.223,0.000,-61.365,0.963,1.751,7.0
1705,0.470,0.223,0.000,-61.365,0.963,1.751,7.0
1706,0.470,0.223,0.000,-61.365,0.963,1.751,7.0
1707,0.470,0.223,0.000,-61.365,0.963,1.751,7.0
1708,0.470,0.223,0.000,-61.365,0.963,1.751,7.0
1709,0.470,0.223,0.000,-61.365,0.963,1.751,7.0
1710,0.470,0.223,0.000,-61.365,0.963,1.751,7.0
1711,0.470,0.223,0.000,-61.365,0.963,1.751,7.0
1712,0.470,0.223,0.000,-61.364,0.963,1.751,7.0
1713,0.470,0.223,0.000,-61.364,0.963,1.751,7.0
1714,0.470,0.223,0.000,-61.364,0.963,1.751,7.0
1715,0.470,0.223,0.000,-61.364,0.963,1.751,7.0
1716,0.470,0.223,0.000,-61.364,0.963,1.751,7.0
1717,0.470,0.223,0.000,-61.364,0.963,1.751,7.0
1718,0.470,0.223,0.000,-61.364,0.963,1.751,7.0
1719,0.470,0.223,0.000,-61.364,0.963,1.751,7.0
1720,0.470,0.223,0.000,-61.364,0.963,1.751,7.0
1721,0.470,0.223,0.000,-61.364,0.963,1.751,7.0
1722,0.470,0.223,0.000,-61.364,0.963,1.751,7.0
1723,0.470,0.223,0.000,-61.364,0.963,1.751,7.0
1724,0.470,0.223,0.000,-61.363,0.963,1.751,7.0
1725,0.470,0.223,0.000,-61.363,0.963,1.751,7.0
1726,0.470,0.223,0.000,-61.363,0.963,1.751,7.0
1727,0.470,0.223,0.000,-61.363,0.963,1.751,7.0
1728,0.470,0.223,0.000,-61.363,0.963,1.751,7.0
1729,0.470,0.223,0.000,-61.363,0.963,1.751,7.0
1730,0.470,0.223,0.000,-61.363,0.963,1.751,7.0
1731,0.470,0.223,0.000,-61.363,0.963,1.751,7.0
1732,0.470,0.223,0.000,-61.363,0.963,1.751,7.0
1733,0.470,0.223,0.000,-61.363,0.963,1.751,7.0
1734,0.470,0.223,0.000,-61.363,0.963,1.751,7.0
1735,0.470,0.223,0.000,-61.363,0.963,1.751,7.0
1736,0.470,0.223,0.000,-61.363,0.963,1.751,7.0
1737,0.470,0.223,0.000,-61.363,0.963,1.751,7.0
1738,0.470,0.223,0.000,-61.362,0.963,1.751,7.0
1739,0.470,0.223,0.000,-61.362,0.963,1.751,7.0
1740,0.470,0.223,0.000,-61.362,0.963,1.751,7.0
1741,0.470,0.223,0.000,-61.362,0.963,1.751,7.0
1742,0.470,0.223,0.000,-61.362,0.963,1.751,7.0
1743,0.470,0.223,0.000,-61.362,0.963,1.751,7.0
1744,0.470,0.223,0.000,-61.362,0.963,1.751,7.0
1745,0.470,0.223,0.000,-61.362,0.963,1.751,7.0
1746,0.470,0.223,0.000,-61.362,0.963,1.751,7.0
1747,0.470,0.223,0.000,-61.362,0.963,1.751,7.0
1748,0.470,0.223,0.000,-61.362,0.963,1.751,7.0
1749,0.470,0.223,0.000,-61.362,0.963,1.751,7.0
1750,0.470,0.223,0.000,-61.362,0.963,1.751,7.0
1751,0.470,0.223,0.000,-61.362,0.963,1.751,7.0
1752,0.470,0.223,0.000,-61.362,0.963,1.751,7.0
1753,0.470,0.223,0.000,-61.362,0.963,1.751,7.0
1754,0.470,0.223,0.000,-61.362,0.963,1.751,7.0
1755,0.470,0.223,0.000,-61.362,0.963,1.751,7.0
1756,0.470,0.223,0.000,-61.361,0.963,1.751,7.0
1757,0.470,0.223,0.000,-61.361,0.963,1.751,7.0
1758,0.470,0.223,0.000,-61.361,0.963,1.751,7.0
1759,0.470,0.223,0.000,-61.361,0.963,1.751,7.0
1760,0.470,0.223,0.000,-61.361,0.963,1.751,7.0
1761,0.470,0.223,0.000,-61.361,0.963,1.751,7.0
1762,0.470,0.223,0.000,-61.361,0.963,1.751,7.0
1763,0.470,0.223,0.000,-61.361,0.963,1.751,7.0
1764,0.470,0.223,0.000,-61.361,0.963,1.751,7.0
1765,0.470,0.223,0.000,-61.361,0.963,1.751,7.0
1766,0.470,0.223,0.000,-61.361,0.963,1.751,7.0
1767,0.470,0.223,0.000,-61.361,0.963,1.751,7.0
1768,0.470,0.223,0.000,-61.361,0.963,1.751,7.0
1769,0.470,0.223,0.000,-61.361,0.963,1.751,7.0
1770,0.470,0.223,0.000,-61.361,0.963,1.751,7.0
1771,0.470,0.223,0.000,-61.361,0.963,1.751,7.0
1772,0.470,0.223,0.000,-61.361,0.963,1.751,7.0
1773,0.470,0.223,0.000,-61.361,0.963,1.751,7.0
1774,0.470,0.223,0.000,-61.361,0.963,1.751,7.0
1775,0.470,0.223,0.000,-61.361,0.963,1.751,7.0
1776,0.470,0.223,0.000,-61.361,0.963,1.751,7.0
1777,0.470,0.223,0.000,-61.361,0.963,1.751,7.0
1778,0.470,0.223,0.000,-61.361,0.963,1.751,7.0
1779,0.470,0.223,0.000,-61.361,0.963,1.751,7.0
1780,0.470,0.223,0.000,-61.360,0.963,1.751,7.0
1781,0.470,0.223,0.000,-61.360,0.963,1.751,7.0
1782,0.470,0.223,0.000,-61.360,0.963,1.751,7.0
1783,0.470,0.223,0.000,-61.360,0.963,1.751,7.0
1784,0.470,0.223,0.000,-61.360,0.963,1.751,7.0
1785,0.470,0.223,0.000,-61.360,0.963,1.751,7.0
1786,0.470,0.223,0.000,-61.360,0.963,1.751,7.0
1787,0.470,0.223,0.000,-61.360,0.963,1.751,7.0
1788,0.470,0.223,0.000,-61.360,0.963,1.751,7.0
1789,0.470,0.223,0.000,-61.360,0.963,1.751,7.0
1790,0.470,0.223,0.000,-61.360,0.963,1.751,7.0
1791,0.470,0.223,0.000,-61.360,0.963,1.751,7.0
1792,0.470,0.223,0.000,-61.360,0.963,1.751,7.0
1793,0.470,0.223,0.000,-61.360,0.963,1.751,7.0
1794,0.470,0.223,0.000,-61.360,0.963,1.751,7.0
1795,0.470,0.223,0.000,-61.360,0.963,1.751,7.0
1796,0.470,0.223,0.000,-61.360,0.963,1.751,7.0
1797,0.470,0.223,0.000,-61.360,0.963,1.751,7.0
1798,0.470,0.223,0.000,-61.360,0.963,1.751,7.0
1799,0.470,0.223,0.000,-61.360,0.963,1.751,7.0
1800,0.470,0.223,0.000,-61.360,0.963,1.751,7.0
1801,0.470,0.223,0.000,-61.360,0.963,1.751,7.0
1802,0.470,0.223,0.000,-61.360,0.963,1.751,7.0
1803,0.470,0.223,0.000,-61.360,0.963,1.751,7.0
1804,0.470,0.223,0.000,-61.360,0.963,1.751,7.0
1805,0.470,0.223,0.000,-61.360,0.963,1.751,7.0
1806,0.470,0.223,0.000,-61.360,0.963,1.751,7.0
1807,0.470,0.223,0.000,-61.360,0.963,1.751,7.0
1808,0.470,0.223,0.000,-61.360,0.963,1.751,7.0
1809,0.470,0.223,0.000,-61.360,0.963,1.751,7.0
1810,0.470,0.223,0.000,-61.360,0.963,1.751,7.0
1811,0.470,0.223,0.000,-61.360,0.963,1.751,7.0
1812,0.470,0.223,0.000,-61.360,0.963,1.751,7.0
1813,0.470,0.223,0.000,-61.360,0.963,1.751,7.0
1814,0.470,0.223,0.000,-61.360,0.963,1.751,7.0
1815,0.470,0.223,0.000,-61.360,0.963,1.751,7.0
1816,0.470,0.223,0.000,-61.360,0.963,1.751,7.0
1817,0.470,0.223,0.000,-61.360,0.963,1.751,7.0
1818,0.470,0.223,0.000,-61.360,0.963,1.751,7.0
1819,0.470,0.223,0.000,-61.360,0.963,1.751,7.0
1820,0.470,0.223,0.000,-61.360,0.963,1.751,7.0
1821,0.470,0.223,0.000,-61.359,0.963,1.751,7.0
1822,0.470,0.223,0.000,-61.359,0.963,1.751,7.0
1823,0.470,0.223,0.000,-61.359,0.963,1.751,7.0
1824,0.470,0.223,0.000,-61.359,0.963,1.751,7.0
1825,0.470,0.223,0.000,-61.359,0.963,1.751,7.0
1826,0.470,0.223,0.000,-61.359,0.963,1.751,7.0
1827,0.470,0.223,0.000,-61.359,0.963,1.751,7.0
1828,0.470,0.223,0.000,-61.359,0.963,1.751,7.0
1829,0.470,0.223,0.000,-61.359,0.963,1.751,7.0
1830,0.470,0.223,0.000,-61.359,0.963,1.751,7.0
1831,0.470,0.223,0.000,-61.359,0.963,1.751,7.0
1832,0.470,0.223,0.000,-61.359,0.963,1.751,7.0
1833,0.470,0.223,0.000,-61.359,0.963,1.751,7.0
1834,0.470,0.223,0.000,-61.359,0.963,1.751,7.0
1835,0.470,0.223,0.000,-61.359,0.963,1.751,7.0
1836,0.470,0.223,0.000,-61.359,0.963,1.751,7.0
1837,0.470,0.223,0.000,-61.359,0.963,1.751,7.0
1838,0.470,0.223,0.000,-61.359,0.963,1.751,7.0
1839,0.470,0.223,0.000,-61.359,0.963,1.751,7.0
1840,0.470,0.223,0.000,-61.359,0.963,1.751,7.0
1841,0.470,0.223,0.000,-61.359,0.963,1.751,7.0
1842,0.470,0.223,0.000,-61.359,0.963,1.751,7.0
1843,0.470,0.223,0.000,-61.359,0.963,1.751,7.0
1844,0.470,0.223,0.000,-61.359,0.963,1.751,7.0
1845,0.470,0.223,0.000,-61.359,0.963,1.751,7.0
1846,0.470,0.223,0.000,-61.359,0.963,1.751,7.0
1847,0.470,0.223,0.000,-61.359,0.963,1.751,7.0
1848,0.470,0.223,0.000,-61.359,0.963,1.751,7.0
1849,0.470,0.223,0.000,-61.359,0.963,1.751,7.0
1850,0.470,0.223,0.000,-61.359,0.963,1.751,7.0
1851,0.470,0.223,0.000,-61.359,0.963,1.751,7.0
1852,0.470,0.223,0.000,-61.359,0.963,1.751,7.0
1853,0.470,0.223,0.000,-61.359,0.963,1.751,7.0
1854,0.470,0.223,0.000,-61.359,0.963,1.751,7.0
1855,0.470,0.223,0.000,-61.359,0.963,1.751,7.0
1856,0.470,0.223,0.000,-61.359,0.963,1.751,7.0
1857,0.470,0.223,0.000,-61.359,0.963,1.751,7.0
1858,0.470,0.223,0.000,-61.359,0.963,1.751,7.0
1859,0.470,0.223,0.000,-61.359,0.963,1.751,7.0
1860,0.470,0.223,0.000,-61.359,0.963,1.751,7.0
1861,0.470,0.223,0.000,-61.359,0.963,1.751,7.0
1862,0.470,0.223,0.000,-61.359,0.963,1.751,7.0
1863,0.470,0.223,0.000,-61.359,0.963,1.751,7.0
1864,0.470,0.223,0.000,-61.359,0.963,1.751,7.0
1865,0.470,0.223,0.000,-61.359,0.963,1.751,7.0
1866,0.470,0.223,0.000,-61.359,0.963,1.751,7.0
1867,0.470,0.223,0.000,-61.359,0.963,1.751,7.0
1868,0.470,0.223,0.000,-61.359,0.963,1.751,7.0
1869,0.470,0.223,0.000,-61.359,0.963,1.751,7.0
1870,0.470,0.223,0.000,-61.359,0.963,1.751,7.0
1871,0.470,0.223,0.000,-61.359,0.963,1.751,7.0
1872,0.470,0.223,0.000,-61.359,0.963,1.751,7.0
1873,0.470,0.223,0.000,-61.359,0.963,1.751,7.0
1874,0.470,0.223,0.000,-61.359,0.963,1.751,7.0
1875,0.470,0.223,0.000,-61.359,0.963,1.751,7.0
1876,0.470,0.223,0.000,-61.359,0.963,1.751,7.0
1877,0.470,0.223,0.000,-61.359,0.963,1.751,7.0
1878,0.470,0.223,0.000,-61.359,0.963,1.751,7.0
1879,0.470,0.223,0.000,-61.359,0.963,1.751,7.0
1880,0.470,0.223,0.000,-61.359,0.963,1.751,7.0
1881,0.470,0.223,0.000,-61.359,0.963,1.751,7.0
1882,0.470,0.223,0.000,-61.359,0.963,1.751,7.0
1883,0.470,0.223,0.000,-61.359,0.963,1.751,7.0
1884,0.470,0.223,0.000,-61.359,0.963,1.751,7.0
1885,0.470,0.223,0.000,-61.359,0.963,1.751,7.0
1886,0.470,0.223,0.000,-61.359,0.963,1.751,7.0
1887,0.470,0.223,0.000,-61.359,0.963,1.751,7.0
1888,0.470,0.223,0.000,-61.359,0.963,1.751,7.0
1889,0.470,0.223,0.000,-61.359,0.963,1.751,7.0
1890,0.470,0.223,0.000,-61.359,0.963,1.751,7.0
1891,0.470,0.223,0.000,-61.359,0.963,1.751,7.0
1892,0.470,0.223,0.000,-61.359,0.963,1.751,7.0
1893,0.470,0.223,0.000,-61.359,0.963,1.751,7.0
1894,0.470,0.223,0.000,-61.359,0.963,1.751,7.0
1895,0.470,0.223,0.000,-61.359,0.963,1.751,7.0
1896,0.470,0.223,0.000,-61.359,0.963,1.751,7.0
1897,0.470,0.223,0.000,-61.359,0.963,1.751,7.0
1898,0.470,0.223,0.000,-61.359,0.963,1.751,7.0
1899,0.470,0.223,0.000,-61.359,0.963,1.751,7.0
1900,0.470,0.223,0.000,-61.359,0.963,1.751,7.0
1901,0.470,0.223,0.000,-61.359,0.963,1.751,7.0
1902,0.470,0.223,0.000,-61.359,0.963,1.751,7.0
1903,0.470,0.223,0.000,-61.359,0.963,1.751,7.0
1904,0.470,0.223,0.000,-61.359,0.963,1.751,7.0
1905,0.470,0.223,0.000,-61.359,0.963,1.751,7.0
1906,0.470,0.223,0.000,-61.359,0.963,1.751,7.0
1907,0.470,0.223,0.000,-61.359,0.963,1.751,7.0
1908,0.470,0.223,0.000,-61.359,0.963,1.751,7.0
1909,0.470,0.223,0.000,-61.359,0.963,1.751,7.0
1910,0.470,0.223,0.000,-61.359,0.963,1.751,7.0
1911,0.470,0.223,0.000,-61.359,0.963,1.751,7.0
1912,0.470,0.223,0.000,-61.359,0.963,1.751,7.0
1913,0.470,0.223,0.000,-61.359,0.963,1.751,7.0
1914,0.470,0.223,0.000,-61.359,0.963,1.751,7.0
1915,0.470,0.223,0.000,-61.359,0.963,1.751,7.0
1916,0.470,0.223,0.000,-61.359,0.963,1.751,7.0
1917,0.470,0.223,0.000,-61.359,0.963,1.751,7.0
1918,0.470,0.223,0.000,-61.359,0.963,1.751,7.0
1919,0.470,0.223,0.000,-61.359,0.963,1.751,7.0
1920,0.470,0.223,0.000,-61.359,0.963,1.751,7.0
1921,0.470,0.223,0.000,-61.359,0.963,1.751,7.0
1922,0.470,0.223,0.000,-61.359,0.963,1.751,7.0
1923,0.470,0.223,0.000,-61.359,0.963,1.751,7.0
1924,0.470,0.223,0.000,-61.359,0.963,1.751,7.0
1925,0.470,0.223,0.000,-61.359,0.963,1.751,7.0
1926,0.470,0.223,0.000,-61.359,0.963,1.751,7.0
1927,0.470,0.223,0.000,-61.359,0.963,1.751,7.0
1928,0.470,0.223,0.000,-61.359,0.963,1.751,7.0
1929,0.470,0.223,0.000,-61.359,0.963,1.751,7.0
1930,0.470,0.223,0.000,-61.359,0.963,1.751,7.0
1931,0.470,0.223,0.000,-61.359,0.963,1.751,7.0
1932,0.470,0.223,0.000,-61.359,0.963,1.751,7.0
1933,0.470,0.223,0.000,-61.359,0.963,1.751,7.0
1934,0.470,0.223,0.000,-61.359,0.963,1.751,7.0
1935,0.470,0.223,0.000,-61.359,0.963,1.751,7.0
1936,0.470,0.223,0.000,-61.359,0.963,1.751,7.0
1937,0.470,0.223,0.000,-61.359,0.963,1.751,7.0
1938,0.470,0.223,0.000,-61.359,0.963,1.751,7.0
1939,0.470,0.223,0.000,-61.359,0.963,1.751,7.0
1940,0.470,0.223,0.000,-61.359,0.963,1.751,7.0
1941,0.470,0.223,0.000,-61.359,0.963,1.751,7.0
1942,0.470,0.223,0.000,-61.359,0.963,1.751,7.0
1943,0.470,0.223,0.000,-61.359,0.963,1.751,7.0
1944,0.470,0.223,0.000,-61.360,0.963,1.751,7.0
1945,0.470,0.223,0.000,-61.360,0.963,1.751,7.0
1946,0.470,0.223,0.000,-61.360,0.963,1.751,7.0
1947,0.470,0.223,0.000,-61.360,0.963,1.751,7.0
1948,0.470,0.223,0.000,-61.360,0.963,1.751,7.0
1949,0.470,0.223,0.000,-61.360,0.963,1.751,7.0
1950,0.470,0.223,0.000,-61.360,0.963,1.751,7.0
1951,0.470,0.223,0.000,-61.360,0.963,1.751,7.0
1952,0.470,0.223,0.000,-61.360,0.963,1.751,7.0
1953,0.470,0.223,0.000,-61.360,0.963,1.751,7.0
1954,0.470,0.223,0.000,-61.360,0.963,1.751,7.0
1955,0.470,0.223,0.000,-61.360,0.963,1.751,7.0
1956,0.470,0.223,0.000,-61.360,0.963,1.751,7.0
1957,0.470,0.223,0.000,-61.360,0.963,1.751,7.0
1958,0.470,0.223,0.000,-61.360,0.963,1.751,7.0
1959,0.470,0.223,0.000,-61.360,0.963,1.751,7.0
1960,0.470,0.223,0.000,-61.360,0.963,1.751,7.0
1961,0.470,0.223,0.000,-61.360,0.963,1.751,7.0
1962,0.470,0.223,0.000,-61.360,0.963,1.751,7.0
1963,0.470,0.223,0.000,-61.360,0.963,1.751,7.0
1964,0.470,0.223,0.000,-61.360,0.963,1.751,7.0
1965,0.470,0.223,0.000,-61.360,0.963,1.751,7.0
1966,0.470,0.223,0.000,-61.360,0.963,1.751,7.0
1967,0.470,0.223,0.000,-61.360,0.963,1.751,7.0
1968,0.470,0.223,0.000,-61.360,0.963,1.751,7.0
1969,0.470,0.223,0.000,-61.360,0.963,1.751,7.0
1970,0.470,0.223,0.000,-61.360,0.963,1.751,7.0
1971,0.470,0.223,0.000,-61.360,0.963,1.751,7.0
1972,0.470,0.223,0.000,-61.360,0.963,1.751,7.0
1973,0.470,0.223,0.000,-61.360,0.963,1.751,7.0
1974,0.470,0.223,0.000,-61.360,0.963,1.751,7.0
1975,0.470,0.223,0.000,-61.360,0.963,1.751,7.0
1976,0.470,0.223,0.000,-61.360,0.963,1.751,7.0
1977,0.470,0.223,0.000,-61.360,0.963,1.751,7.0
1978,0.470,0.223,0.000,-61.360,0.963,1.751,7.0
1979,0.470,0.223,0.000,-61.360,0.963,1.751,7.0
1980,0.470,0.223,0.000,-61.360,0.963,1.751,7.0
1981,0.470,0.223,0.000,-61.360,0.963,1.751,7.0
1982,0.470,0.223,0.000,-61.360,0.963,1.751,7.0
1983,0.470,0.223,0.000,-61.360,0.963,1.751,7.0
1984,0.470,0.223,0.000,-61.360,0.963,1.751,7.0
1985,0.470,0.223,0.000,-61.360,0.963,1.751,7.0
1986,0.470,0.223,0.000,-61.360,0.963,1.751,7.0
1987,0.470,0.223,0.000,-61.360,0.963,1.751,7.0
1988,0.470,0.223,0.000,-61.360,0.963,1.751,7.0
1989,0.470,0.223,0.000,-61.360,0.963,1.751,7.0
1990,0.470,0.223,0.000,-61.360,0.963,1.751,7.0
1991,0.470,0.223,0.000,-61.360,0.963,1.751,7.0
1992,0.470,0.223,0.000,-61.360,0.963,1.751,7.0
1993,0.470,0.223,0.000,-61.360,0.963,1.751,7.0
1994,0.470,0.223,0.000,-61.360,0.963,1.751,7.0
1995,0.470,0.223,0.000,-61.360,0.963,1.751,7.0
1996,0.470,0.223,0.000,-61.360,0.963,1.751,7.0
1997,0.470,0.223,0.000,-61.360,0.963,1.751,7.0
1998,0.470,0.223,0.000,-61.360,0.963,1.751,7.0
1999,0.470,0.223,0.000,-61.360,0.963,1.751,7.0
2000,0.470,0.223,0.000,-61.360,0.963,1.751,7.0
2001,0.470,0.223,0.000,-61.360,0.963,1.751,7.0
2002,0.470,0.223,0.000,-61.360,0.963,1.751,7.0
2003,0.470,0.223,0.000,-61.360,0.963,1.751,7.0
2004,0.470,0.223,0.000,-61.360,0.963,1.751,7.0
2005,0.470,0.223,0.000,-61.360,0.963,1.751,7.0
2006,0.470,0.223,0.000,-61.360,0.963,1.751,7.0
2007,0.470,0.223,0.000,-61.360,0.963,1.751,7.0
2008,0.470,0.223,0.000,-61.360,0.963,1.751,7.0
2009,0.470,0.223,0.000,-61.360,0.963,1.751,7.0
2010,0.470,0.223,0.000,-61.360,0.963,1.751,7.0
2011,0.470,0.223,0.000,-61.360,0.963,1.751,7.0
2012,0.470,0.223,0.000,-61.360,0.963,1.751,7.0
2013,0.470,0.223,0.000,-61.360,0.963,1.751,7.0
2014,0.470,0.223,0.000,-61.360,0.963,1.751,7.0
2015,0.470,0.223,0.000,-61.360,0.963,1.751,7.0
2016,0.470,0.223,0.000,-61.360,0.963,1.751,7.0
2017,0.470,0.223,0.000,-61.360,0.963,1.751,7.0
2018,0.470,0.223,0.000,-61.360,0.963,1.751,7.0
2019,0.470,0.223,0.000,-61.360,0.963,1.751,7.0
2020,0.470,0.223,0.000,-61.360,0.963,1.751,7.0
2021,0.470,0.223,0.000,-61.360,0.963,1.751,7.0
2022,0.470,0.223,0.000,-61.360,0.963,1.751,7.0
2023,0.470,0.223,0.000,-61.360,0.963,1.751,7.0
2024,0.470,0.223,0.000,-61.360,0.963,1.751,7.0
2025,0.470,0.223,0.000,-61.360,0.963,1.751,7.0
2026,0.470,0.223,0.000,-61.360,0.963,1.751,7.0
2027,0.470,0.223,0.000,-61.360,0.963,1.751,7.0
2028,0.470,0.223,0.000,-61.360,0.963,1.751,7.0
2029,0.470,0.223,0.000,-61.360,0.963,1.751,7.0
2030,0.470,0.223,0.000,-61.360,0.963,1.751,7.0
2031,0.470,0.223,0.000,-61.360,0.963,1.751,7.0
2032,0.470,0.223,0.000,-61.360,0.963,1.751,7.0
2033,0.470,0.223,0.000,-61.360,0.963,1.751,7.0
2034,0.470,0.223,0.000,-61.360,0.963,1.751,7.0
2035,0.470,0.223,0.000,-61.360,0.963,1.751,7.0
2036,0.470,0.223,0.000,-61.360,0.963,1.751,7.0
2037,0.470,0.223,0.000,-61.360,0.963,1.751,7.0
2038,0.470,0.223,0.000,-61.360,0.963,1.751,7.0
2039,0.470,0.223,0.000,-61.360,0.963,1.751,7.0
2040,0.470,0.223,0.000,-61.360,0.963,1.751,7.0
2041,0.470,0.223,0.000,-61.360,0.963,1.751,7.0
2042,0.470,0.223,0.000,-61.360,0.963,1.751,7.0
2043,0.470,0.223,0.000,-61.360,0.963,1.751,7.0
2044,0.470,0.223,0.000,-61.360,0.963,1.751,7.0
2045,0.470,0.223,0.000,-61.360,0.963,1.751,7.0
2046,0.470,0.223,0.000,-61.360,0.963,1.751,7.0
2047,0.470,0.223,0.000,-61.360,0.963,1.751,7.0
2048,0.470,0.223,0.000,-61.360,0.963,1.751,7.0
2049,0.470,0.223,0.000,-61.360,0.963,1.751,7.0
2050,0.470,0.223,0.000,-61.360,0.963,1.751,7.0
2051,0.470,0.223,0.000,-61.360,0.963,1.751,7.0
2052,0.470,0.223,0.000,-61.360,0.963,1.751,7.0
2053,0.470,0.223,0.000,-61.360,0.963,1.751,7.0
2054,0.470,0.223,0.000,-61.360,0.963,1.751,7.0
2055,0.470,0.223,0.000,-61.360,0.963,1.751,7.0
2056,0.470,0.223,0.000,-61.360,0.963,1.751,7.0
2057,0.470,0.223,0.000,-61.360,0.963,1.751,7.0
2058,0.470,0.223,0.000,-61.360,0.963,1.751,7.0
2059,0.470,0.223,0.000,-61.360,0.963,1.751,7.0
2060,0.470,0.223,0.000,-61.360,0.963,1.751,7.0
2061,0.470,0.223,0.000,-61.360,0.963,1.751,7.0
2062,0.470,0.223,0.000,-61.360,0.963,1.751,7.0
2063,0.470,0.223,0.000,-61.360,0.963,1.751,7.0
2064,0.470,0.223,0.000,-61.360,0.963,1.751,7.0
2065,0.470,0.223,0.000,-61.360,0.963,1.751,7.0
2066,0.470,0.223,0.000,-61.360,0.963,1.751,7.0
2067,0.470,0.223,0.000,-61.360,0.963,1.751,7.0
2068,0.470,0.223,0.000,-61.360,0.963,1.751,7.0
2069,0.470,0.223,0.000,-61.360,0.963,1.751,7.0
2070,0.470,0.223,0.000,-61.360,0.963,1.751,7.0
2071,0.470,0.223,0.000,-61.360,0.963,1.751,7.0
2072,0.470,0.223,0.000,-61.360,0.963,1.751,7.0
2073,0.470,0.223,0.000,-61.360,0.963,1.751,7.0
2074,0.470,0.223,0.000,-61.360,0.963,1.751,7.0
2075,0.470,0.223,0.000,-61.360,0.963,1.751,7.0
2076,0.470,0.223,0.000,-61.360,0.963,1.751,7.0
2077,0.470,0.223,0.000,-61.360,0.963,1.751,7.0
2078,0.470,0.223,0.000,-61.360,0.963,1.751,7.0
2079,0.470,0.223,0.000,-61.360,0.963,1.751,7.0
2080,0.470,0.223,0.000,-61.360,0.963,1.751,7.0
2081,0.470,0.223,0.000,-61.360,0.963,1.751,7.0
2082,0.470,0.223,0.000,-61.361,0.963,1.751,7.0
2083,0.470,0.223,0.000,-61.361,0.963,1.751,7.0
2084,0.470,0.223,0.000,-61.361,0.963,1.751,7.0
2085,0.470,0.223,0.000,-61.361,0.963,1.751,7.0
2086,0.470,0.223,0.000,-61.361,0.963,1.751,7.0
2087,0.470,0.223,0.000,-61.361,0.963,1.751,7.0
2088,0.470,0.223,0.000,-61.361,0.963,1.751,7.0
2089,0.470,0.223,0.000,-61.361,0.963,1.751,7.0
2090,0.470,0.223,0.000,-61.361,0.963,1.751,7.0
2091,0.470,0.223,0.000,-61.361,0.963,1.751,7.0
2092,0.470,0.223,0.000,-61.361,0.963,1.751,7.0
2093,0.470,0.223,0.000,-61.361,0.963,1.751,7.0
2094,0.470,0.223,0.000,-61.361,0.963,1.751,7.0
2095,0.470,0.223,0.000,-61.361,0.963,1.751,7.0
2096,0.470,0.223,0.000,-61.361,0.963,1.751,7.0
2097,0.470,0.223,0.000,-61.361,0.963,1.751,7.0
2098,0.470,0.223,0.000,-61.361,0.963,1.751,7.0
2099,0.470,0.223,0.000,-61.361,0.963,1.751,7.0
2100,0.470,0.223,0.000,-61.361,0.963,1.751,7.0
2101,0.470,0.223,0.000,-61.361,0.963,1.751,7.0
2102,0.470,0.223,0.000,-61.361,0.963,1.751,7.0
2103,0.470,0.223,0.000,-61.361,0.963,1.751,7.0
2104,0.470,0.223,0.000,-61.361,0.963,1.751,7.0
2105,0.470,0.223,0.000,-61.361,0.963,1.751,7.0
2106,0.470,0.223,0.000,-61.361,0.963,1.751,7.0
2107,0.470,0.223,0.000,-61.361,0.963,1.751,7.0
2108,0.470,0.223,0.000,-61.361,0.963,1.751,7.0
2109,0.470,0.223,0.000,-61.361,0.963,1.751,7.0
2110,0.470,0.223,0.000,-61.361,0.963,1.751,7.0
2111,0.470,0.223,0.000,-61.361,0.963,1.751,7.0
2112,0.470,0.223,0.000,-61.361,0.963,1.751,7.0
2113,0.470,0.223,0.000,-61.361,0.963,1.751,7.0
2114,0.470,0.223,0.000,-61.361,0.963,1.751,7.0
2115,0.470,0.223,0.000,-61.361,0.963,1.751,7.0
2116,0.470,0.223,0.000,-61.361,0.963,1.751,7.0
2117,0.470,0.223,0.000,-61.361,0.963,1.751,7.0
2118,0.470,0.223,0.000,-61.361,0.963,1.751,7.0
2119,0.470,0.223,0.000,-61.361,0.963,1.751,7.0
2120,0.470,0.223,0.000,-61.361,0.963,1.751,7.0
2121,0.470,0.223,0.000,-61.361,0.963,1.751,7.0
2122,0.470,0.223,0.000,-61.361,0.963,1.751,7.0
2123,0.470,0.223,0.000,-61.361,0.963,1.751,7.0
2124,0.470,0.223,0.000,-61.361,0.963,1.751,7.0
2125,0.470,0.223,0.000,-61.361,0.963,1.751,7.0
2126,0.470,0.223,0.000,-61.361,0.963,1.751,7.0
2127,0.470,0.223,0.000,-61.361,0.963,1.751,7.0
2128,0.470,0.223,0.000,-61.361,0.963,1.751,7.0
2129,0.470,0.223,0.000,-61.361,0.963,1.751,7.0
2130,0.470,0.223,0.000,-61.361,0.963,1.751,7.0
2131,0.470,0.223,0.000,-61.361,0.963,1.751,7.0
2132,0.470,0.223,0.000,-61.361,0.963,1.751,7.0
2133,0.470,0.223,0.000,-61.361,0.963,1.751,7.0
2134,0.470,0.223,0.000,-61.361,0.963,1.751,7.0
2135,0.470,0.223,0.000,-61.361,0.963,1.751,7.0
2136,0.470,0.223,0.000,-61.361,0.963,1.751,7.0
2137,0.470,0.223,0.000,-61.361,0.963,1.751,7.0
2138,0.470,0.223,0.000,-61.361,0.963,1.751,7.0
2139,0.470,0.223,0.000,-61.361,0.963,1.751,7.0
2140,0.470,0.223,0.000,-61.361,0.963,1.751,7.0
2141,0.470,0.223,0.000,-61.361,0.963,1.751,7.0
2142,0.470,0.223,0.000,-61.361,0.963,1.751,7.0
2143,0.470,0.223,0.000,-61.361,0.963,1.751,7.0
2144,0.470,0.223,0.000,-61.361,0.963,1.751,7.0
2145,0.470,0.223,0.000,-61.361,0.963,1.751,7.0
2146,0.470,0.223,0.000,-61.361,0.963,1.751,7.0
2147,0.470,0.223,0.000,-61.361,0.963,1.751,7.0
2148,0.470,0.223,0.000,-61.361,0.963,1.751,7.0
2149,0.470,0.223,0.000,-61.361,0.963,1.751,7.0
2150,0.470,0.223,0.000,-61.361,0.963,1.751,7.0
2151,0.470,0.223,0.000,-61.361,0.963,1.751,7.0
2152,0.470,0.223,0.000,-61.361,0.963,1.751,7.0
2153,0.470,0.223,0.000,-61.361,0.963,1.751,7.0
2154,0.470,0.223,0.000,-61.361,0.963,1.751,7.0
2155,0.470,0.223,0.000,-61.361,0.963,1.751,7.0
2156,0.470,0.223,0.000,-61.361,0.963,1.751,7.0
2157,0.470,0.223,0.000,-61.361,0.963,1.751,7.0
2158,0.470,0.223,0.000,-61.361,0.963,1.751,7.0
2159,0.470,0.223,0.000,-61.361,0.963,1.751,7.0
2160,0.470,0.223,0.000,-61.361,0.963,1.751,7.0
2161,0.470,0.223,0.000,-61.361,0.963,1.751,7.0
2162,0.470,0.223,0.000,-61.361,0.963,1.751,7.0
2163,0.470,0.223,0.000,-61.361,0.963,1.751,7.0
2164,0.470,0.223,0.000,-61.361,0.963,1.751,7.0
2165,0.470,0.223,0.000,-61.361,0.963,1.751,7.0
2166,0.470,0.223,0.000,-61.361,0.963,1.751,7.0
2167,0.470,0.223,0.000,-61.361,0.963,1.751,7.0
2168,0.470,0.223,0.000,-61.361,0.963,1.751,7.0
2169,0.470,0.223,0.000,-61.361,0.963,1.751,7.0
2170,0.470,0.223,0.000,-61.361,0.963,1.751,7.0
2171,0.470,0.223,0.000,-61.361,0.963,1.751,7.0
2172,0.470,0.223,0.000,-61.361,0.963,1.751,7.0
2173,0.470,0.223,0.000,-61.361,0.963,1.751,7.0
2174,0.470,0.223,0.000,-61.361,0.963,1.751,7.0
2175,0.470,0.223,0.000,-61.361,0.963,1.751,7.0
2176,0.470,0.223,0.000,-61.361,0.963,1.751,7.0
2177,0.470,0.223,0.000,-61.361,0.963,1.751,7.0
2178,0.470,0.223,0.000,-61.361,0.963,1.751,7.0
2179,0.470,0.223,0.000,-61.361,0.963,1.751,7.0
2180,0.470,0.223,0.000,-61.361,0.963,1.751,7.0
2181,0.470,0.223,0.000,-61.361,0.963,1.751,7.0
2182,0.470,0.223,0.000,-61.361,0.963,1.751,7.0
2183,0.470,0.223,0.000,-61.361,0.963,1.751,7.0
2184,0.470,0.223,0.000,-61.361,0.963,1.751,7.0
2185,0.470,0.223,0.000,-61.361,0.963,1.751,7.0
2186,0.470,0.223,0.000,-61.361,0.963,1.751,7.0
2187,0.470,0.223,0.000,-61.361,0.963,1.751,7.0
2188,0.470,0.223,0.000,-61.361,0.963,1.751,7.0
2189,0.470,0.223,0.000,-61.361,0.963,1.751,7.0
2190,0.470,0.223,0.000,-61.361,0.963,1.751,7.0
2191,0.470,0.223,0.000,-61.361,0.963,1.751,7.0
2192,0.470,0.223,0.000,-61.361,0.963,1.751,7.0
2193,0.470,0.223,0.000,-61.361,0.963,1.751,7.0
2194,0.470,0.223,0.000,-61.361,0.963,1.751,7.0
2195,0.470,0.223,0.000,-61.361,0.963,1.751,7.0
2196,0.470,0.223,0.000,-61.361,0.963,1.751,7.0
2197,0.470,0.223,0.000,-61.361,0.963,1.751,7.0
2198,0.470,0.223,0.000,-61.361,0.963,1.751,7.0
2199,0.470,0.223,0.000,-61.361,0.963,1.751,7.0
2200,0.470,0.223,0.000,-61.361,0.963,1.751,7.0
2201,0.470,0.223,0.000,-61.361,0.963,1.751,7.0
2202,0.470,0.223,0.000,-61.361,0.963,1.751,7.0
2203,0.470,0.223,0.000,-61.361,0.963,1.751,7.0
2204,0.470,0.223,0.000,-61.361,0.963,1.751,7.0
2205,0.470,0.223,0.000,-61.361,0.963,1.751,7.0
2206,0.470,0.223,0.000,-61.361,0.963,1.751,7.0
2207,0.470,0.223,0.000,-61.361,0.963,1.751,7.0
2208,0.470,0.223,0.000,-61.361,0.963,1.751,7.0
2209,0.470,0.223,0.000,-61.361,0.963,1.751,7.0
2210,0.470,0.223,0.000,-61.361,0.963,1.751,7.0
2211,0.470,0.223,0.000,-61.361,0.963,1.751,7.0
2212,0.470,0.223,0.000,-61.361,0.963,1.751,7.0
2213,0.470,0.223,0.000,-61.361,0.963,1.751,7.0
2214,0.470,0.223,0.000,-61.361,0.963,1.751,7.0
2215,0.470,0.223,0.000,-61.361,0.963,1.751,7.0
2216,0.470,0.223,0.000,-61.361,0.963,1.751,7.0
2217,0.470,0.223,0.000,-61.361,0.963,1.751,7.0
2218,0.470,0.223,0.000,-61.361,0.963,1.751,7.0
2219,0.470,0.223,0.000,-61.361,0.963,1.751,7.0
2220,0.470,0.223,0.000,-61.361,0.963,1.751,7.0
2221,0.470,0.223,0.000,-61.361,0.963,1.751,7.0
2222,0.470,0.223,0.000,-61.361,0.963,1.751,7.0
2223,0.470,0.223,0.000,-61.361,0.963,1.751,7.0
2224,0.470,0.223,0.000,-61.361,0.963,1.751,7.0
2225,0.470,0.223,0.000,-61.361,0.963,1.751,7.0
2226,0.470,0.223,0.000,-61.361,0.963,1.751,7.0
2227,0.470,0.223,0.000,-61.361,0.963,1.751,7.0
2228,0.470,0.223,0.000,-61.361,0.963,1.751,7.0
2229,0.470,0.223,0.000,-61.361,0.963,1.751,7.0
2230,0.470,0.223,0.000,-61.361,0.963,1.751,7.0
2231,0.470,0.223,0.000,-61.361,0.963,1.751,7.0
2232,0.470,0.223,0.000,-61.361,0.963,1.751,7.0
2233,0.470,0.223,0.000,-61.361,0.963,1.751,7.0
2234,0.470,0.223,0.000,-61.361,0.963,1.751,7.0
2235,0.470,0.223,0.000,-61.361,0.963,1.751,7.0
2236,0.470,0.223,0.000,-61.361,0.963,1.751,7.0
2237,0.470,0.223,0.000,-61.361,0.963,1.751,7.0
2238,0.470,0.223,0.000,-61.361,0.963,1.751,7.0
2239,0.470,0.223,0.000,-61.361,0.963,1.751,7.0
2240,0.470,0.223,0.000,-61.361,0.963,1.751,7.0
2241,0.470,0.223,0.000,-61.361,0.963,1.751,7.0
2242,0.470,0.223,0.000,-61.361,0.963,1.751,7.0
2243,0.470,0.223,0.000,-61.361,0.963,1.751,7.0
2244,0.470,0.223,0.000,-61.361,0.963,1.751,7.0
2245,0.470,0.223,0.000,-61.361,0.963,1.751,7.0
2246,0.470,0.223,0.000,-61.361,0.963,1.751,7.0
2247,0.470,0.223,0.000,-61.361,0.963,1.751,7.0
2248,0.470,0.223,0.000,-61.361,0.963,1.751,7.0
2249,0.470,0.223,0.000,-61.361,0.963,1.751,7.0
2250,0.470,0.223,0.000,-61.361,0.963,1.751,7.0
2251,0.470,0.223,0.000,-61.361,0.963,1.751,7.0
2252,0.470,0.223,0.000,-61.361,0.963,1.751,7.0
2253,0.470,0.223,0.000,-61.361,0.963,1.751,7.0
2254,0.470,0.223,0.000,-61.361,0.963,1.751,7.0
2255,0.470,0.223,0.000,-61.361,0.963,1.751,7.0
2256,0.470,0.223,0.000,-61.361,0.963,1.751,7.0
2257,0.470,0.223,0.000,-61.361,0.963,1.751,7.0
2258,0.470,0.223,0.000,-61.361,0.963,1.751,7.0
2259,0.470,0.223,0.000,-61.361,0.963,1.751,7.0
2260,0.470,0.223,0.000,-61.361,0.963,1.751,7.0
2261,0.470,0.223,0.000,-61.361,0.963,1.751,7.0
2262,0.470,0.223,0.000,-61.361,0.963,1.751,7.0
2263,0.470,0.223,0.000,-61.361,0.963,1.751,7.0
2264,0.470,0.223,0.000,-61.361,0.963,1.751,7.0
2265,0.470,0.223,0.000,-61.361,0.963,1.751,7.0
2266,0.470,0.223,0.000,-61.361,0.963,1.751,7.0
2267,0.470,0.223,0.000,-61.361,0.963,1.751,7.0
2268,0.470,0.223,0.000,-61.361,0.963,1.751,7.0
2269,0.470,0.223,0.000,-61.361,0.963,1.751,7.0
2270,0.470,0.223,0.000,-61.361,0.963,1.751,7.0
2271,0.470,0.223,0.000,-61.361,0.963,1.751,7.0
2272,0.470,0.223,0.000,-61.361,0.963,1.751,7.0
2273,0.470,0.223,0.000,-61.361,0.963,1.751,7.0
2274,0.470,0.223,0.000,-61.361,0.963,1.751,7.0
2275,0.470,0.223,0.000,-61.361,0.963,1.751,7.0
2276,0.470,0.223,0.000,-61.361,0.963,1.751,7.0
2277,0.470,0.223,0.000,-61.361,0.963,1.751,7.0
2278,0.470,0.223,0.000,-61.361,0.963,1.751,7.0
2279,0.470,0.223,0.000,-61.361,0.963,1.751,7.0
2280,0.470,0.223,0.000,-61.361,0.963,1.751,7.0
2281,0.470,0.223,0.000,-61.361,0.963,1.751,7.0
2282,0.470,0.223,0.000,-61.361,0.963,1.751,7.0
2283,0.470,0.223,0.000,-61.361,0.963,1.751,7.0
2284,0.470,0.223,0.000,-61.361,0.963,1.751,7.0
2285,0.470,0.223,0.000,-61.361,0.963,1.751,7.0
2286,0.470,0.223,0.000,-61.361,0.963,1.751,7.0
2287,0.470,0.223,0.000,-61.361,0.963,1.751,7.0
2288,0.470,0.223,0.000,-61.361,0.963,1.751,7.0
2289,0.470,0.223,0.000,-61.361,0.963,1.751,7.0
2290,0.470,0.223,0.000,-61.361,0.963,1.751,7.0
2291,0.470,0.223,0.000,-61.361,0.963,1.751,7.0
2292,0.470,0.223,0.000,-61.361,0.963,1.751,7.0
2293,0.470,0.223,0.000,-61.361,0.963,1.751,7.0
2294,0.470,0.223,0.000,-61.361,0.963,1.751,7.0
2295,0.470,0.223,0.000,-61.361,0.963,1.751,7.0
2296,0.470,0.223,0.000,-61.361,0.963,1.751,7.0
2297,0.470,0.223,0.000,-61.361,0.963,1.751,7.0
2298,0.470,0.223,0.000,-61.361,0.963,1.751,7.0
2299,0.470,0.223,0.000,-61.361,0.963,1.751,7.0
2300,0.470,0.223,0.000,-61.361,0.963,1.751,7.0
2301,0.470,0.223,0.000,-61.361,0.963,1.751,7.0
2302,0.470,0.223,0.000,-61.361,0.963,1.751,7.0
2303,0.470,0.223,0.000,-61.361,0.963,1.751,7.0
2304,0.470,0.223,0.000,-61.361,0.963,1.751,7.0
2305,0.470,0.223,0.000,-61.361,0.963,1.751,7.0
2306,0.470,0.223,0.000,-61.361,0.963,1.751,7.0
2307,0.470,0.223,0.000,-61.361,0.963,1.751,7.0
2308,0.470,0.223,0.000,-61.361,0.963,1.751,7.0
2309,0.470,0.223,0.000,-61.361,0.963,1.751,7.0
2310,0.470,0.223,0.000,-61.361,0.963,1.751,7.0
2311,0.470,0.223,0.000,-61.361,0.963,1.751,7.0
2312,0.470,0.223,0.000,-61.361,0.963,1.751,7.0
2313,0.470,0.223,0.000,-61.361,0.963,1.751,7.0
2314,0.470,0.223,0.000,-61.361,0.963,1.751,7.0
2315,0.470,0.223,0.000,-61.361,0.963,1.751,7.0
2316,0.470,0.223,0.000,-61.361,0.963,1.751,7.0
2317,0.470,0.223,0.000,-61.361,0.963,1.751,7.0
2318,0.470,0.223,0.000,-61.361,0.963,1.751,7.0
2319,0.470,0.223,0.000,-61.361,0.963,1.751,7.0
2320,0.470,0.223,0.000,-61.361,0.963,1.751,7.0
2321,0.470,0.223,0.000,-61.361,0.963,1.751,7.0
2322,0.470,0.223,0.000,-61.361,0.963,1.751,7.0
2323,0.470,0.223,0.000,-61.361,0.963,1.751,7.0
2324,0.470,0.223,0.000,-61.361,0.963,1.751,7.0
2325,0.470,0.223,0.000,-61.361,0.963,1.751,7.0
2326,0.470,0.223,0.000,-61.361,0.963,1.751,7.0
2327,0.470,0.223,0.000,-61.361,0.963,1.751,7.0
2328,0.470,0.223,0.000,-61.361,0.963,1.751,7.0
2329,0.470,0.223,0.000,-61.361,0.963,1.751,7.0
2330,0.470,0.223,0.000,-61.361,0.963,1.751,7.0
2331,0.470,0.223,0.000,-61.361,0.963,1.751,7.0
2332,0.470,0.223,0.000,-61.361,0.963,1.751,7.0
2333,0.470,0.223,0.000,-61.361,0.963,1.751,7.0
2334,0.470,0.223,0.000,-61.361,0.963,1.751,7.0
2335,0.470,0.223,0.000,-61.361,0.963,1.751,7.0
2336,0.470,0.223,0.000,-61.361,0.963,1.751,7.0
2337,0.470,0.223,0.000,-61.361,0.963,1.751,7.0
2338,0.470,0.223,0.000,-61.361,0.963,1.751,7.0
2339,0.470,0.223,0.000,-61.361,0.963,1.751,7.0
2340,0.470,0.223,0.000,-61.361,0.963,1.751,7.0
2341,0.470,0.223,0.000,-61.361,0.963,1.751,7.0
2342,0.470,0.223,0.000,-61.361,0.963,1.751,7.0
2343,0.470,0.223,0.000,-61.361,0.963,1.751,7.0
2344,0.470,0.223,0.000,-61.361,0.963,1.751,7.0
2345,0.470,0.223,0.000,-61.361,0.963,1.751,7.0
2346,0.470,0.223,0.000,-61.361,0.963,1.751,7.0
2347,0.470,0.223,0.000,-61.361,0.963,1.751,7.0
2348,0.470,0.223,0.000,-61.361,0.963,1.751,7.0
2349,0.470,0.223,0.000,-61.361,0.963,1.751,7.0
2350,0.470,0.223,0.000,-61.361,0.963,1.751,7.0
2351,0.470,0.223,0.000,-61.361,0.963,1.751,7.0
2352,0.470,0.223,0.000,-61.361,0.963,1.751,7.0
2353,0.470,0.223,0.000,-61.361,0.963,1.751,7.0
2354,0.470,0.223,0.000,-61.361,0.963,1.751,7.0
2355,0.470,0.223,0.000,-61.361,0.963,1.751,7.0
2356,0.470,0.223,0.000,-61.361,0.963,1.751,7.0
2357,0.470,0.223,0.000,-61.361,0.963,1.751,7.0
2358,0.470,0.223,0.000,-61.361,0.963,1.751,7.0
2359,0.470,0.223,0.000,-61.361,0.963,1.751,7.0
2360,0.470,0.223,0.000,-61.361,0.963,1.751,7.0
2361,0.470,0.223,0.000,-61.361,0.963,1.751,7.0
2362,0.470,0.223,0.000,-61.361,0.963,1.751,7.0
2363,0.470,0.223,0.000,-61.361,0.963,1.751,7.0
2364,0.470,0.223,0.000,-61.361,0.963,1.751,7.0
2365,0.470,0.223,0.000,-61.361,0.963,1.751,7.0
2366,0.470,0.223,0.000,-61.361,0.963,1.751,7.0
2367,0.470,0.223,0.000,-61.361,0.963,1.751,7.0
2368,0.470,0.223,0.000,-61.361,0.963,1.751,7.0
2369,0.470,0.223,0.000,-61.361,0.963,1.751,7.0
2370,0.470,0.223,0.000,-61.361,0.963,1.751,7.0
2371,0.470,0.223,0.000,-61.361,0.963,1.751,7.0
2372,0.470,0.223,0.000,-61.361,0.963,1.751,7.0
2373,0.470,0.223,0.000,-61.361,0.963,1.751,7.0
2374,0.470,0.223,0.000,-61.361,0.963,1.751,7.0
2375,0.470,0.223,0.000,-61.361,0.963,1.751,7.0
2376,0.470,0.223,0.000,-61.361,0.963,1.751,7.0
2377,0.470,0.223,0.000,-61.361,0.963,1.751,7.0
2378,0.470,0.223,0.000,-61.361,0.963,1.751,7.0
2379,0.470,0.223,0.000,-61.361,0.963,1.751,7.0
2380,0.470,0.223,0.000,-61.361,0.963,1.751,7.0
2381,0.470,0.223,0.000,-61.361,0.963,1.751,7.0
2382,0.470,0.223,0.000,-61.361,0.963,1.751,7.0
2383,0.470,0.223,0.000,-61.361,0.963,1.751,7.0
2384,0.470,0.223,0.000,-61.361,0.963,1.751,7.0
2385,0.470,0.223,0.000,-61.361,0.963,1.751,7.0
2386,0.470,0.223,0.000,-61.361,0.963,1.751,7.0
2387,0.470,0.223,0.000,-61.361,0.963,1.751,7.0
2388,0.470,0.223,0.000,-61.361,0.963,1.751,7.0
2389,0.470,0.223,0.000,-61.361,0.963,1.751,7.0
2390,0.470,0.223,0.000,-61.361,0.963,1.751,7.0
2391,0.470,0.223,0.000,-61.361,0.963,1.751,7.0
2392,0.470,0.223,0.000,-61.361,0.963,1.751,7.0
2393,0.470,0.223,0.000,-61.361,0.963,1.751,7.0
2394,0.470,0.223,0.000,-61.361,0.963,1.751,7.0
2395,0.470,0.223,0.000,-61.361,0.963,1.751,7.0
2396,0.470,0.223,0.000,-61.361,0.963,1.751,7.0
2397,0.470,0.223,0.000,-61.361,0.963,1.751,7.0
2398,0.470,0.223,0.000,-61.361,0.963,1.751,7.0
2399,0.470,0.223,0.000,-61.361,0.963,1.751,7.0
2400,0.470,0.223,0.000,-61.361,0.963,1.751,7.0
2401,0.470,0.223,0.000,-61.361,0.963,1.751,7.0
2402,0.470,0.223,0.000,-61.361,0.963,1.751,7.0
2403,0.470,0.223,0.000,-61.361,0.963,1.751,7.0
2404,0.470,0.223,0.000,-61.361,0.963,1.751,7.0
2405,0.470,0.223,0.000,-61.361,0.963,1.751,7.0
2406,0.470,0.223,0.000,-61.361,0.963,1.751,7.0
2407,0.470,0.223,0.000,-61.361,0.963,1.751,7.0
2408,0.470,0.223,0.000,-61.361,0.963,1.751,7.0
2409,0.470,0.223,0.000,-61.361,0.963,1.751,7.0
2410,0.470,0.223,0.000,-61.361,0.963,1.751,7.0
2411,0.470,0.223,0.000,-61.361,0.963,1.751,7.0
2412,0.470,0.223,0.000,-61.361,0.963,1.751,7.0
2413,0.470,0.223,0.000,-61.361,0.963,1.751,7.0
2414,0.470,0.223,0.000,-61.361,0.963,1.751,7.0
2415,0.470,0.223,0.000,-61.361,0.963,1.751,7.0
2416,0.470,0.223,0.000,-61.361,0.963,1.751,7.0
2417,0.470,0.223,0.000,-61.361,0.963,1.751,7.0
2418,0.470,0.223,0.000,-61.361,0.963,1.751,7.0
2419,0.470,0.223,0.000,-61.361,0.963,1.751,7.0
2420,0.470,0.223,0.000,-61.361,0.963,1.751,7.0
2421,0.470,0.223,0.000,-61.361,0.963,1.751,7.0
2422,0.470,0.223,0.000,-61.361,0.963,1.751,7.0
2423,0.470,0.223,0.000,-61.361,0.963,1.751,7.0
2424,0.470,0.223,0.000,-61.361,0.963,1.751,7.0
2425,0.470,0.223,0.000,-61.361,0.963,1.751,7.0
2426,0.470,0.223,0.000,-61.361,0.963,1.751,7.0
2427,0.470,0.223,0.000,-61.361,0.963,1.751,7.0
2428,0.470,0.223,0.000,-61.361,0.963,1.751,7.0
2429,0.470,0.223,0.000,-61.361,0.963,1.751,7.0
2430,0.470,0.223,0.000,-61.361,0.963,1.751,7.0
2431,0.470,0.223,0.000,-61.361,0.963,1.751,7.0
2432,0.470,0.223,0.000,-61.361,0.963,1.751,7.0
2433,0.470,0.223,0.000,-61.361,0.963,1.751,7.0
2434,0.470,0.223,0.000,-61.361,0.963,1.751,7.0
2435,0.470,0.223,0.000,-61.361,0.963,1.751,7.0
2436,0.470,0.223,0.000,-61.361,0.963,1.751,7.0
2437,0.470,0.223,0.000,-61.361,0.963,1.751,7.0
2438,0.470,0.223,0.000,-61.361,0.963,1.751,7.0
2439,0.470,0.223,0.000,-61.361,0.963,1.751,7.0
2440,0.470,0.223,0.000,-61.361,0.963,1.751,7.0
2441,0.470,0.223,0.000,-61.361,0.963,1.751,7.0
2442,0.470,0.223,0.000,-61.361,0.963,1.751,7.0
2443,0.470,0.223,0.000,-61.361,0.963,1.751,7.0
2444,0.470,0.223,0.000,-61.361,0.963,1.751,7.0
2445,0.470,0.223,0.000,-61.361,0.963,1.751,7.0
2446,0.470,0.223,0.000,-61.361,0.963,1.751,7.0
2447,0.470,0.223,0.000,-61.361,0.963,1.751,7.0
2448,0.470,0.223,0.000,-61.361,0.963,1.751,7.0
2449,0.470,0.223,0.000,-61.361,0.963,1.751,7.0
2450,0.470,0.223,0.000,-61.361,0.963,1.751,7.0
2451,0.470,0.223,0.000,-61.361,0.963,1.751,7.0
2452,0.470,0.223,0.000,-61.361,0.963,1.751,7.0
2453,0.470,0.223,0.000,-61.361,0.963,1.751,7.0
2454,0.470,0.223,0.000,-61.361,0.963,1.751,7.0
2455,0.470,0.223,0.000,-61.361,0.963,1.751,7.0
2456,0.470,0.223,0.000,-61.361,0.963,1.751,7.0
2457,0.470,0.223,0.000,-61.361,0.963,1.751,7.0
2458,0.470,0.223,0.000,-61.361,0.963,1.751,7.0
2459,0.470,0.223,0.000,-61.361,0.963,1.751,7.0
2460,0.470,0.223,0.000,-61.361,0.963,1.751,7.0
2461,0.470,0.223,0.000,-61.361,0.963,1.751,7.0
2462,0.470,0.223,0.000,-61.361,0.963,1.751,7.0
2463,0.470,0.223,0.000,-61.361,0.963,1.751,7.0
2464,0.470,0.223,0.000,-61.361,0.963,1.751,7.0
2465,0.470,0.223,0.000,-61.361,0.963,1.751,7.0
2466,0.470,0.223,0.000,-61.361,0.963,1.751,7.0
2467,0.470,0.223,0.000,-61.361,0.963,1.751,7.0
2468,0.470,0.223,0.000,-61.361,0.963,1.751,7.0
2469,0.470,0.223,0.000,-61.361,0.963,1.751,7.0
2470,0.470,0.223,0.000,-61.361,0.963,1.751,7.0
2471,0.470,0.223,0.000,-61.361,0.963,1.751,7.0
2472,0.470,0.223,0.000,-61.361,0.963,1.751,7.0
2473,0.470,0.223,0.000,-61.361,0.963,1.751,7.0
2474,0.470,0.223,0.000,-61.361,0.963,1.751,7.0
2475,0.470,0.223,0.000,-61.361,0.963,1.751,7.0
2476,0.470,0.223,0.000,-61.361,0.963,1.751,7.0
2477,0.470,0.223,0.000,-61.361,0.963,1.751,7.0
2478,0.470,0.223,0.000,-61.361,0.963,1.751,7.0
2479,0.470,0.223,0.000,-61.361,0.963,1.751,7.0
2480,0.470,0.223,0.000,-61.361,0.963,1.751,7.0
2481,0.470,0.223,0.000,-61.361,0.963,1.751,7.0
2482,0.470,0.223,0.000,-61.361,0.963,1.751,7.0
2483,0.470,0.223,0.000,-61.361,0.963,1.751,7.0
2484,0.470,0.223,0.000,-61.361,0.963,1.751,7.0
2485,0.470,0.223,0.000,-61.361,0.963,1.751,7.0
2486,0.470,0.223,0.000,-61.361,0.963,1.751,7.0
2487,0.470,0.223,0.000,-61.361,0.963,1.751,7.0
2488,0.470,0.223,0.000,-61.361,0.963,1.751,7.0
2489,0.470,0.223,0.000,-61.361,0.963,1.751,7.0
2490,0.470,0.223,0.000,-61.361,0.963,1.751,7.0
2491,0.470,0.223,0.000,-61.361,0.963,1.751,7.0
2492,0.470,0.223,0.000,-61.361,0.963,1.751,7.0
2493,0.470,0.223,0.000,-61.361,0.963,1.751,7.0
2494,0.470,0.223,0.000,-61.361,0.963,1.751,7.0
2495,0.470,0.223,0.000,-61.361,0.963,1.751,7.0
2496,0.470,0.223,0.000,-61.361,0.963,1.751,7.0
2497,0.470,0.223,0.000,-61.361,0.963,1.751,7.0
2498,0.470,0.223,0.000,-61.361,0.963,1.751,7.0
2499,0.470,0.223,0.000,-61.361,0.963,1.751,7.0
2500,0.470,0.223,0.000,-61.361,0.963,1.751,7.0
