1,-2.500,0.500,0.153,0.000,0.000,0.000,1
2,-2.500,0.500,0.473,0.000,0.000,0.000,1
3,-2.500,0.500,0.808,0.000,0.000,0.000,1
4,-2.500,0.500,1.088,0.000,0.000,0.000,1
5,-2.500,0.500,1.290,0.000,0.000,0.000,1
6,-2.500,0.500,1.420,0.000,0.000,0.000,1
7,-2.500,0.500,1.493,0.000,0.000,0.000,1
8,-2.500,0.500,1.522,0.000,0.000,0.000,1
9,-2.500,0.500,1.534,0.000,0.000,0.000,1
10,-2.500,0.500,1.533,0.000,0.000,0.000,1
11,-2.500,0.500,1.527,0.000,0.000,0.000,-1
12,-2.500,0.500,1.519,0.000,0.000,0.000,-1
13,-2.500,0.500,1.512,0.007,0.130,0.129,3.0
14,-2.500,0.500,1.506,0.018,0.215,0.214,3.0
15,-2.498,0.498,1.506,0.034,0.225,0.224,3.0
16,-2.497,0.497,1.507,0.089,0.174,0.174,3.0
17,-2.494,0.494,1.507,0.185,0.093,0.093,3.0
18,-2.491,0.491,1.508,0.301,0.013,0.014,3.0
19,-2.488,0.488,1.508,0.412,-0.044,-0.042,3.0
20,-2.486,0.486,1.509,0.500,-0.066,-0.065,3.0
21,-2.483,0.483,1.509,0.542,-0.059,-0.057,3.0
22,-2.481,0.481,1.509,0.560,-0.033,-0.032,3.0
23,-2.478,0.478,1.509,0.556,-0.003,-0.001,3.0
24,-2.476,0.476,1.510,0.539,0.022,0.023,3.0
25,-2.474,0.474,1.510,0.516,0.033,0.034,3.0
26,-2.471,0.471,1.510,0.488,0.032,0.033,3.0
27,-2.469,0.469,1.504,0.457,0.021,0.022,3.0
28,-2.466,0.466,1.503,0.423,0.007,0.009,3.0
29,-2.463,0.463,1.502,0.390,-0.005,-0.004,3.0
30,-2.461,0.461,1.501,0.361,-0.013,-0.011,3.0
31,-2.458,0.458,1.500,0.340,-0.015,-0.013,3.0
32,-2.456,0.455,1.499,0.329,-0.012,-0.010,3.0
33,-2.453,0.453,1.499,0.327,-0.007,-0.005,3.0
34,-2.451,0.450,1.498,0.335,-0.001,0.000,3.0
35,-2.448,0.447,1.498,0.352,0.002,0.004,3.0
36,-2.446,0.445,1.497,0.377,0.004,0.005,3.0
37,-2.443,0.442,1.497,0.409,0.003,0.004,3.0
38,-2.441,0.440,1.496,0.447,0.001,0.002,3.0
39,-2.438,0.437,1.496,0.491,-0.002,-0.000,3.0
40,-2.435,0.434,1.495,0.538,-0.004,-0.002,3.0
41,-2.433,0.432,1.495,0.587,-0.005,-0.003,3.0
42,-2.430,0.429,1.495,0.637,-0.005,-0.003,3.0
43,-2.428,0.426,1.494,0.687,-0.004,-0.002,3.0
44,-2.425,0.424,1.494,0.735,-0.003,-0.001,3.0
45,-2.423,0.421,1.494,0.782,-0.002,-0.000,3.0
46,-2.420,0.418,1.494,0.827,-0.002,0.000,3.0
47,-2.418,0.416,1.494,0.868,-0.001,0.000,3.0
48,-2.415,0.413,1.493,0.905,-0.002,-0.000,3.0
49,-2.413,0.410,1.493,0.926,-0.002,-0.000,3.0
50,-2.410,0.408,1.493,0.941,-0.002,-0.001,3.0
51,-2.408,0.405,1.493,0.951,-0.003,-0.001,3.0
52,-2.405,0.402,1.493,0.958,-0.003,-0.001,3.0
53,-2.403,0.399,1.493,0.981,-0.003,-0.001,3.0
54,-2.400,0.397,1.493,1.007,-0.003,-0.001,3.0
55,-2.398,0.394,1.492,1.035,-0.003,-0.001,3.0
56,-2.395,0.391,1.492,1.065,-0.002,-0.000,3.0
57,-2.393,0.389,1.492,1.097,-0.002,-0.001,3.0
58,-2.390,0.386,1.492,1.125,-0.002,-0.001,3.0
59,-2.388,0.383,1.492,1.129,-0.000,-0.001,3.0
60,-2.385,0.381,1.492,1.125,0.002,-0.001,3.0
61,-2.383,0.378,1.492,1.114,0.003,-0.001,3.0
62,-2.380,0.375,1.492,1.101,0.002,-0.001,3.0
63,-2.378,0.372,1.492,1.086,0.001,-0.002,3.0
64,-2.375,0.370,1.492,1.071,-0.000,-0.001,3.0
65,-2.373,0.367,1.492,1.058,-0.002,-0.002,3.0
66,-2.370,0.364,1.492,1.045,-0.002,-0.002,3.0
67,-2.368,0.362,1.492,1.046,-0.003,-0.001,3.0
68,-2.365,0.359,1.492,1.053,-0.003,-0.002,3.0
69,-2.363,0.356,1.492,1.066,-0.002,-0.002,3.0
70,-2.360,0.354,1.492,1.084,-0.002,-0.002,3.0
71,-2.358,0.351,1.492,1.107,-0.002,-0.001,3.0
72,-2.355,0.348,1.492,1.135,-0.002,-0.001,3.0
73,-2.353,0.345,1.492,1.166,-0.002,-0.001,3.0
74,-2.350,0.343,1.492,1.200,-0.002,-0.001,3.0
75,-2.348,0.340,1.492,1.235,-0.002,-0.001,3.0
76,-2.345,0.337,1.492,1.272,-0.002,-0.001,3.0
77,-2.343,0.335,1.492,1.308,-0.002,-0.001,3.0
78,-2.340,0.332,1.492,1.344,-0.002,-0.001,3.0
79,-2.338,0.329,1.492,1.378,-0.002,-0.001,3.0
80,-2.335,0.327,1.492,1.409,-0.002,-0.001,3.0
81,-2.333,0.324,1.492,1.438,-0.002,-0.001,3.0
82,-2.331,0.321,1.492,1.465,-0.002,-0.001,3.0
83,-2.328,0.318,1.492,1.497,-0.002,-0.001,3.0
84,-2.326,0.316,1.492,1.497,-0.001,-0.001,3.0
85,-2.323,0.313,1.492,1.490,0.001,-0.001,3.0
86,-2.321,0.310,1.492,1.477,0.001,-0.001,3.0
87,-2.318,0.308,1.492,1.458,0.001,-0.001,3.0
88,-2.316,0.305,1.492,1.436,0.000,-0.002,3.0
89,-2.313,0.302,1.492,1.418,-0.001,-0.002,3.0
90,-2.311,0.299,1.492,1.396,-0.003,-0.001,3.0
91,-2.308,0.297,1.492,1.372,-0.004,-0.001,3.0
92,-2.306,0.294,1.492,1.347,-0.004,-0.001,3.0
93,-2.303,0.291,1.492,1.346,-0.004,-0.001,3.0
94,-2.301,0.289,1.492,1.351,-0.003,-0.001,3.0
95,-2.298,0.286,1.492,1.362,-0.002,-0.002,3.0
96,-2.296,0.283,1.492,1.379,-0.001,-0.002,3.0
97,-2.293,0.280,1.492,1.397,-0.000,-0.002,3.0
98,-2.291,0.278,1.492,1.417,0.001,-0.002,3.0
99,-2.289,0.275,1.492,1.235,0.007,-0.016,3.0
100,-2.286,0.272,1.492,0.978,0.012,-0.025,3.0
101,-2.284,0.270,1.492,0.647,0.013,-0.028,3.0
102,-2.281,0.267,1.492,0.284,0.011,-0.024,3.0
103,-2.278,0.265,1.492,-0.089,0.008,-0.018,3.0
104,-2.276,0.262,1.492,-0.447,0.005,-0.011,3.0
105,-2.273,0.260,1.492,-0.771,0.003,-0.006,3.0
106,-2.270,0.258,1.492,-1.045,0.003,-0.004,3.0
107,-2.268,0.256,1.492,-1.259,0.003,-0.003,3.0
108,-2.265,0.253,1.492,-1.402,0.004,-0.004,3.0
109,-2.262,0.251,1.492,-1.474,0.004,-0.005,3.0
110,-2.259,0.249,1.492,-1.474,0.004,-0.006,3.0
111,-2.257,0.246,1.492,-1.407,0.003,-0.006,3.0
112,-2.254,0.244,1.492,-1.282,0.001,-0.005,3.0
113,-2.251,0.242,1.492,-1.108,-0.001,-0.004,3.0
114,-2.248,0.240,1.492,-0.898,-0.002,-0.002,3.0
115,-2.245,0.238,1.492,-0.663,-0.004,-0.001,3.0
116,-2.242,0.235,1.492,-0.418,-0.007,-0.001,3.0
117,-2.240,0.233,1.492,-0.175,-0.009,-0.001,3.0
118,-2.237,0.231,1.492,0.053,-0.012,-0.001,3.0
119,-2.234,0.229,1.492,0.257,-0.013,-0.002,3.0
120,-2.231,0.227,1.492,0.429,-0.013,-0.003,3.0
121,-2.229,0.224,1.492,0.566,-0.012,-0.004,3.0
122,-2.226,0.222,1.492,0.662,-0.010,-0.004,3.0
123,-2.224,0.220,1.492,0.716,-0.008,-0.004,3.0
124,-2.221,0.218,1.492,0.731,-0.007,-0.004,3.0
125,-2.219,0.216,1.492,0.708,-0.007,-0.005,3.0
126,-2.216,0.214,1.492,0.653,-0.007,-0.005,3.0
127,-2.214,0.211,1.492,0.571,-0.008,-0.006,3.0
128,-2.211,0.209,1.492,0.470,-0.009,-0.006,3.0
129,-2.209,0.207,1.492,0.354,-0.009,-0.007,3.0
130,-2.206,0.205,1.492,0.233,-0.009,-0.008,3.0
131,-2.204,0.203,1.492,0.111,-0.009,-0.008,3.0
132,-2.201,0.201,1.492,-0.004,-0.009,-0.008,3.0
133,-2.199,0.199,1.492,-0.109,-0.008,-0.008,3.0
134,-2.197,0.197,1.492,-0.198,-0.008,-0.008,3.0
135,-2.194,0.195,1.492,-0.270,-0.009,-0.008,3.0
136,-2.192,0.193,1.492,-0.319,-0.009,-0.008,3.0
137,-2.190,0.191,1.492,-0.346,-0.009,-0.008,3.0
138,-2.188,0.189,1.492,-0.350,-0.009,-0.008,3.0
139,-2.186,0.187,1.492,-0.333,-0.009,-0.008,3.0
140,-2.183,0.186,1.492,-0.299,-0.008,-0.007,3.0
141,-2.181,0.184,1.492,-0.248,-0.008,-0.006,3.0
142,-2.179,0.182,1.492,-0.185,-0.008,-0.006,3.0
143,-2.177,0.180,1.492,-0.112,-0.008,-0.005,3.0
144,-2.175,0.178,1.492,-0.035,-0.008,-0.005,3.0
145,-2.173,0.177,1.492,0.045,-0.008,-0.004,3.0
146,-2.171,0.175,1.492,0.124,-0.009,-0.004,3.0
147,-2.169,0.173,1.492,0.197,-0.009,-0.003,3.0
148,-2.167,0.172,1.492,0.263,-0.008,-0.003,3.0
149,-2.165,0.170,1.492,0.320,-0.007,-0.004,3.0
150,-2.163,0.168,1.492,0.368,-0.007,-0.005,3.0
151,-2.161,0.166,1.492,0.401,-0.006,-0.006,3.0
152,-2.159,0.165,1.492,0.422,-0.007,-0.006,3.0
153,-2.157,0.163,1.492,0.431,-0.007,-0.005,3.0
154,-2.156,0.161,1.492,0.430,-0.007,-0.004,3.0
155,-2.154,0.160,1.492,0.421,-0.007,-0.004,3.0
156,-2.152,0.158,1.492,0.404,-0.007,-0.004,3.0
157,-2.150,0.157,1.492,0.381,-0.007,-0.005,3.0
158,-2.149,0.155,1.492,0.356,-0.007,-0.005,3.0
159,-2.147,0.153,1.492,0.331,-0.007,-0.005,3.0
160,-2.145,0.152,1.492,0.306,-0.006,-0.005,3.0
161,-2.143,0.150,1.492,0.285,-0.007,-0.005,3.0
162,-2.142,0.149,1.492,0.269,-0.007,-0.005,3.0
163,-2.140,0.147,1.492,0.389,-0.011,0.004,3.0
164,-2.138,0.146,1.492,0.561,-0.014,0.011,3.0
165,-2.137,0.144,1.492,0.783,-0.014,0.013,3.0
166,-2.135,0.143,1.492,1.026,-0.013,0.012,3.0
167,-2.134,0.141,1.492,1.275,-0.011,0.009,3.0
168,-2.132,0.139,1.492,1.513,-0.009,0.006,3.0
169,-2.131,0.137,1.492,1.653,-0.002,0.000,3.0
170,-2.130,0.136,1.492,1.729,0.003,-0.004,3.0
171,-2.128,0.134,1.492,1.736,0.003,-0.007,3.0
172,-2.127,0.132,1.492,1.684,0.002,-0.009,3.0
173,-2.125,0.131,1.492,1.583,-0.001,-0.009,3.0
174,-2.124,0.129,1.492,1.440,-0.004,-0.009,3.0
175,-2.122,0.127,1.492,1.268,-0.005,-0.009,3.0
176,-2.121,0.126,1.492,1.078,-0.006,-0.009,3.0
177,-2.119,0.124,1.492,0.879,-0.007,-0.010,3.0
178,-2.118,0.123,1.492,0.684,-0.006,-0.010,3.0
179,-2.117,0.121,1.492,0.502,-0.006,-0.011,3.0
180,-2.115,0.120,1.492,0.341,-0.005,-0.011,3.0
181,-2.114,0.118,1.492,0.207,-0.005,-0.011,3.0
182,-2.113,0.117,1.492,0.107,-0.004,-0.010,3.0
183,-2.111,0.115,1.492,0.040,-0.004,-0.010,3.0
184,-2.110,0.114,1.492,0.007,-0.004,-0.009,3.0
185,-2.109,0.113,1.492,0.007,-0.004,-0.007,3.0
186,-2.108,0.111,1.492,0.037,-0.005,-0.006,3.0
187,-2.106,0.110,1.492,0.093,-0.005,-0.005,3.0
188,-2.105,0.109,1.492,0.169,-0.006,-0.004,3.0
189,-2.104,0.108,1.492,0.261,-0.006,-0.004,3.0
190,-2.103,0.106,1.492,0.362,-0.005,-0.004,3.0
191,-2.101,0.105,1.492,0.466,-0.004,-0.004,3.0
192,-2.100,0.104,1.492,0.569,-0.004,-0.004,3.0
193,-2.099,0.103,1.492,0.665,-0.004,-0.003,3.0
194,-2.098,0.102,1.492,0.750,-0.003,-0.003,3.0
195,-2.097,0.100,1.492,0.820,-0.003,-0.002,3.0
196,-2.096,0.099,1.492,0.863,-0.003,-0.003,3.0
197,-2.095,0.098,1.492,0.892,-0.003,-0.002,3.0
198,-2.093,0.097,1.492,0.905,-0.004,-0.002,3.0
199,-2.092,0.096,1.492,0.901,-0.005,-0.003,3.0
200,-2.091,0.095,1.492,0.940,-0.005,-0.004,3.0
201,-2.090,0.093,1.492,0.922,-0.005,-0.004,3.0
202,-2.089,0.092,1.492,0.889,-0.005,-0.005,3.0
203,-2.088,0.091,1.492,0.840,-0.004,-0.005,3.0
204,-2.087,0.090,1.492,0.781,-0.004,-0.005,3.0
205,-2.086,0.089,1.492,0.732,-0.006,-0.005,3.0
206,-2.085,0.088,1.492,0.690,-0.007,-0.006,3.0
207,-2.084,0.087,1.492,0.658,-0.007,-0.005,3.0
208,-2.083,0.086,1.492,0.638,-0.007,-0.004,3.0
209,-2.082,0.085,1.492,0.631,-0.006,-0.003,3.0
210,-2.081,0.084,1.492,0.635,-0.005,-0.002,3.0
211,-2.080,0.083,1.492,0.652,-0.004,-0.001,3.0
212,-2.079,0.082,1.492,0.679,-0.004,-0.001,3.0
213,-2.079,0.081,1.492,0.715,-0.004,-0.001,3.0
214,-2.078,0.080,1.492,0.758,-0.004,-0.001,3.0
215,-2.077,0.079,1.492,0.806,-0.004,-0.001,3.0
216,-2.076,0.078,1.492,0.856,-0.004,-0.001,3.0
217,-2.075,0.077,1.492,0.907,-0.004,-0.001,3.0
218,-2.074,0.076,1.492,0.956,-0.004,-0.001,3.0
219,-2.074,0.075,1.492,1.003,-0.004,-0.001,3.0
220,-2.073,0.074,1.492,1.045,-0.004,-0.001,3.0
221,-2.072,0.073,1.492,1.082,-0.004,-0.001,3.0
222,-2.071,0.072,1.492,1.112,-0.004,-0.001,3.0
223,-2.070,0.071,1.492,1.136,-0.004,-0.002,3.0
224,-2.070,0.070,1.492,1.155,-0.004,-0.002,3.0
225,-2.069,0.069,1.492,1.167,-0.004,-0.002,3.0
226,-2.068,0.068,1.492,1.175,-0.004,-0.002,3.0
227,-2.068,0.067,1.492,1.178,-0.003,-0.002,3.0
228,-2.067,0.066,1.492,1.178,-0.003,-0.002,3.0
229,-2.066,0.065,1.492,1.175,-0.003,-0.002,3.0
230,-2.065,0.064,1.492,1.170,-0.003,-0.002,3.0
231,-2.065,0.063,1.492,1.164,-0.003,-0.002,3.0
232,-2.064,0.062,1.492,1.157,-0.003,-0.002,3.0
233,-2.063,0.061,1.492,1.151,-0.003,-0.002,3.0
234,-2.063,0.060,1.492,1.146,-0.003,-0.002,3.0
235,-2.062,0.059,1.492,1.142,-0.003,-0.002,3.0
236,-2.062,0.058,1.492,1.138,-0.003,-0.002,3.0
237,-2.061,0.058,1.492,1.040,0.003,-0.006,3.0
238,-2.060,0.057,1.492,0.906,0.006,-0.010,3.0
239,-2.060,0.056,1.492,0.737,0.006,-0.012,3.0
240,-2.059,0.055,1.492,0.552,0.004,-0.013,3.0
241,-2.058,0.054,1.492,0.363,0.002,-0.012,3.0
242,-2.058,0.053,1.492,0.182,-0.001,-0.012,3.0
243,-2.057,0.053,1.492,0.017,-0.003,-0.010,3.0
244,-2.056,0.052,1.492,-0.123,-0.004,-0.009,3.0
245,-2.056,0.051,1.492,-0.236,-0.004,-0.009,3.0
246,-2.055,0.051,1.492,-0.312,-0.003,-0.008,3.0
247,-2.054,0.050,1.492,-0.352,-0.002,-0.007,3.0
248,-2.054,0.050,1.492,-0.358,-0.001,-0.006,3.0
249,-2.053,0.049,1.492,-0.331,-0.001,-0.004,3.0
250,-2.052,0.049,1.492,-0.275,-0.001,-0.003,3.0
251,-2.052,0.048,1.492,-0.197,-0.002,-0.002,3.0
252,-2.051,0.048,1.492,-0.101,-0.003,-0.001,3.0
253,-2.051,0.047,1.492,0.006,-0.004,-0.001,3.0
254,-2.050,0.047,1.492,0.119,-0.004,-0.000,3.0
255,-2.049,0.046,1.492,0.230,-0.004,-0.000,3.0
256,-2.049,0.046,1.492,0.336,-0.003,0.000,3.0
257,-2.048,0.045,1.492,0.430,-0.002,0.000,3.0
258,-2.048,0.045,1.492,0.510,-0.002,0.000,3.0
259,-2.047,0.044,1.492,0.573,-0.001,0.001,3.0
260,-2.047,0.044,1.492,0.615,-0.001,0.000,3.0
261,-2.046,0.043,1.492,0.637,-0.001,-0.000,3.0
262,-2.046,0.043,1.492,0.640,-0.001,-0.000,3.0
263,-2.045,0.042,1.492,0.623,-0.002,-0.001,3.0
264,-2.044,0.042,1.492,0.590,-0.003,-0.001,3.0
265,-2.044,0.041,1.492,0.543,-0.003,-0.002,3.0
266,-2.043,0.041,1.492,0.485,-0.003,-0.002,3.0
267,-2.043,0.040,1.492,0.419,-0.003,-0.002,3.0
268,-2.042,0.040,1.492,0.350,-0.002,-0.003,3.0
269,-2.042,0.039,1.492,0.280,-0.001,-0.003,3.0
270,-2.041,0.039,1.492,0.213,-0.001,-0.003,3.0
271,-2.041,0.038,1.492,0.150,-0.001,-0.003,3.0
272,-2.040,0.038,1.492,0.096,-0.001,-0.003,3.0
273,-2.040,0.037,1.492,0.049,-0.002,-0.003,3.0
274,-2.040,0.037,1.492,0.015,-0.002,-0.003,3.0
275,-2.039,0.036,1.492,-0.009,-0.002,-0.003,3.0
276,-2.039,0.036,1.492,-0.022,-0.002,-0.002,3.0
277,-2.038,0.036,1.492,-0.025,-0.002,-0.002,3.0
278,-2.038,0.035,1.492,-0.018,-0.002,-0.002,3.0
279,-2.037,0.035,1.492,-0.003,-0.002,-0.002,3.0
280,-2.037,0.034,1.492,0.019,-0.001,-0.002,3.0
281,-2.036,0.034,1.492,0.047,-0.001,-0.002,3.0
282,-2.036,0.034,1.492,0.077,-0.001,-0.001,3.0
283,-2.036,0.033,1.492,0.109,-0.001,-0.001,3.0
284,-2.035,0.033,1.492,0.139,-0.001,-0.001,3.0
285,-2.035,0.032,1.492,0.167,-0.002,-0.001,3.0
286,-2.034,0.032,1.492,0.191,-0.002,-0.001,3.0
287,-2.034,0.032,1.492,0.210,-0.002,-0.001,3.0
288,-2.034,0.031,1.492,0.331,-0.008,0.003,3.0
289,-2.033,0.031,1.492,0.485,-0.012,0.006,3.0
290,-2.033,0.031,1.492,0.669,-0.011,0.008,3.0
291,-2.033,0.030,1.492,0.861,-0.008,0.009,3.0
292,-2.032,0.030,1.492,1.048,-0.005,0.008,3.0
293,-2.032,0.029,1.492,1.218,-0.002,0.008,3.0
294,-2.032,0.029,1.492,1.362,0.000,0.006,3.0
295,-2.031,0.028,1.492,1.472,0.001,0.005,3.0
296,-2.031,0.028,1.492,1.544,0.001,0.003,3.0
297,-2.031,0.027,1.492,1.575,0.000,0.002,3.0
298,-2.031,0.026,1.492,1.566,-0.000,0.001,3.0
299,-2.030,0.026,1.492,1.517,-0.001,-0.001,3.0
300,-2.030,0.025,1.492,1.348,0.004,-0.005,3.0
301,-2.030,0.025,1.492,1.120,0.007,-0.009,3.0
302,-2.030,0.024,1.492,0.840,0.006,-0.012,3.0
303,-2.029,0.024,1.492,0.536,0.004,-0.013,3.0
304,-2.029,0.023,1.492,0.224,0.002,-0.013,3.0
305,-2.029,0.023,1.492,-0.076,-0.000,-0.013,3.0
306,-2.028,0.022,1.492,-0.350,-0.001,-0.012,3.0
307,-2.028,0.022,1.492,-0.586,-0.002,-0.011,3.0
308,-2.028,0.022,1.492,-0.776,-0.002,-0.010,3.0
309,-2.027,0.022,1.492,-0.911,-0.002,-0.009,3.0
310,-2.027,0.021,1.492,-0.991,-0.002,-0.007,3.0
311,-2.027,0.021,1.492,-1.016,-0.002,-0.006,3.0
312,-2.026,0.021,1.492,-0.987,-0.002,-0.004,3.0
313,-2.026,0.021,1.492,-0.912,-0.001,-0.003,3.0
314,-2.026,0.021,1.492,-0.797,-0.001,-0.001,3.0
315,-2.026,0.020,1.492,-0.651,-0.000,-0.000,3.0
316,-2.025,0.020,1.492,-0.484,-0.000,0.001,3.0
317,-2.025,0.020,1.492,-0.306,-0.001,0.002,3.0
318,-2.025,0.020,1.492,-0.125,-0.001,0.002,3.0
319,-2.024,0.020,1.492,0.048,-0.002,0.003,3.0
320,-2.024,0.020,1.492,0.206,-0.002,0.003,3.0
321,-2.024,0.020,1.492,0.343,-0.002,0.003,3.0
322,-2.024,0.019,1.492,0.455,-0.001,0.003,3.0
323,-2.023,0.019,1.492,0.536,-0.001,0.002,3.0
324,-2.023,0.019,1.492,0.587,-0.001,0.002,3.0
325,-2.023,0.019,1.492,0.607,-0.001,0.001,3.0
326,-2.023,0.018,1.492,0.598,-0.001,0.001,3.0
327,-2.022,0.018,1.492,0.563,-0.001,0.000,3.0
328,-2.022,0.018,1.492,0.505,-0.001,-0.000,3.0
329,-2.022,0.018,1.492,0.429,-0.001,-0.001,3.0
330,-2.022,0.018,1.492,0.340,-0.001,-0.001,3.0
331,-2.021,0.017,1.492,0.243,-0.001,-0.002,3.0
332,-2.021,0.017,1.492,0.144,-0.001,-0.002,3.0
333,-2.021,0.017,1.492,0.047,-0.001,-0.002,3.0
334,-2.021,0.017,1.492,-0.044,-0.001,-0.002,3.0
335,-2.020,0.016,1.492,-0.125,-0.001,-0.002,3.0
336,-2.020,0.016,1.492,-0.193,-0.001,-0.002,3.0
337,-2.020,0.016,1.492,-0.248,-0.001,-0.002,3.0
338,-2.020,0.016,1.492,-0.286,-0.001,-0.002,3.0
339,-2.020,0.016,1.492,-0.309,-0.001,-0.002,3.0
340,-2.019,0.016,1.492,-0.316,-0.001,-0.001,3.0
341,-2.019,0.015,1.492,-0.309,-0.001,-0.001,3.0
342,-2.019,0.015,1.492,-0.290,-0.001,-0.001,3.0
343,-2.019,0.015,1.492,-0.261,-0.001,-0.001,3.0
344,-2.018,0.015,1.492,-0.223,-0.001,-0.001,3.0
345,-2.018,0.015,1.492,-0.181,-0.001,-0.001,3.0
346,-2.018,0.015,1.492,-0.135,-0.001,-0.000,3.0
347,-2.018,0.014,1.492,-0.090,-0.001,-0.000,3.0
348,-2.018,0.014,1.492,-0.046,-0.001,-0.000,3.0
349,-2.017,0.014,1.492,-0.006,-0.001,-0.000,3.0
350,-2.017,0.014,1.492,0.029,-0.001,-0.000,3.0
351,-2.017,0.014,1.492,0.058,-0.001,-0.000,3.0
352,-2.017,0.014,1.492,0.079,-0.001,-0.000,3.0
353,-2.017,0.014,1.492,0.092,-0.001,-0.000,3.0
354,-2.017,0.013,1.492,0.098,-0.001,-0.000,3.0
355,-2.016,0.013,1.492,0.097,-0.001,-0.000,3.0
356,-2.016,0.013,1.492,0.089,-0.001,-0.000,3.0
357,-2.016,0.013,1.492,0.076,-0.001,-0.000,3.0
358,-2.016,0.013,1.492,0.059,-0.001,-0.000,3.0
359,-2.016,0.013,1.492,0.038,-0.001,-0.001,3.0
360,-2.016,0.013,1.492,0.015,-0.001,-0.001,3.0
361,-2.015,0.012,1.492,-0.009,-0.001,-0.001,3.0
362,-2.015,0.012,1.492,-0.033,-0.001,-0.001,3.0
363,-2.015,0.012,1.492,-0.055,-0.001,-0.001,3.0
364,-2.015,0.012,1.492,-0.076,-0.001,-0.001,3.0
365,-2.015,0.012,1.492,-0.094,-0.001,-0.001,3.0
366,-2.015,0.012,1.492,-0.108,-0.001,-0.001,3.0
367,-2.014,0.012,1.492,-0.119,-0.001,-0.001,3.0
368,-2.014,0.012,1.492,-0.127,-0.001,-0.001,3.0
369,-2.014,0.011,1.492,-0.131,-0.001,-0.001,3.0
370,-2.014,0.011,1.492,-0.132,-0.001,-0.001,3.0
371,-2.014,0.011,1.492,-0.130,-0.001,-0.001,3.0
372,-2.014,0.011,1.492,-0.125,-0.001,-0.001,3.0
373,-2.013,0.011,1.492,-0.118,-0.001,-0.000,3.0
374,-2.013,0.011,1.492,-0.110,-0.001,-0.000,3.0
375,-2.013,0.011,1.492,-0.101,-0.001,-0.000,3.0
376,-2.013,0.011,1.492,-0.092,-0.001,-0.000,3.0
377,-2.013,0.010,1.492,-0.083,-0.001,-0.000,3.0
378,-2.013,0.010,1.492,-0.074,-0.001,-0.000,3.0
379,-2.013,0.010,1.492,-0.067,-0.001,-0.000,3.0
380,-2.013,0.010,1.492,-0.060,-0.001,-0.000,3.0
381,-2.012,0.010,1.492,-0.055,-0.001,-0.000,3.0
382,-2.012,0.010,1.492,-0.052,-0.001,-0.000,3.0
383,-2.012,0.010,1.492,-0.050,-0.001,-0.000,3.0
384,-2.012,0.010,1.492,-0.050,-0.000,-0.000,3.0
385,-2.012,0.010,1.492,-0.051,-0.000,-0.000,3.0
386,-2.012,0.010,1.492,-0.053,-0.000,-0.000,3.0
387,-2.012,0.009,1.492,-0.056,-0.000,-0.000,3.0
388,-2.012,0.009,1.492,-0.061,-0.000,-0.000,3.0
389,-2.011,0.009,1.492,-0.065,-0.000,-0.000,3.0
390,-2.011,0.009,1.492,-0.070,-0.000,-0.000,3.0
391,-2.011,0.009,1.492,-0.075,-0.000,-0.000,3.0
392,-2.011,0.009,1.492,-0.080,-0.000,-0.000,3.0
393,-2.011,0.009,1.492,-0.085,-0.000,-0.000,3.0
394,-2.011,0.009,1.492,-0.089,-0.000,-0.000,3.0
395,-2.011,0.009,1.492,-0.093,-0.000,-0.000,3.0
396,-2.011,0.009,1.492,-0.096,-0.000,-0.000,3.0
397,-2.010,0.009,1.492,-0.098,-0.000,-0.000,3.0
398,-2.010,0.008,1.492,-0.099,-0.000,-0.000,3.0
399,-2.010,0.008,1.492,-0.100,-0.000,-0.000,3.0
400,-2.010,0.008,1.492,-0.100,-0.000,-0.000,3.0
401,-2.010,0.008,1.492,-0.100,-0.000,-0.000,3.0
402,-2.010,0.008,1.492,-0.099,-0.000,-0.000,3.0
403,-2.010,0.008,1.492,-0.097,-0.000,-0.000,3.0
404,-2.010,0.008,1.492,-0.096,-0.000,-0.000,3.0
405,-2.010,0.008,1.492,-0.094,-0.000,-0.000,3.0
406,-2.010,0.008,1.492,-0.092,-0.000,-0.000,3.0
407,-2.009,0.008,1.492,-0.091,-0.000,-0.000,3.0
408,-2.009,0.008,1.492,-0.089,-0.000,-0.000,3.0
409,-2.009,0.008,1.492,-0.088,-0.000,-0.000,3.0
410,-2.009,0.007,1.492,-0.087,-0.000,-0.000,3.0
411,-2.009,0.007,1.492,-0.086,-0.000,-0.000,3.0
412,-2.009,0.007,1.492,-0.086,-0.000,-0.000,3.0
413,-2.009,0.007,1.492,-0.085,-0.000,-0.000,3.0
414,-2.009,0.007,1.492,-0.086,-0.000,-0.000,3.0
415,-2.009,0.007,1.492,-0.086,-0.000,-0.000,3.0
416,-2.009,0.007,1.492,-0.086,-0.000,-0.000,3.0
417,-2.009,0.007,1.492,-0.087,-0.000,-0.000,3.0
418,-2.008,0.007,1.492,-0.088,-0.000,-0.000,3.0
419,-2.008,0.007,1.492,-0.089,-0.000,-0.000,3.0
420,-2.008,0.007,1.492,-0.090,-0.000,-0.000,3.0
421,-2.008,0.007,1.492,-0.091,-0.000,-0.000,3.0
422,-2.008,0.007,1.492,-0.092,-0.000,-0.000,3.0
423,-2.008,0.007,1.492,-0.092,-0.000,-0.000,3.0
424,-2.008,0.006,1.492,-0.093,-0.000,-0.000,3.0
425,-2.008,0.006,1.492,-0.094,-0.000,-0.000,3.0
426,-2.008,0.006,1.492,-0.094,-0.000,-0.000,3.0
427,-2.008,0.006,1.492,-0.094,-0.000,-0.000,3.0
428,-2.008,0.006,1.492,-0.094,-0.000,-0.000,3.0
429,-2.008,0.006,1.492,-0.094,-0.000,-0.000,3.0
430,-2.007,0.006,1.492,-0.094,-0.000,-0.000,3.0
431,-2.007,0.006,1.492,-0.094,-0.000,-0.000,3.0
432,-2.007,0.006,1.492,-0.093,-0.000,-0.000,3.0
433,-2.007,0.006,1.492,-0.093,-0.000,-0.000,3.0
434,-2.007,0.006,1.492,-0.092,-0.000,-0.000,3.0
435,-2.007,0.006,1.492,-0.092,-0.000,-0.000,3.0
436,-2.007,0.006,1.492,-0.091,-0.000,-0.000,3.0
437,-2.007,0.006,1.492,-0.091,-0.000,-0.000,3.0
438,-2.007,0.006,1.492,-0.090,-0.000,-0.000,3.0
439,-2.007,0.006,1.492,-0.089,-0.000,-0.000,3.0
440,-2.007,0.006,1.492,-0.089,-0.000,-0.000,3.0
441,-2.007,0.005,1.492,-0.089,-0.000,-0.000,3.0
442,-2.007,0.005,1.492,-0.088,-0.000,-0.000,3.0
443,-2.007,0.005,1.492,-0.088,-0.000,-0.000,3.0
444,-2.007,0.005,1.492,-0.088,-0.000,-0.000,3.0
445,-2.006,0.005,1.492,-0.088,-0.000,-0.000,3.0
446,-2.006,0.005,1.492,-0.088,-0.000,-0.000,3.0
447,-2.006,0.005,1.492,-0.087,-0.000,-0.000,3.0
448,-2.006,0.005,1.492,-0.087,-0.000,-0.000,3.0
449,-2.006,0.005,1.492,-0.087,-0.000,-0.000,3.0
450,-2.006,0.005,1.492,-0.087,-0.000,-0.000,3.0
451,-2.006,0.005,1.492,-0.087,-0.000,-0.000,3.0
452,-2.006,0.005,1.492,-0.087,-0.000,-0.000,3.0
453,-2.006,0.005,1.492,-0.087,-0.000,-0.000,3.0
454,-2.006,0.005,1.492,-0.087,-0.000,-0.000,3.0
455,-2.006,0.005,1.492,-0.087,-0.000,-0.000,3.0
456,-2.006,0.005,1.492,-0.086,-0.000,-0.000,3.0
457,-2.006,0.005,1.492,-0.086,-0.000,-0.000,3.0
458,-2.006,0.005,1.492,-0.086,-0.000,-0.000,3.0
459,-2.006,0.005,1.492,-0.085,-0.000,-0.000,3.0
460,-2.006,0.005,1.492,-0.085,-0.000,-0.000,3.0
461,-2.006,0.004,1.492,-0.085,-0.000,-0.000,3.0
462,-2.005,0.004,1.492,-0.084,-0.000,-0.000,3.0
463,-2.005,0.004,1.492,-0.084,-0.000,-0.000,3.0
464,-2.005,0.004,1.492,-0.083,-0.000,-0.000,3.0
465,-2.005,0.004,1.492,-0.083,-0.000,-0.000,3.0
466,-2.005,0.004,1.492,-0.082,-0.000,-0.000,3.0
467,-2.005,0.004,1.492,-0.082,-0.000,-0.000,3.0
468,-2.005,0.004,1.492,-0.082,-0.000,-0.000,3.0
469,-2.005,0.004,1.492,-0.081,-0.000,-0.000,3.0
470,-2.005,0.004,1.492,-0.081,-0.000,-0.000,3.0
471,-2.005,0.004,1.492,-0.080,-0.000,-0.000,3.0
472,-2.005,0.004,1.492,-0.080,-0.000,-0.000,3.0
473,-2.005,0.004,1.492,-0.079,-0.000,-0.000,3.0
474,-2.005,0.004,1.492,-0.079,-0.000,-0.000,3.0
475,-2.005,0.004,1.492,-0.079,-0.000,-0.000,3.0
476,-2.005,0.004,1.492,-0.078,-0.000,-0.000,3.0
477,-2.005,0.004,1.492,-0.078,-0.000,-0.000,3.0
478,-2.005,0.004,1.492,-0.078,-0.000,-0.000,3.0
479,-2.005,0.004,1.492,-0.077,-0.000,-0.000,3.0
480,-2.005,0.004,1.492,-0.077,-0.000,-0.000,3.0
481,-2.005,0.004,1.492,-0.077,-0.000,-0.000,3.0
482,-2.005,0.004,1.492,-0.076,-0.000,-0.000,3.0
483,-2.004,0.004,1.492,-0.076,-0.000,-0.000,3.0
484,-2.004,0.004,1.492,-0.075,-0.000,-0.000,3.0
485,-2.004,0.004,1.492,-0.075,-0.000,-0.000,3.0
486,-2.004,0.004,1.492,-0.074,-0.000,-0.000,3.0
487,-2.004,0.003,1.492,-0.074,-0.000,-0.000,3.0
488,-2.004,0.003,1.492,-0.074,-0.000,-0.000,3.0
489,-2.004,0.003,1.492,-0.073,-0.000,-0.000,3.0
490,-2.004,0.003,1.492,-0.073,-0.000,-0.000,3.0
491,-2.004,0.003,1.492,-0.072,-0.000,-0.000,3.0
492,-2.004,0.003,1.492,-0.072,-0.000,-0.000,3.0
493,-2.004,0.003,1.492,-0.071,-0.000,-0.000,3.0
494,-2.004,0.003,1.492,-0.071,-0.000,-0.000,3.0
495,-2.004,0.003,1.492,-0.070,-0.000,-0.000,3.0
496,-2.004,0.003,1.492,-0.070,-0.000,-0.000,3.0
497,-2.004,0.003,1.492,-0.069,-0.000,-0.000,3.0
498,-2.004,0.003,1.492,-0.069,-0.000,-0.000,3.0
499,-2.004,0.003,1.492,-0.069,-0.000,-0.000,3.0
500,-2.004,0.003,1.492,-0.068,-0.000,-0.000,3.0
501,-2.004,0.003,1.492,-0.068,-0.000,-0.000,3.0
502,-2.004,0.003,1.492,-0.067,-0.000,-0.000,3.0
503,-2.004,0.003,1.492,-0.067,-0.000,-0.000,3.0
504,-2.004,0.003,1.492,-0.066,-0.000,-0.000,3.0
505,-2.004,0.003,1.492,-0.066,-0.000,-0.000,3.0
506,-2.004,0.003,1.492,-0.065,-0.000,-0.000,3.0
507,-2.004,0.003,1.492,-0.065,-0.000,-0.000,3.0
508,-2.004,0.003,1.492,-0.064,-0.000,-0.000,3.0
509,-2.003,0.003,1.492,-0.064,-0.000,-0.000,3.0
510,-2.003,0.003,1.492,-0.063,-0.000,-0.000,3.0
511,-2.003,0.003,1.492,-0.063,-0.000,-0.000,3.0
512,-2.003,0.003,1.492,-0.062,-0.000,-0.000,3.0
513,-2.003,0.003,1.492,-0.062,-0.000,-0.000,3.0
514,-2.003,0.003,1.492,-0.061,-0.000,-0.000,3.0
515,-2.003,0.003,1.492,-0.061,-0.000,-0.000,3.0
516,-2.003,0.003,1.492,-0.060,-0.000,-0.000,3.0
517,-2.003,0.003,1.492,-0.060,-0.000,-0.000,3.0
518,-2.003,0.003,1.492,-0.059,-0.000,-0.000,3.0
519,-2.003,0.003,1.492,-0.059,-0.000,-0.000,3.0
520,-2.003,0.003,1.492,-0.058,-0.000,-0.000,3.0
521,-2.003,0.002,1.492,-0.058,-0.000,-0.000,3.0
522,-2.003,0.002,1.492,-0.057,-0.000,-0.000,3.0
523,-2.003,0.002,1.492,-0.057,-0.000,-0.000,3.0
524,-2.003,0.002,1.492,-0.056,-0.000,-0.000,3.0
525,-2.003,0.002,1.492,-0.056,-0.000,-0.000,3.0
526,-2.003,0.002,1.492,-0.055,-0.000,-0.000,3.0
527,-2.003,0.002,1.492,-0.055,-0.000,-0.000,3.0
528,-2.003,0.002,1.492,-0.054,-0.000,-0.000,3.0
529,-2.003,0.002,1.492,-0.054,-0.000,-0.000,3.0
530,-2.003,0.002,1.492,-0.053,-0.000,-0.000,3.0
531,-2.003,0.002,1.492,-0.053,-0.000,-0.000,3.0
532,-2.003,0.002,1.492,-0.052,-0.000,-0.000,3.0
533,-2.003,0.002,1.492,-0.052,-0.000,-0.000,3.0
534,-2.003,0.002,1.492,-0.051,-0.000,-0.000,3.0
535,-2.003,0.002,1.492,-0.051,-0.000,-0.000,3.0
536,-2.003,0.002,1.492,-0.050,-0.000,-0.000,3.0
537,-2.003,0.002,1.492,-0.050,-0.000,-0.000,3.0
538,-2.003,0.002,1.492,-0.049,-0.000,-0.000,3.0
539,-2.003,0.002,1.492,-0.049,-0.000,-0.000,3.0
540,-2.003,0.002,1.492,-0.048,-0.000,-0.000,3.0
541,-2.003,0.002,1.492,-0.048,-0.000,-0.000,3.0
542,-2.003,0.002,1.492,-0.047,-0.000,-0.000,3.0
543,-2.003,0.002,1.492,-0.047,-0.000,-0.000,3.0
544,-2.003,0.002,1.492,-0.046,-0.000,-0.000,3.0
545,-2.002,0.002,1.492,-0.046,-0.000,-0.000,3.0
546,-2.002,0.002,1.492,-0.045,-0.000,-0.000,3.0
547,-2.002,0.002,1.492,-0.045,-0.000,-0.000,3.0
548,-2.002,0.002,1.492,-0.044,-0.000,-0.000,3.0
549,-2.002,0.002,1.492,-0.044,-0.000,-0.000,3.0
550,-2.002,0.002,1.492,-0.043,-0.000,-0.000,3.0
551,-2.002,0.002,1.492,-0.043,-0.000,-0.000,3.0
552,-2.002,0.002,1.492,-0.042,-0.000,-0.000,3.0
553,-2.002,0.002,1.492,-0.042,-0.000,-0.000,3.0
554,-2.002,0.002,1.492,-0.041,-0.000,-0.000,3.0
555,-2.002,0.002,1.492,-0.041,-0.000,-0.000,3.0
556,-2.002,0.002,1.492,-0.040,-0.000,-0.000,3.0
557,-2.002,0.002,1.492,-0.040,-0.000,-0.000,3.0
558,-2.002,0.002,1.492,-0.039,-0.000,-0.000,3.0
559,-2.002,0.002,1.492,-0.039,-0.000,-0.000,3.0
560,-2.002,0.002,1.492,-0.038,-0.000,-0.000,3.0
561,-2.002,0.002,1.492,-0.038,-0.000,-0.000,3.0
562,-2.002,0.002,1.492,-0.037,-0.000,-0.000,3.0
563,-2.002,0.002,1.492,-0.037,-0.000,-0.000,3.0
564,-2.002,0.002,1.492,-0.037,-0.000,-0.000,3.0
565,-2.002,0.002,1.492,-0.036,-0.000,-0.000,3.0
566,-2.002,0.002,1.492,-0.036,-0.000,-0.000,3.0
567,-2.002,0.001,1.492,-0.035,-0.000,-0.000,3.0
568,-2.002,0.001,1.492,-0.035,-0.000,-0.000,3.0
569,-2.002,0.001,1.492,-0.034,-0.000,-0.000,3.0
570,-2.002,0.001,1.492,-0.034,-0.000,-0.000,3.0
571,-2.002,0.001,1.492,-0.033,-0.000,-0.000,3.0
572,-2.002,0.001,1.492,-0.033,-0.000,-0.000,3.0
573,-2.002,0.001,1.492,-0.032,-0.000,-0.000,3.0
574,-2.002,0.001,1.492,-0.032,-0.000,-0.000,3.0
575,-2.002,0.001,1.492,-0.031,-0.000,-0.000,3.0
576,-2.002,0.001,1.492,-0.031,-0.000,-0.000,3.0
577,-2.002,0.001,1.492,-0.030,-0.000,-0.000,3.0
578,-2.002,0.001,1.492,-0.030,-0.000,-0.000,3.0
579,-2.002,0.001,1.492,-0.029,-0.000,-0.000,3.0
580,-2.002,0.001,1.492,-0.029,-0.000,-0.000,3.0
581,-2.002,0.001,1.492,-0.028,-0.000,-0.000,3.0
582,-2.002,0.001,1.492,-0.028,-0.000,-0.000,3.0
583,-2.002,0.001,1.492,-0.027,-0.000,-0.000,3.0
584,-2.002,0.001,1.492,-0.027,-0.000,-0.000,3.0
585,-2.002,0.001,1.492,-0.027,-0.000,-0.000,3.0
586,-2.002,0.001,1.492,-0.026,-0.000,-0.000,3.0
587,-2.002,0.001,1.492,-0.026,-0.000,-0.000,3.0
588,-2.002,0.001,1.492,-0.025,-0.000,-0.000,3.0
589,-2.002,0.001,1.492,-0.025,-0.000,-0.000,3.0
590,-2.002,0.001,1.492,-0.024,-0.000,-0.000,3.0
591,-2.002,0.001,1.492,-0.024,-0.000,-0.000,3.0
592,-2.002,0.001,1.492,-0.023,-0.000,-0.000,3.0
593,-2.002,0.001,1.492,-0.023,-0.000,-0.000,3.0
594,-2.002,0.001,1.492,-0.022,-0.000,-0.000,3.0
595,-2.002,0.001,1.492,-0.022,-0.000,-0.000,3.0
596,-2.002,0.001,1.492,-0.022,-0.000,-0.000,3.0
597,-2.002,0.001,1.492,-0.021,-0.000,-0.000,3.0
598,-2.002,0.001,1.492,-0.021,-0.000,-0.000,3.0
599,-2.001,0.001,1.492,-0.020,-0.000,-0.000,3.0
600,-2.001,0.001,1.492,-0.020,-0.000,-0.000,3.0
601,-2.001,0.001,1.492,-0.019,-0.000,-0.000,3.0
602,-2.001,0.001,1.492,-0.019,-0.000,-0.000,3.0
603,-2.001,0.001,1.492,-0.019,-0.000,-0.000,3.0
604,-2.001,0.001,1.492,-0.018,-0.000,-0.000,3.0
605,-2.001,0.001,1.492,-0.018,-0.000,-0.000,3.0
606,-2.001,0.001,1.492,-0.017,-0.000,-0.000,3.0
607,-2.001,0.001,1.492,-0.017,-0.000,-0.000,3.0
608,-2.001,0.001,1.492,-0.016,-0.000,-0.000,3.0
609,-2.001,0.001,1.492,-0.016,-0.000,-0.000,3.0
610,-2.001,0.001,1.492,-0.016,-0.000,-0.000,3.0
611,-2.001,0.001,1.492,-0.015,-0.000,-0.000,3.0
612,-2.001,0.001,1.492,-0.015,-0.000,-0.000,3.0
613,-2.001,0.001,1.492,-0.014,-0.000,-0.000,3.0
614,-2.001,0.001,1.492,-0.014,-0.000,-0.000,3.0
615,-2.001,0.001,1.492,-0.014,-0.000,-0.000,3.0
616,-2.001,0.001,1.492,-0.013,-0.000,-0.000,3.0
617,-2.001,0.001,1.492,-0.013,-0.000,-0.000,3.0
618,-2.001,0.001,1.492,-0.012,-0.000,-0.000,3.0
619,-2.001,0.001,1.492,-0.012,-0.000,-0.000,3.0
620,-2.001,0.001,1.492,-0.012,-0.000,-0.000,3.0
621,-2.001,0.001,1.492,-0.011,-0.000,-0.000,3.0
622,-2.001,0.001,1.492,-0.011,-0.000,-0.000,3.0
623,-2.001,0.001,1.492,-0.010,-0.000,-0.000,3.0
624,-2.001,0.001,1.492,-0.010,-0.000,-0.000,3.0
625,-2.001,0.001,1.492,-0.010,-0.000,-0.000,3.0
626,-2.001,0.001,1.492,-0.009,-0.000,-0.000,3.0
627,-2.001,0.001,1.492,-0.009,-0.000,-0.000,3.0
628,-2.001,0.001,1.492,-0.008,-0.000,-0.000,3.0
629,-2.001,0.001,1.492,-0.008,-0.000,-0.000,3.0
630,-2.001,0.001,1.492,-0.008,-0.000,-0.000,3.0
631,-2.001,0.001,1.492,-0.007,-0.000,-0.000,3.0
632,-2.001,0.001,1.492,-0.007,-0.000,-0.000,3.0
633,-2.001,0.001,1.492,-0.007,-0.000,-0.000,3.0
634,-2.001,0.001,1.492,-0.006,-0.000,-0.000,3.0
635,-2.001,0.000,1.492,-0.006,-0.000,-0.000,3.0
636,-2.001,0.000,1.492,-0.006,-0.000,-0.000,3.0
637,-2.001,0.000,1.492,-0.005,-0.000,-0.000,3.0
638,-2.001,0.000,1.492,-0.005,-0.000,-0.000,3.0
639,-2.001,0.000,1.492,-0.004,-0.000,-0.000,3.0
640,-2.001,0.000,1.492,-0.004,-0.000,-0.000,3.0
641,-2.001,0.000,1.492,-0.004,-0.000,-0.000,3.0
642,-2.001,0.000,1.492,-0.003,-0.000,-0.000,3.0
643,-2.001,0.000,1.492,-0.003,-0.000,-0.000,3.0
644,-2.001,0.000,1.492,-0.003,-0.000,-0.000,3.0
645,-2.001,0.000,1.492,-0.002,-0.000,-0.000,3.0
646,-2.001,0.000,1.492,-0.002,-0.000,-0.000,3.0
647,-2.001,0.000,1.492,-0.002,-0.000,-0.000,3.0
648,-2.001,0.000,1.492,-0.001,-0.000,-0.000,3.0
649,-2.001,0.000,1.492,-0.001,-0.000,-0.000,3.0
650,-2.001,0.000,1.492,-0.001,-0.000,-0.000,3.0
651,-2.001,0.000,1.492,-0.000,-0.000,-0.000,3.0
652,-2.001,0.000,1.492,-0.000,-0.000,-0.000,3.0
653,-2.001,0.000,1.492,0.000,-0.000,-0.000,3.0
654,-2.001,0.000,1.492,0.001,-0.000,-0.000,3.0
655,-2.001,0.000,1.492,0.001,-0.000,-0.000,3.0
656,-2.001,0.000,1.492,0.001,-0.000,-0.000,3.0
657,-2.001,0.000,1.492,0.001,-0.000,-0.000,3.0
658,-2.001,0.000,1.492,0.002,-0.000,-0.000,3.0
659,-2.001,0.000,1.492,0.002,-0.000,-0.000,3.0
660,-2.001,0.000,1.492,0.002,-0.000,-0.000,3.0
661,-2.001,0.000,1.492,0.003,-0.000,-0.000,3.0
662,-2.001,0.000,1.492,0.003,-0.000,-0.000,3.0
663,-2.001,0.000,1.492,0.003,-0.000,-0.000,3.0
664,-2.001,0.000,1.492,0.004,-0.000,-0.000,3.0
665,-2.001,0.000,1.492,0.004,-0.000,-0.000,3.0
666,-2.001,0.000,1.492,0.004,-0.000,-0.000,3.0
667,-2.001,0.000,1.492,0.004,-0.000,-0.000,3.0
668,-2.001,0.000,1.492,0.005,-0.000,-0.000,3.0
669,-2.001,0.000,1.492,0.005,-0.000,-0.000,3.0
670,-2.001,0.000,1.492,0.005,-0.000,-0.000,3.0
671,-2.001,0.000,1.492,0.006,-0.000,-0.000,3.0
672,-2.001,0.000,1.492,0.006,-0.000,-0.000,3.0
673,-2.001,0.000,1.492,0.006,-0.000,-0.000,3.0
674,-2.001,0.000,1.492,0.006,-0.000,-0.000,3.0
675,-2.001,0.000,1.492,0.007,-0.000,-0.000,3.0
676,-2.001,0.000,1.492,0.007,-0.000,-0.000,3.0
677,-2.001,0.000,1.492,0.007,-0.000,-0.000,3.0
678,-2.001,0.000,1.492,0.007,-0.000,-0.000,3.0
679,-2.001,0.000,1.492,0.008,-0.000,-0.000,3.0
680,-2.001,0.000,1.492,0.008,-0.000,-0.000,3.0
681,-2.001,0.000,1.492,0.008,-0.000,-0.000,3.0
682,-2.001,0.000,1.492,0.008,-0.000,-0.000,3.0
683,-2.001,0.000,1.492,0.009,-0.000,-0.000,3.0
684,-2.001,0.000,1.492,0.009,-0.000,-0.000,3.0
685,-2.001,-0.000,1.492,0.009,-0.000,-0.000,3.0
686,-2.001,-0.000,1.492,0.009,-0.000,-0.000,3.0
687,-2.001,-0.000,1.492,0.010,-0.000,-0.000,3.0
688,-2.001,-0.000,1.492,0.010,-0.000,-0.000,3.0
689,-2.001,-0.000,1.492,0.010,-0.000,-0.000,3.0
690,-2.001,-0.000,1.492,0.010,-0.000,-0.000,3.0
691,-2.001,-0.000,1.492,0.011,-0.000,-0.000,3.0
692,-2.001,-0.000,1.492,0.011,-0.000,-0.000,3.0
693,-2.001,-0.000,1.492,0.011,-0.000,-0.000,3.0
694,-2.001,-0.000,1.492,0.011,-0.000,-0.000,3.0
695,-2.001,-0.000,1.492,0.011,-0.000,-0.000,3.0
696,-2.000,-0.000,1.492,0.012,-0.000,-0.000,3.0
697,-2.000,-0.000,1.492,0.012,-0.000,-0.000,3.0
698,-2.000,-0.000,1.492,0.012,-0.000,-0.000,3.0
699,-2.000,-0.000,1.492,0.012,-0.000,-0.000,3.0
700,-2.000,-0.000,1.492,0.012,-0.000,-0.000,3.0
701,-2.000,-0.000,1.492,0.013,-0.000,-0.000,3.0
702,-2.000,-0.000,1.492,0.013,-0.000,-0.000,3.0
703,-2.000,-0.000,1.492,0.013,-0.000,-0.000,3.0
704,-2.000,-0.000,1.492,0.013,-0.000,-0.000,3.0
705,-2.000,-0.000,1.492,0.013,-0.000,-0.000,3.0
706,-2.000,-0.000,1.492,0.014,-0.000,-0.000,3.0
707,-2.000,-0.000,1.492,0.014,-0.000,-0.000,3.0
708,-2.000,-0.000,1.492,0.014,-0.000,-0.000,3.0
709,-2.000,-0.000,1.492,0.014,-0.000,-0.000,3.0
710,-2.000,-0.000,1.492,0.014,-0.000,-0.000,3.0
711,-2.000,-0.000,1.492,0.015,-0.000,-0.000,3.0
712,-2.000,-0.000,1.492,0.015,-0.000,-0.000,3.0
713,-2.000,-0.000,1.492,0.015,-0.000,-0.000,3.0
714,-2.000,-0.000,1.492,0.015,-0.000,-0.000,3.0
715,-2.000,-0.000,1.492,0.015,-0.000,-0.000,3.0
716,-2.000,-0.000,1.492,0.015,-0.000,-0.000,3.0
717,-2.000,-0.000,1.492,0.016,-0.000,-0.000,3.0
718,-2.000,-0.000,1.492,0.016,-0.000,-0.000,3.0
719,-2.000,-0.000,1.492,0.016,-0.000,-0.000,3.0
720,-2.000,-0.000,1.492,0.016,-0.000,-0.000,3.0
721,-2.000,-0.000,1.492,0.016,-0.000,-0.000,3.0
722,-2.000,-0.000,1.492,0.016,-0.000,-0.000,3.0
723,-2.000,-0.000,1.492,0.017,-0.000,-0.000,3.0
724,-2.000,-0.000,1.492,0.017,-0.000,-0.000,3.0
725,-2.000,-0.000,1.492,0.017,-0.000,-0.000,3.0
726,-2.000,-0.000,1.492,0.017,-0.000,-0.000,3.0
727,-2.000,-0.000,1.492,0.017,-0.000,-0.000,3.0
728,-2.000,-0.000,1.492,0.017,-0.000,-0.000,3.0
729,-2.000,-0.000,1.492,0.017,-0.000,-0.000,3.0
730,-2.000,-0.000,1.492,0.018,-0.000,-0.000,3.0
731,-2.000,-0.000,1.492,0.018,-0.000,-0.000,3.0
732,-2.000,-0.000,1.492,0.018,-0.000,-0.000,3.0
733,-2.000,-0.000,1.492,0.018,-0.000,-0.000,3.0
734,-2.000,-0.000,1.492,0.018,-0.000,-0.000,3.0
735,-2.000,-0.000,1.492,0.018,-0.000,-0.000,3.0
736,-2.000,-0.000,1.492,0.018,-0.000,-0.000,3.0
737,-2.000,-0.000,1.492,0.018,-0.000,-0.000,3.0
738,-2.000,-0.000,1.492,0.019,-0.000,-0.000,3.0
739,-2.000,-0.000,1.492,0.019,-0.000,-0.000,3.0
740,-2.000,-0.000,1.492,0.019,-0.000,-0.000,3.0
741,-2.000,-0.000,1.492,0.019,-0.000,-0.000,3.0
742,-2.000,-0.000,1.492,0.019,-0.000,-0.000,3.0
743,-2.000,-0.000,1.492,0.019,-0.000,-0.000,3.0
744,-2.000,-0.000,1.492,0.019,-0.000,-0.000,3.0
745,-2.000,-0.000,1.492,0.019,-0.000,-0.000,3.0
746,-2.000,-0.000,1.492,0.019,-0.000,-0.000,3.0
747,-2.000,-0.000,1.492,0.020,-0.000,-0.000,3.0
748,-2.000,-0.000,1.492,0.020,-0.000,-0.000,3.0
749,-2.000,-0.000,1.492,0.020,-0.000,-0.000,3.0
750,-2.000,-0.000,1.492,0.020,-0.000,-0.000,3.0
751,-2.000,-0.000,1.492,0.020,-0.000,-0.000,3.0
752,-2.000,-0.000,1.492,0.020,-0.000,-0.000,3.0
753,-2.000,-0.000,1.492,0.020,-0.000,-0.000,3.0
754,-2.000,-0.000,1.492,0.020,-0.000,-0.000,3.0
755,-2.000,-0.000,1.492,0.020,-0.000,-0.000,3.0
756,-2.000,-0.000,1.492,0.020,-0.000,-0.000,3.0
757,-2.000,-0.000,1.492,0.021,-0.000,-0.000,3.0
758,-2.000,-0.000,1.492,0.021,-0.000,-0.000,3.0
759,-2.000,-0.000,1.492,0.021,-0.000,-0.000,3.0
760,-2.000,-0.000,1.492,0.021,-0.000,-0.000,3.0
761,-2.000,-0.000,1.492,0.021,-0.000,-0.000,3.0
762,-2.000,-0.000,1.492,0.021,-0.000,-0.000,3.0
763,-2.000,-0.000,1.492,0.021,-0.000,-0.000,3.0
764,-2.000,-0.000,1.492,0.021,-0.000,-0.000,3.0
765,-2.000,-0.000,1.492,0.021,-0.000,-0.000,3.0
766,-2.000,-0.000,1.492,0.021,-0.000,-0.000,3.0
767,-2.000,-0.000,1.492,0.021,-0.000,-0.000,3.0
768,-2.000,-0.001,1.492,0.021,-0.000,-0.000,3.0
769,-2.000,-0.001,1.492,0.021,-0.000,-0.000,3.0
770,-2.000,-0.001,1.492,0.021,-0.000,-0.000,3.0
771,-2.000,-0.001,1.492,0.022,-0.000,-0.000,3.0
772,-2.000,-0.001,1.492,0.022,-0.000,-0.000,3.0
773,-2.000,-0.001,1.492,0.022,-0.000,-0.000,3.0
774,-2.000,-0.001,1.492,0.022,-0.000,-0.000,3.0
775,-2.000,-0.001,1.492,0.022,-0.000,-0.000,3.0
776,-2.000,-0.001,1.492,0.022,-0.000,-0.000,3.0
777,-2.000,-0.001,1.492,0.022,-0.000,-0.000,3.0
778,-2.000,-0.001,1.492,0.022,-0.000,-0.000,3.0
779,-2.000,-0.001,1.492,0.022,-0.000,-0.000,3.0
780,-2.000,-0.001,1.492,0.022,-0.000,-0.000,3.0
781,-2.000,-0.001,1.492,0.022,-0.000,-0.000,3.0
782,-2.000,-0.001,1.492,0.022,-0.000,-0.000,3.0
783,-2.000,-0.001,1.492,0.022,-0.000,-0.000,3.0
784,-2.000,-0.001,1.492,0.022,-0.000,-0.000,3.0
785,-2.000,-0.001,1.492,0.022,-0.000,-0.000,3.0
786,-2.000,-0.001,1.492,0.022,-0.000,-0.000,3.0
787,-2.000,-0.001,1.492,0.022,-0.000,-0.000,3.0
788,-2.000,-0.001,1.492,0.022,-0.000,-0.000,3.0
789,-2.000,-0.001,1.492,0.022,-0.000,-0.000,3.0
790,-2.000,-0.001,1.492,0.022,-0.000,-0.000,3.0
791,-2.000,-0.001,1.492,0.022,-0.000,-0.000,3.0
792,-2.000,-0.001,1.492,0.022,-0.000,-0.000,3.0
793,-2.000,-0.001,1.492,0.022,-0.000,-0.000,3.0
794,-2.000,-0.001,1.492,0.023,-0.000,-0.000,3.0
795,-2.000,-0.001,1.492,0.023,-0.000,-0.000,3.0
796,-2.000,-0.001,1.492,0.023,-0.000,-0.000,3.0
797,-2.000,-0.001,1.492,0.023,-0.000,-0.000,3.0
798,-2.000,-0.001,1.492,0.023,-0.000,-0.000,3.0
799,-2.000,-0.001,1.492,0.023,-0.000,-0.000,3.0
800,-2.000,-0.001,1.492,0.023,-0.000,-0.000,3.0
801,-2.000,-0.001,1.492,0.023,-0.000,-0.000,3.0
802,-2.000,-0.001,1.492,0.023,-0.000,-0.000,3.0
803,-2.000,-0.001,1.492,0.023,-0.000,-0.000,3.0
804,-2.000,-0.001,1.492,0.023,-0.000,-0.000,3.0
805,-2.000,-0.001,1.492,0.023,-0.000,-0.000,3.0
806,-2.000,-0.001,1.492,0.023,-0.000,-0.000,3.0
807,-2.000,-0.001,1.492,0.023,-0.000,-0.000,3.0
808,-2.000,-0.001,1.492,0.023,-0.000,-0.000,3.0
809,-2.000,-0.001,1.492,0.022,-0.000,-0.000,3.0
810,-2.000,-0.001,1.492,0.022,-0.000,-0.000,3.0
811,-2.000,-0.001,1.492,0.022,-0.000,-0.000,3.0
812,-2.000,-0.001,1.492,0.022,-0.000,-0.000,3.0
813,-2.000,-0.001,1.492,0.022,-0.000,-0.000,3.0
814,-2.000,-0.001,1.492,0.022,-0.000,-0.000,3.0
815,-2.000,-0.001,1.492,0.022,-0.000,-0.000,3.0
816,-2.000,-0.001,1.492,0.022,-0.000,-0.000,3.0
817,-2.000,-0.001,1.492,0.022,-0.000,-0.000,3.0
818,-2.000,-0.001,1.492,0.022,-0.000,-0.000,3.0
819,-2.000,-0.001,1.492,0.022,-0.000,-0.000,3.0
820,-2.000,-0.001,1.492,0.022,-0.000,-0.000,3.0
821,-2.000,-0.001,1.492,0.022,-0.000,-0.000,3.0
822,-2.000,-0.001,1.492,0.022,-0.000,-0.000,3.0
823,-2.000,-0.001,1.492,0.022,-0.000,-0.000,3.0
824,-2.000,-0.001,1.492,0.022,-0.000,-0.000,3.0
825,-2.000,-0.001,1.492,0.022,-0.000,-0.000,3.0
826,-2.000,-0.001,1.492,0.022,-0.000,-0.000,3.0
827,-2.000,-0.001,1.492,0.022,-0.000,-0.000,3.0
828,-2.000,-0.001,1.492,0.022,-0.000,-0.000,3.0
829,-2.000,-0.001,1.492,0.022,-0.000,-0.000,3.0
830,-2.000,-0.001,1.492,0.022,-0.000,-0.000,3.0
831,-2.000,-0.001,1.492,0.022,-0.000,-0.000,3.0
832,-2.000,-0.001,1.492,0.022,-0.000,-0.000,3.0
833,-2.000,-0.001,1.492,0.022,-0.000,-0.000,3.0
834,-2.000,-0.001,1.492,0.022,-0.000,-0.000,3.0
835,-2.000,-0.001,1.492,0.022,-0.000,-0.000,3.0
836,-2.000,-0.001,1.492,0.022,-0.000,-0.000,3.0
837,-2.000,-0.001,1.492,0.022,-0.000,-0.000,3.0
838,-2.000,-0.001,1.492,0.022,-0.000,-0.000,3.0
839,-2.000,-0.001,1.492,0.021,-0.000,-0.000,3.0
840,-2.000,-0.001,1.492,0.021,-0.000,-0.000,3.0
841,-2.000,-0.001,1.492,0.021,-0.000,-0.000,3.0
842,-2.000,-0.001,1.492,0.021,-0.000,-0.000,3.0
843,-2.000,-0.001,1.492,0.021,-0.000,-0.000,3.0
844,-2.000,-0.001,1.492,0.021,-0.000,-0.000,3.0
845,-2.000,-0.001,1.492,0.021,-0.000,-0.000,3.0
846,-2.000,-0.001,1.492,0.021,-0.000,-0.000,3.0
847,-2.000,-0.001,1.492,0.021,-0.000,-0.000,3.0
848,-2.000,-0.001,1.492,0.021,-0.000,-0.000,3.0
849,-2.000,-0.001,1.492,0.021,-0.000,-0.000,3.0
850,-2.000,-0.001,1.492,0.021,-0.000,-0.000,3.0
851,-2.000,-0.001,1.492,0.021,-0.000,-0.000,3.0
852,-2.000,-0.001,1.492,0.021,-0.000,-0.000,3.0
853,-2.000,-0.001,1.492,0.021,-0.000,-0.000,3.0
854,-2.000,-0.001,1.492,0.021,-0.000,-0.000,3.0
855,-2.000,-0.001,1.492,0.020,-0.000,-0.000,3.0
856,-2.000,-0.001,1.492,0.020,-0.000,-0.000,3.0
857,-2.000,-0.001,1.492,0.020,-0.000,-0.000,3.0
858,-2.000,-0.001,1.492,0.020,-0.000,-0.000,3.0
859,-2.000,-0.001,1.492,0.020,-0.000,-0.000,3.0
860,-2.000,-0.001,1.492,0.020,-0.000,-0.000,3.0
861,-2.000,-0.001,1.492,0.020,-0.000,-0.000,3.0
862,-2.000,-0.001,1.492,0.020,-0.000,-0.000,3.0
863,-2.000,-0.001,1.492,0.020,-0.000,-0.000,3.0
864,-2.000,-0.001,1.492,0.020,-0.000,-0.000,3.0
865,-2.000,-0.001,1.492,0.020,-0.000,-0.000,3.0
866,-2.000,-0.001,1.492,0.020,-0.000,-0.000,3.0
867,-2.000,-0.001,1.492,0.020,-0.000,-0.000,3.0
868,-2.000,-0.001,1.492,0.019,-0.000,-0.000,3.0
869,-2.000,-0.001,1.492,0.019,-0.000,-0.000,3.0
870,-2.000,-0.001,1.492,0.019,-0.000,-0.000,3.0
871,-2.000,-0.001,1.492,0.019,-0.000,-0.000,3.0
872,-2.000,-0.001,1.492,0.019,-0.000,-0.000,3.0
873,-2.000,-0.001,1.492,0.019,-0.000,-0.000,3.0
874,-2.000,-0.001,1.492,0.019,-0.000,-0.000,3.0
875,-2.000,-0.001,1.492,0.019,-0.000,-0.000,3.0
876,-2.000,-0.001,1.492,0.019,-0.000,-0.000,3.0
877,-2.000,-0.001,1.492,0.019,-0.000,-0.000,3.0
878,-2.000,-0.001,1.492,0.019,-0.000,-0.000,3.0
879,-2.000,-0.001,1.492,0.019,-0.000,-0.000,3.0
880,-2.000,-0.001,1.492,0.018,-0.000,-0.000,3.0
881,-2.000,-0.001,1.492,0.018,-0.000,-0.000,3.0
882,-2.000,-0.001,1.492,0.018,-0.000,-0.000,3.0
883,-2.000,-0.001,1.492,0.018,-0.000,-0.000,3.0
884,-2.000,-0.001,1.492,0.018,-0.000,-0.000,3.0
885,-2.000,-0.001,1.492,0.018,-0.000,-0.000,3.0
886,-2.000,-0.001,1.492,0.018,-0.000,-0.000,3.0
887,-2.000,-0.001,1.492,0.018,-0.000,-0.000,3.0
888,-2.000,-0.001,1.492,0.018,-0.000,-0.000,3.0
889,-2.000,-0.001,1.492,0.018,-0.000,-0.000,3.0
890,-2.000,-0.001,1.492,0.018,-0.000,-0.000,3.0
891,-2.000,-0.001,1.492,0.017,-0.000,-0.000,3.0
892,-2.000,-0.001,1.492,0.017,-0.000,-0.000,3.0
893,-2.000,-0.001,1.492,0.017,-0.000,-0.000,3.0
894,-2.000,-0.001,1.492,0.017,-0.000,-0.000,3.0
895,-2.000,-0.001,1.492,0.017,-0.000,-0.000,3.0
896,-2.000,-0.001,1.492,0.017,-0.000,-0.000,3.0
897,-2.000,-0.001,1.492,0.017,-0.000,-0.000,3.0
898,-2.000,-0.001,1.492,0.017,-0.000,-0.000,3.0
899,-2.000,-0.001,1.492,0.017,-0.000,-0.000,3.0
900,-2.000,-0.001,1.492,0.017,-0.000,-0.000,3.0
901,-2.000,-0.001,1.492,0.016,-0.000,-0.000,3.0
902,-2.000,-0.001,1.492,0.016,-0.000,-0.000,3.0
903,-2.000,-0.001,1.492,0.016,-0.000,-0.000,3.0
904,-2.000,-0.001,1.492,0.016,-0.000,-0.000,3.0
905,-2.000,-0.001,1.492,0.016,-0.000,-0.000,3.0
906,-2.000,-0.001,1.492,0.016,-0.000,-0.000,3.0
907,-2.000,-0.001,1.492,0.016,-0.000,-0.000,3.0
908,-2.000,-0.001,1.492,0.016,-0.000,-0.000,3.0
909,-2.000,-0.001,1.492,0.016,-0.000,-0.000,3.0
910,-2.000,-0.001,1.492,0.016,-0.000,-0.000,3.0
911,-2.000,-0.001,1.492,0.015,-0.000,-0.000,3.0
912,-2.000,-0.001,1.492,0.015,-0.000,-0.000,3.0
913,-2.000,-0.001,1.492,0.015,-0.000,-0.000,3.0
914,-2.000,-0.001,1.492,0.015,-0.000,-0.000,3.0
915,-2.000,-0.001,1.492,0.015,-0.000,-0.000,3.0
916,-2.000,-0.001,1.492,0.015,-0.000,-0.000,3.0
917,-2.000,-0.001,1.492,0.015,-0.000,-0.000,3.0
918,-2.000,-0.001,1.492,0.015,-0.000,-0.000,3.0
919,-2.000,-0.001,1.492,0.015,-0.000,-0.000,3.0
920,-2.000,-0.001,1.492,0.014,-0.000,-0.000,3.0
921,-2.000,-0.001,1.492,0.014,-0.000,-0.000,3.0
922,-2.000,-0.001,1.492,0.014,-0.000,-0.000,3.0
923,-2.000,-0.001,1.492,0.014,-0.000,-0.000,3.0
924,-2.000,-0.001,1.492,0.014,-0.000,-0.000,3.0
925,-2.000,-0.001,1.492,0.014,-0.000,-0.000,3.0
926,-2.000,-0.001,1.492,0.014,-0.000,-0.000,3.0
927,-2.000,-0.001,1.492,0.014,-0.000,-0.000,3.0
928,-2.000,-0.001,1.492,0.014,-0.000,-0.000,3.0
929,-2.000,-0.001,1.492,0.013,-0.000,-0.000,3.0
930,-2.000,-0.001,1.492,0.013,-0.000,-0.000,3.0
931,-2.000,-0.001,1.492,0.013,-0.000,-0.000,3.0
932,-2.000,-0.001,1.492,0.013,-0.000,-0.000,3.0
933,-2.000,-0.001,1.492,0.013,-0.000,-0.000,3.0
934,-2.000,-0.001,1.492,0.013,-0.000,-0.000,3.0
935,-2.000,-0.001,1.492,0.013,-0.000,-0.000,3.0
936,-2.000,-0.001,1.492,0.013,-0.000,-0.000,3.0
937,-2.000,-0.001,1.492,0.013,-0.000,-0.000,3.0
938,-2.000,-0.001,1.492,0.012,-0.000,-0.000,3.0
939,-2.000,-0.001,1.492,0.012,-0.000,-0.000,3.0
940,-2.000,-0.001,1.492,0.012,-0.000,-0.000,3.0
941,-2.000,-0.001,1.492,0.012,-0.000,-0.000,3.0
942,-2.000,-0.001,1.492,0.012,-0.000,-0.000,3.0
943,-2.000,-0.001,1.492,0.012,-0.000,-0.000,3.0
944,-2.000,-0.001,1.492,0.012,-0.000,-0.000,3.0
945,-2.000,-0.001,1.492,0.012,-0.000,-0.000,3.0
946,-2.000,-0.001,1.492,0.012,-0.000,-0.000,3.0
947,-2.000,-0.001,1.492,0.011,-0.000,-0.000,3.0
948,-2.000,-0.001,1.492,0.011,-0.000,-0.000,3.0
949,-2.000,-0.001,1.492,0.011,-0.000,-0.000,3.0
950,-2.000,-0.001,1.492,0.011,-0.000,-0.000,3.0
951,-2.000,-0.001,1.492,0.011,-0.000,-0.000,3.0
952,-2.000,-0.001,1.492,0.011,-0.000,-0.000,3.0
953,-2.000,-0.001,1.492,0.011,-0.000,-0.000,3.0
954,-2.000,-0.001,1.492,0.011,-0.000,-0.000,3.0
955,-2.000,-0.001,1.492,0.011,-0.000,-0.000,3.0
956,-2.000,-0.001,1.492,0.010,-0.000,-0.000,3.0
957,-2.000,-0.001,1.492,0.010,-0.000,-0.000,3.0
958,-2.000,-0.001,1.492,0.010,-0.000,-0.000,3.0
959,-2.000,-0.001,1.492,0.010,-0.000,-0.000,3.0
960,-2.000,-0.001,1.492,0.010,-0.000,-0.000,3.0
961,-2.000,-0.001,1.492,0.010,-0.000,-0.000,3.0
962,-2.000,-0.001,1.492,0.010,-0.000,-0.000,3.0
963,-2.000,-0.001,1.492,0.010,-0.000,-0.000,3.0
964,-2.000,-0.001,1.492,0.010,-0.000,-0.000,3.0
965,-2.000,-0.001,1.492,0.009,-0.000,-0.000,3.0
966,-2.000,-0.001,1.492,0.009,-0.000,-0.000,3.0
967,-2.000,-0.000,1.492,0.009,-0.000,-0.000,3.0
968,-2.000,-0.000,1.492,0.009,-0.000,-0.000,3.0
969,-2.000,-0.000,1.492,0.009,-0.000,-0.000,3.0
970,-2.000,-0.000,1.492,0.009,-0.000,-0.000,3.0
971,-2.000,-0.000,1.492,0.009,-0.000,-0.000,3.0
972,-2.000,-0.000,1.492,0.009,-0.000,-0.000,3.0
973,-2.000,-0.000,1.492,0.009,-0.000,-0.000,3.0
974,-2.000,-0.000,1.492,0.008,-0.000,-0.000,3.0
975,-2.000,-0.000,1.492,0.008,-0.000,-0.000,3.0
976,-2.000,-0.000,1.492,0.008,-0.000,-0.000,3.0
977,-2.000,-0.000,1.492,0.008,-0.000,-0.000,3.0
978,-2.000,-0.000,1.492,0.008,-0.000,-0.000,3.0
979,-2.000,-0.000,1.492,0.008,-0.000,-0.000,3.0
980,-2.000,-0.000,1.492,0.008,-0.000,-0.000,3.0
981,-2.000,-0.000,1.492,0.008,-0.000,-0.000,3.0
982,-2.000,-0.000,1.492,0.008,-0.000,-0.000,3.0
983,-2.000,-0.000,1.492,0.007,-0.000,-0.000,3.0
984,-2.000,-0.000,1.492,0.007,-0.000,-0.000,3.0
985,-2.000,-0.000,1.492,0.007,-0.000,-0.000,3.0
986,-2.000,-0.000,1.492,0.007,-0.000,-0.000,3.0
987,-2.000,-0.000,1.492,0.007,-0.000,-0.000,3.0
988,-2.000,-0.000,1.492,0.007,-0.000,-0.000,3.0
989,-2.000,-0.000,1.492,0.007,-0.000,-0.000,3.0
990,-2.000,-0.000,1.492,0.007,-0.000,-0.000,3.0
991,-2.000,-0.000,1.492,0.006,-0.000,-0.000,3.0
992,-2.000,-0.000,1.492,0.006,-0.000,-0.000,3.0
993,-2.000,-0.000,1.492,0.006,-0.000,-0.000,3.0
994,-2.000,-0.000,1.492,0.006,-0.000,-0.000,3.0
995,-2.000,-0.000,1.492,0.006,-0.000,-0.000,3.0
996,-2.000,-0.000,1.492,0.006,-0.000,-0.000,3.0
997,-2.000,-0.000,1.492,0.006,-0.000,-0.000,3.0
998,-2.000,-0.000,1.492,0.006,-0.000,-0.000,3.0
999,-2.000,-0.000,1.492,0.006,-0.000,-0.000,3.0
1000,-2.000,-0.000,1.492,0.005,-0.000,-0.000,3.0
1001,-2.000,-0.000,1.492,0.005,-0.000,-0.000,3.0
1002,-2.000,-0.000,1.492,0.005,-0.000,-0.000,3.0
1003,-2.000,-0.000,1.492,0.005,-0.000,-0.000,3.0
1004,-2.000,-0.000,1.492,0.005,-0.000,-0.000,3.0
1005,-2.000,-0.000,1.492,0.005,-0.000,-0.000,3.0
1006,-2.000,-0.000,1.492,0.005,-0.000,-0.000,3.0
1007,-2.000,-0.000,1.492,0.005,-0.000,-0.000,3.0
1008,-2.000,-0.000,1.492,0.005,-0.000,-0.000,3.0
1009,-2.000,-0.000,1.492,0.004,-0.000,-0.000,3.0
1010,-2.000,-0.000,1.492,0.004,-0.000,-0.000,3.0
1011,-2.000,-0.000,1.492,0.004,-0.000,-0.000,3.0
1012,-2.000,-0.000,1.492,0.004,-0.000,-0.000,3.0
1013,-2.000,-0.000,1.492,0.004,-0.000,-0.000,3.0
1014,-2.000,-0.000,1.492,0.004,-0.000,-0.000,3.0
1015,-2.000,-0.000,1.492,0.004,-0.000,0.000,3.0
1016,-2.000,-0.000,1.492,0.004,-0.000,0.000,3.0
1017,-2.000,-0.000,1.492,0.004,-0.000,0.000,3.0
1018,-2.000,-0.000,1.492,0.003,-0.000,0.000,3.0
1019,-2.000,-0.000,1.492,0.003,-0.000,0.000,3.0
1020,-2.000,-0.000,1.492,0.003,-0.000,0.000,3.0
1021,-2.000,-0.000,1.492,0.003,-0.000,0.000,3.0
1022,-2.000,-0.000,1.492,0.003,-0.000,0.000,3.0
1023,-2.000,-0.000,1.492,0.003,-0.000,0.000,3.0
1024,-2.000,-0.000,1.492,0.003,-0.000,0.000,3.0
1025,-2.000,-0.000,1.492,0.003,-0.000,0.000,3.0
1026,-2.000,-0.000,1.492,0.003,-0.000,0.000,3.0
1027,-2.000,-0.000,1.492,0.002,-0.000,0.000,3.0
1028,-2.000,-0.000,1.492,0.002,-0.000,0.000,3.0
1029,-2.000,-0.000,1.492,0.002,-0.000,0.000,3.0
1030,-2.000,-0.000,1.492,0.002,-0.000,0.000,3.0
1031,-2.000,-0.000,1.492,0.002,-0.000,0.000,3.0
1032,-2.000,-0.000,1.492,0.002,-0.000,0.000,3.0
1033,-2.000,-0.000,1.492,0.002,-0.000,0.000,3.0
1034,-2.000,-0.000,1.492,0.002,-0.000,0.000,3.0
1035,-2.000,-0.000,1.492,0.002,-0.000,0.000,3.0
1036,-2.000,-0.000,1.492,0.001,-0.000,0.000,3.0
1037,-2.000,-0.000,1.492,0.001,-0.000,0.000,3.0
1038,-2.000,-0.000,1.492,0.001,-0.000,0.000,3.0
1039,-2.000,-0.000,1.492,0.001,-0.000,0.000,3.0
1040,-2.000,-0.000,1.492,0.001,-0.000,0.000,3.0
1041,-2.000,-0.000,1.492,0.001,-0.000,0.000,3.0
1042,-2.000,-0.000,1.492,0.001,-0.000,0.000,3.0
1043,-2.000,-0.000,1.492,0.001,-0.000,0.000,3.0
1044,-2.000,-0.000,1.492,0.001,-0.000,0.000,3.0
1045,-2.000,-0.000,1.492,0.000,-0.000,0.000,3.0
1046,-2.000,-0.000,1.492,0.000,-0.000,0.000,3.0
1047,-2.000,-0.000,1.492,0.000,-0.000,0.000,3.0
1048,-2.000,-0.000,1.492,0.000,-0.000,0.000,3.0
1049,-2.000,-0.000,1.492,-0.000,-0.000,0.000,3.0
1050,-2.000,-0.000,1.492,-0.000,-0.000,0.000,3.0
1051,-2.000,-0.000,1.492,-0.000,-0.000,0.000,3.0
1052,-2.000,-0.000,1.492,-0.000,-0.000,0.000,3.0
1053,-2.000,-0.000,1.492,-0.000,-0.000,0.000,3.0
1054,-2.000,-0.000,1.492,-0.001,-0.000,0.000,3.0
1055,-2.000,-0.000,1.492,-0.001,-0.000,0.000,3.0
1056,-2.000,-0.000,1.492,-0.001,-0.000,0.000,3.0
1057,-2.000,-0.000,1.492,-0.001,-0.000,0.000,3.0
1058,-2.000,-0.000,1.492,-0.001,-0.000,0.000,3.0
1059,-2.000,-0.000,1.492,-0.001,-0.000,0.000,3.0
1060,-2.000,-0.000,1.492,-0.001,-0.000,0.000,3.0
1061,-2.000,-0.000,1.492,-0.001,-0.000,0.000,3.0
1062,-2.000,-0.000,1.492,-0.001,-0.000,0.000,3.0
1063,-2.000,-0.000,1.492,-0.002,-0.000,0.000,3.0
1064,-2.000,-0.000,1.492,-0.002,-0.000,0.000,3.0
1065,-2.000,-0.000,1.492,-0.002,-0.000,0.000,3.0
1066,-2.000,-0.000,1.492,-0.002,-0.000,0.000,3.0
1067,-2.000,-0.000,1.492,-0.002,-0.000,0.000,3.0
1068,-2.000,-0.000,1.492,-0.002,-0.000,0.000,3.0
1069,-2.000,-0.000,1.492,-0.002,-0.000,0.000,3.0
1070,-2.000,-0.000,1.492,-0.002,-0.000,0.000,3.0
1071,-2.000,-0.000,1.492,-0.002,-0.000,0.000,3.0
1072,-2.000,-0.000,1.492,-0.002,-0.000,0.000,3.0
1073,-2.000,-0.000,1.492,-0.003,-0.000,0.000,3.0
1074,-2.000,-0.000,1.492,-0.003,-0.000,0.000,3.0
1075,-2.000,-0.000,1.492,-0.003,-0.000,0.000,3.0
1076,-2.000,-0.000,1.492,-0.003,-0.000,0.000,3.0
1077,-2.000,-0.000,1.492,-0.003,-0.000,0.000,3.0
1078,-2.000,-0.000,1.492,-0.003,-0.000,0.000,3.0
1079,-2.000,-0.000,1.492,-0.003,-0.000,0.000,3.0
1080,-2.000,-0.000,1.492,-0.003,-0.000,0.000,3.0
1081,-2.000,-0.000,1.492,-0.003,-0.000,0.000,3.0
1082,-2.000,-0.000,1.492,-0.004,-0.000,0.000,3.0
1083,-2.000,-0.000,1.492,-0.004,-0.000,0.000,3.0
1084,-2.000,-0.000,1.492,-0.004,-0.000,0.000,3.0
1085,-2.000,-0.000,1.492,-0.004,-0.000,0.000,3.0
1086,-2.000,-0.000,1.492,-0.004,-0.000,0.000,3.0
1087,-2.000,-0.000,1.492,-0.004,0.000,0.000,3.0
1088,-2.000,-0.000,1.492,-0.004,0.000,0.000,3.0
1089,-2.000,-0.000,1.492,-0.004,0.000,0.000,3.0
1090,-2.000,-0.000,1.492,-0.004,0.000,0.000,3.0
1091,-2.000,-0.000,1.492,-0.005,0.000,0.000,3.0
1092,-2.000,-0.000,1.492,-0.005,0.000,0.000,3.0
1093,-2.000,-0.000,1.492,-0.005,0.000,0.000,3.0
1094,-2.000,-0.000,1.492,-0.005,0.000,0.000,3.0
1095,-2.000,-0.000,1.492,-0.005,0.000,0.000,3.0
1096,-2.000,-0.000,1.492,-0.005,0.000,0.000,3.0
1097,-2.000,-0.000,1.492,-0.005,0.000,0.000,3.0
1098,-2.000,-0.000,1.492,-0.005,0.000,0.000,3.0
1099,-2.000,-0.000,1.492,-0.005,0.000,0.000,3.0
1100,-2.000,-0.000,1.492,-0.005,0.000,0.000,3.0
1101,-2.000,-0.000,1.492,-0.006,0.000,0.000,3.0
1102,-2.000,-0.000,1.492,-0.006,0.000,0.000,3.0
1103,-2.000,-0.000,1.492,-0.006,0.000,0.000,3.0
1104,-2.000,-0.000,1.492,-0.006,0.000,0.000,3.0
1105,-2.000,-0.000,1.492,-0.006,0.000,0.000,3.0
1106,-2.000,-0.000,1.492,-0.006,0.000,0.000,3.0
1107,-2.000,-0.000,1.492,-0.006,0.000,0.000,3.0
1108,-2.000,-0.000,1.492,-0.006,0.000,0.000,3.0
1109,-2.000,-0.000,1.492,-0.006,0.000,0.000,3.0
1110,-2.000,-0.000,1.492,-0.007,0.000,0.000,3.0
1111,-2.000,-0.000,1.492,-0.007,0.000,0.000,3.0
1112,-2.000,-0.000,1.492,-0.007,0.000,0.000,3.0
1113,-2.000,-0.000,1.492,-0.007,0.000,0.000,3.0
1114,-2.000,-0.000,1.492,-0.007,0.000,0.000,3.0
1115,-2.000,-0.000,1.492,-0.007,0.000,0.000,3.0
1116,-2.000,-0.000,1.492,-0.007,0.000,0.000,3.0
1117,-2.000,-0.000,1.492,-0.007,0.000,0.000,3.0
1118,-2.000,-0.000,1.492,-0.007,0.000,0.000,3.0
1119,-2.000,-0.000,1.492,-0.007,0.000,0.000,3.0
1120,-2.000,-0.000,1.492,-0.008,0.000,0.000,3.0
1121,-2.000,-0.000,1.492,-0.008,0.000,0.000,3.0
1122,-2.000,-0.000,1.492,-0.008,0.000,0.000,3.0
1123,-2.000,-0.000,1.492,-0.008,0.000,0.000,3.0
1124,-2.000,0.000,1.492,-0.008,0.000,0.000,3.0
1125,-2.000,0.000,1.492,-0.008,0.000,0.000,3.0
1126,-2.000,0.000,1.492,-0.008,0.000,0.000,3.0
1127,-2.000,0.000,1.492,-0.008,0.000,0.000,3.0
1128,-2.000,0.000,1.492,-0.008,0.000,0.000,3.0
1129,-2.000,0.000,1.492,-0.008,0.000,0.000,3.0
1130,-2.000,0.000,1.492,-0.009,0.000,0.000,3.0
1131,-2.000,0.000,1.492,-0.009,0.000,0.000,3.0
1132,-2.000,0.000,1.492,-0.009,0.000,0.000,3.0
1133,-2.000,0.000,1.492,-0.009,0.000,0.000,3.0
1134,-2.000,0.000,1.492,-0.009,0.000,0.000,3.0
1135,-2.000,0.000,1.492,-0.009,0.000,0.000,3.0
1136,-2.000,0.000,1.492,-0.009,0.000,0.000,3.0
1137,-2.000,0.000,1.492,-0.009,0.000,0.000,3.0
1138,-2.000,0.000,1.492,-0.009,0.000,0.000,3.0
1139,-2.000,0.000,1.492,-0.010,0.000,0.000,3.0
1140,-2.000,0.000,1.492,-0.010,0.000,0.000,3.0
1141,-2.000,0.000,1.492,-0.010,0.000,0.000,3.0
1142,-2.000,0.000,1.492,-0.010,0.000,0.000,3.0
1143,-2.000,0.000,1.492,-0.010,0.000,0.000,3.0
1144,-2.000,0.000,1.492,-0.010,0.000,0.000,3.0
1145,-2.000,0.000,1.492,-0.010,0.000,0.000,3.0
1146,-2.000,0.000,1.492,-0.010,0.000,0.000,3.0
1147,-2.000,0.000,1.492,-0.010,0.000,0.000,3.0
1148,-2.000,0.000,1.492,-0.010,0.000,0.000,3.0
1149,-2.000,0.000,1.492,-0.011,0.000,0.000,3.0
1150,-2.000,0.000,1.492,-0.011,0.000,0.000,3.0
1151,-2.000,0.000,1.492,-0.011,0.000,0.000,3.0
1152,-2.000,0.000,1.492,-0.011,0.000,0.000,3.0
1153,-2.000,0.000,1.492,-0.011,0.000,0.000,3.0
1154,-2.000,0.000,1.492,-0.011,0.000,0.000,3.0
1155,-2.000,0.000,1.492,-0.011,0.000,0.000,3.0
1156,-2.000,0.000,1.492,-0.011,0.000,0.000,3.0
1157,-2.000,0.000,1.492,-0.011,0.000,0.000,3.0
1158,-2.000,0.000,1.492,-0.011,0.000,0.000,3.0
1159,-2.000,0.000,1.492,-0.012,0.000,0.000,3.0
1160,-2.000,0.000,1.492,-0.012,0.000,0.000,3.0
1161,-2.000,0.000,1.492,-0.012,0.000,0.000,3.0
1162,-2.000,0.000,1.492,-0.012,0.000,0.000,3.0
1163,-2.000,0.000,1.492,-0.012,0.000,0.000,3.0
1164,-2.000,0.000,1.492,-0.012,0.000,0.000,3.0
1165,-2.000,0.000,1.492,-0.012,0.000,0.000,3.0
1166,-2.000,0.000,1.492,-0.012,0.000,0.000,3.0
1167,-2.000,0.000,1.492,-0.012,0.000,0.000,3.0
1168,-2.000,0.000,1.492,-0.012,0.000,0.000,3.0
1169,-2.000,0.000,1.492,-0.013,0.000,0.000,3.0
1170,-2.000,0.000,1.492,-0.013,0.000,0.000,3.0
1171,-2.000,0.000,1.492,-0.013,0.000,0.000,3.0
1172,-2.000,0.000,1.492,-0.013,0.000,0.000,3.0
1173,-2.000,0.000,1.492,-0.013,0.000,0.000,3.0
1174,-2.000,0.000,1.492,-0.013,0.000,0.000,3.0
1175,-2.000,0.000,1.492,-0.013,0.000,0.000,3.0
1176,-2.000,0.000,1.492,-0.013,0.000,0.000,3.0
1177,-2.000,0.000,1.492,-0.013,0.000,0.000,3.0
1178,-2.000,0.000,1.492,-0.013,0.000,0.000,3.0
1179,-2.000,0.000,1.492,-0.013,0.000,0.000,3.0
1180,-2.000,0.000,1.492,-0.014,0.000,0.000,3.0
1181,-2.000,0.000,1.492,-0.014,0.000,0.000,3.0
1182,-2.000,0.000,1.492,-0.014,0.000,0.000,3.0
1183,-2.000,0.000,1.492,-0.014,0.000,0.000,3.0
1184,-2.000,0.000,1.492,-0.014,0.000,0.000,3.0
1185,-2.000,0.000,1.492,-0.014,0.000,0.000,3.0
1186,-2.000,0.000,1.492,-0.014,0.000,0.000,3.0
1187,-2.000,0.000,1.492,-0.014,0.000,0.000,3.0
1188,-2.000,0.000,1.492,-0.014,0.000,0.000,3.0
1189,-2.000,0.000,1.492,-0.014,0.000,0.000,3.0
1190,-2.000,0.000,1.492,-0.015,0.000,0.000,3.0
1191,-2.000,0.000,1.492,-0.015,0.000,0.000,3.0
1192,-2.000,0.000,1.492,-0.015,0.000,0.000,3.0
1193,-2.000,0.000,1.492,-0.015,0.000,0.000,3.0
1194,-2.000,0.000,1.492,-0.015,0.000,0.000,3.0
1195,-2.000,0.000,1.492,-0.015,0.000,0.000,3.0
1196,-2.000,0.000,1.492,-0.015,0.000,0.000,3.0
1197,-2.000,0.000,1.492,-0.015,0.000,0.000,3.0
1198,-2.000,0.000,1.492,-0.015,0.000,0.000,3.0
1199,-2.000,0.000,1.492,-0.015,0.000,0.000,3.0
1200,-2.000,0.000,1.492,-0.016,0.000,0.000,3.0
1201,-2.000,0.000,1.492,-0.016,0.000,0.000,3.0
1202,-2.000,0.000,1.492,-0.016,0.000,0.000,3.0
1203,-2.000,0.000,1.492,-0.016,0.000,0.000,3.0
1204,-2.000,0.000,1.492,-0.016,0.000,0.000,3.0
1205,-2.000,0.000,1.492,-0.016,0.000,0.000,3.0
1206,-2.000,0.000,1.492,-0.016,0.000,0.000,3.0
1207,-2.000,0.000,1.492,-0.016,0.000,0.000,3.0
1208,-2.000,0.000,1.492,-0.016,0.000,0.000,3.0
1209,-2.000,0.000,1.492,-0.016,0.000,0.000,3.0
1210,-2.000,0.000,1.492,-0.017,0.000,0.000,3.0
1211,-2.000,0.000,1.492,-0.017,0.000,0.000,3.0
1212,-2.000,0.000,1.492,-0.017,0.000,0.000,3.0
1213,-2.000,0.000,1.492,-0.017,0.000,0.000,3.0
1214,-2.000,0.000,1.492,-0.017,0.000,0.000,3.0
1215,-2.000,0.000,1.492,-0.017,0.000,0.000,3.0
1216,-2.000,0.000,1.492,-0.017,0.000,0.000,3.0
1217,-2.000,0.000,1.492,-0.017,0.000,0.000,3.0
1218,-2.000,0.000,1.492,-0.017,0.000,0.000,3.0
1219,-2.000,0.000,1.492,-0.017,0.000,0.000,3.0
1220,-2.000,0.000,1.492,-0.017,0.000,0.000,3.0
1221,-2.000,0.000,1.492,-0.018,0.000,0.000,3.0
1222,-2.000,0.000,1.492,-0.018,0.000,0.000,3.0
1223,-2.000,0.000,1.492,-0.018,0.000,0.000,3.0
1224,-2.000,0.000,1.492,-0.018,0.000,0.000,3.0
1225,-2.000,0.000,1.492,-0.018,0.000,0.000,3.0
1226,-2.000,0.000,1.492,-0.018,0.000,0.000,3.0
1227,-2.000,0.000,1.492,-0.018,0.000,0.000,3.0
1228,-2.000,0.000,1.492,-0.018,0.000,0.000,3.0
1229,-2.000,0.000,1.492,-0.018,0.000,0.000,3.0
1230,-2.000,0.000,1.492,-0.018,0.000,0.000,3.0
1231,-2.000,0.000,1.492,-0.019,0.000,0.000,3.0
1232,-2.000,0.000,1.492,-0.019,0.000,0.000,3.0
1233,-2.000,0.000,1.492,-0.019,0.000,0.000,3.0
1234,-2.000,0.000,1.492,-0.019,0.000,0.000,3.0
1235,-2.000,0.000,1.492,-0.019,0.000,0.000,3.0
1236,-2.000,0.000,1.492,-0.019,0.000,0.000,3.0
1237,-2.000,0.000,1.492,-0.019,0.000,0.000,3.0
1238,-2.000,0.000,1.492,-0.019,0.000,0.000,3.0
1239,-2.000,0.000,1.492,-0.019,0.000,0.000,3.0
1240,-2.000,0.000,1.492,-0.019,0.000,0.000,3.0
1241,-2.000,0.000,1.492,-0.019,0.000,0.000,3.0
1242,-2.000,0.000,1.492,-0.020,0.000,0.000,3.0
1243,-2.000,0.000,1.492,-0.020,0.000,0.000,3.0
1244,-2.000,0.000,1.492,-0.020,0.000,0.000,3.0
1245,-2.000,0.000,1.492,-0.020,0.000,0.000,3.0
1246,-2.000,0.000,1.492,-0.020,0.000,0.000,3.0
1247,-2.000,0.000,1.492,-0.020,0.000,0.000,3.0
1248,-2.000,0.000,1.492,-0.020,0.000,0.000,3.0
1249,-2.000,0.000,1.492,-0.020,0.000,0.000,3.0
1250,-2.000,0.000,1.492,-0.020,0.000,0.000,3.0
1251,-2.000,0.000,1.492,-0.020,0.000,0.000,3.0
1252,-2.000,0.000,1.492,-0.021,0.000,0.000,3.0
1253,-2.000,0.000,1.492,-0.021,0.000,0.000,3.0
1254,-2.000,0.000,1.492,-0.021,0.000,0.000,3.0
1255,-2.000,0.000,1.492,-0.021,0.000,0.000,3.0
1256,-2.000,0.000,1.492,-0.021,0.000,0.000,3.0
1257,-2.000,0.000,1.492,-0.021,0.000,0.000,3.0
1258,-2.000,0.000,1.492,-0.021,0.000,0.000,3.0
1259,-2.000,0.000,1.492,-0.021,0.000,0.000,3.0
1260,-2.000,0.000,1.492,-0.021,0.000,0.000,3.0
1261,-2.000,0.000,1.492,-0.021,0.000,0.000,3.0
1262,-2.000,0.000,1.492,-0.021,0.000,0.000,3.0
1263,-2.000,0.000,1.492,-0.022,0.000,0.000,3.0
1264,-2.000,0.000,1.492,-0.022,0.000,0.000,3.0
1265,-2.000,0.000,1.492,-0.022,0.000,0.000,3.0
1266,-2.000,0.000,1.492,-0.022,0.000,0.000,3.0
1267,-2.000,0.000,1.492,-0.022,0.000,0.000,3.0
1268,-2.000,0.000,1.492,-0.022,0.000,0.000,3.0
1269,-2.000,0.000,1.492,-0.022,0.000,0.000,3.0
1270,-2.000,0.000,1.492,-0.022,0.000,0.000,3.0
1271,-2.000,0.000,1.492,-0.022,0.000,0.000,3.0
1272,-2.000,0.000,1.492,-0.022,0.000,0.000,3.0
1273,-2.000,0.000,1.492,-0.023,0.000,0.000,3.0
1274,-2.000,0.000,1.492,-0.023,0.000,0.000,3.0
1275,-2.000,0.000,1.492,-0.023,0.000,0.000,3.0
1276,-2.000,0.000,1.492,-0.023,0.000,0.000,3.0
1277,-2.000,0.000,1.492,-0.023,0.000,0.000,3.0
1278,-2.000,0.000,1.492,-0.023,0.000,0.000,3.0
1279,-2.000,0.000,1.492,-0.023,0.000,0.000,3.0
1280,-2.000,0.000,1.492,-0.023,0.000,0.000,3.0
1281,-2.000,0.000,1.492,-0.023,0.000,0.000,3.0
1282,-2.000,0.000,1.492,-0.023,0.000,0.000,3.0
1283,-2.000,0.000,1.492,-0.023,0.000,0.000,3.0
1284,-2.000,0.000,1.492,-0.024,0.000,0.000,3.0
1285,-2.000,0.000,1.492,-0.024,0.000,0.000,3.0
1286,-2.000,0.000,1.492,-0.024,0.000,0.000,3.0
1287,-2.000,0.001,1.492,-0.024,0.000,0.000,3.0
1288,-2.000,0.001,1.492,-0.024,0.000,0.000,3.0
1289,-2.000,0.001,1.492,-0.024,0.000,0.000,3.0
1290,-2.000,0.001,1.492,-0.024,0.000,0.000,3.0
1291,-2.000,0.001,1.492,-0.024,0.000,0.000,3.0
1292,-2.000,0.001,1.492,-0.024,0.000,0.000,3.0
1293,-2.000,0.001,1.492,-0.024,0.000,0.000,3.0
1294,-2.000,0.001,1.492,-0.024,0.000,0.000,3.0
1295,-2.000,0.001,1.492,-0.025,0.000,0.000,3.0
1296,-2.000,0.001,1.492,-0.025,0.000,0.000,3.0
1297,-2.000,0.001,1.492,-0.025,0.000,0.000,3.0
1298,-2.000,0.001,1.492,-0.025,0.000,0.000,3.0
1299,-2.000,0.001,1.492,-0.025,0.000,0.000,3.0
1300,-2.000,0.001,1.492,-0.025,0.000,0.000,3.0
1301,-2.000,0.001,1.492,-0.025,0.000,0.000,3.0
1302,-2.000,0.001,1.492,-0.025,0.000,0.000,3.0
1303,-2.000,0.001,1.492,-0.025,0.000,0.000,3.0
1304,-2.000,0.001,1.492,-0.025,0.000,0.000,3.0
1305,-2.000,0.001,1.492,-0.026,0.000,0.000,3.0
1306,-2.000,0.001,1.492,-0.026,0.000,0.000,3.0
1307,-2.000,0.001,1.492,-0.026,0.000,0.000,3.0
1308,-2.000,0.001,1.492,-0.026,0.000,0.000,3.0
1309,-2.000,0.001,1.492,-0.026,0.000,0.000,3.0
1310,-2.000,0.001,1.492,-0.026,0.000,0.000,3.0
1311,-2.000,0.001,1.492,-0.026,0.000,0.000,3.0
1312,-2.000,0.001,1.492,-0.026,0.000,0.000,3.0
1313,-2.000,0.001,1.492,-0.026,0.000,0.000,3.0
1314,-2.000,0.001,1.492,-0.026,0.000,0.000,3.0
1315,-2.000,0.001,1.492,-0.026,0.000,0.000,3.0
1316,-2.000,0.001,1.492,-0.027,0.000,0.000,3.0
1317,-2.000,0.001,1.492,-0.027,0.000,0.000,3.0
1318,-2.000,0.001,1.492,-0.027,0.000,0.000,3.0
1319,-2.000,0.001,1.492,-0.027,0.000,0.000,3.0
1320,-2.000,0.001,1.492,-0.027,0.000,0.000,3.0
1321,-2.000,0.001,1.492,-0.027,0.000,0.000,3.0
1322,-2.000,0.001,1.492,-0.027,0.000,0.000,3.0
1323,-2.000,0.001,1.492,-0.027,0.000,0.000,3.0
1324,-2.000,0.001,1.492,-0.027,0.000,0.000,3.0
1325,-2.000,0.001,1.492,-0.027,0.000,0.000,3.0
1326,-2.000,0.001,1.492,-0.027,0.000,0.000,3.0
1327,-2.000,0.001,1.492,-0.027,0.000,0.000,3.0
1328,-2.000,0.001,1.492,-0.028,0.000,0.000,3.0
1329,-2.000,0.001,1.492,-0.028,0.000,0.000,3.0
1330,-2.000,0.001,1.492,-0.028,0.000,0.000,3.0
1331,-2.000,0.001,1.492,-0.028,0.000,0.000,3.0
1332,-2.000,0.001,1.492,-0.028,0.000,0.000,3.0
1333,-2.000,0.001,1.492,-0.028,0.000,0.000,3.0
1334,-2.000,0.001,1.492,-0.028,0.000,0.000,3.0
1335,-2.000,0.001,1.492,-0.028,0.000,0.000,3.0
1336,-2.000,0.001,1.492,-0.028,0.000,0.000,3.0
1337,-2.000,0.001,1.492,-0.028,0.000,0.000,3.0
1338,-2.000,0.001,1.492,-0.028,0.000,0.000,3.0
1339,-2.000,0.001,1.492,-0.029,0.000,0.000,3.0
1340,-2.000,0.001,1.492,-0.029,0.000,0.000,3.0
1341,-2.000,0.001,1.492,-0.029,0.000,0.000,3.0
1342,-2.000,0.001,1.492,-0.029,0.000,0.000,3.0
1343,-2.000,0.001,1.492,-0.029,0.000,0.000,3.0
1344,-2.000,0.001,1.492,-0.029,0.000,0.000,3.0
1345,-2.000,0.001,1.492,-0.029,0.000,0.000,3.0
1346,-2.000,0.001,1.492,-0.029,0.000,0.000,3.0
1347,-2.000,0.001,1.492,-0.029,0.000,0.000,3.0
1348,-2.000,0.001,1.492,-0.029,0.000,0.000,3.0
1349,-2.000,0.001,1.492,-0.029,0.000,0.000,3.0
1350,-2.000,0.001,1.492,-0.030,0.000,0.000,3.0
1351,-2.000,0.001,1.492,-0.030,0.000,0.000,3.0
1352,-2.000,0.001,1.492,-0.030,0.000,0.000,3.0
1353,-2.000,0.001,1.492,-0.030,0.000,0.000,3.0
1354,-2.000,0.001,1.492,-0.030,0.000,0.000,3.0
1355,-2.000,0.001,1.492,-0.030,0.000,0.000,3.0
1356,-2.000,0.001,1.492,-0.030,0.000,0.000,3.0
1357,-2.000,0.001,1.492,-0.030,0.000,0.000,3.0
1358,-2.000,0.001,1.492,-0.030,0.000,0.000,3.0
1359,-2.000,0.001,1.492,-0.030,0.000,0.000,3.0
1360,-2.000,0.001,1.492,-0.030,0.000,0.000,3.0
1361,-2.000,0.001,1.492,-0.030,0.000,0.000,3.0
1362,-2.000,0.001,1.492,-0.031,0.000,0.000,3.0
1363,-2.000,0.001,1.492,-0.031,0.000,0.000,3.0
1364,-2.000,0.001,1.492,-0.031,0.000,0.000,3.0
1365,-2.000,0.001,1.492,-0.031,0.000,0.000,3.0
1366,-2.000,0.001,1.492,-0.031,0.000,0.000,3.0
1367,-2.000,0.001,1.492,-0.031,0.000,0.000,3.0
1368,-2.000,0.001,1.492,-0.031,0.000,0.000,3.0
1369,-2.000,0.001,1.492,-0.031,0.000,0.000,3.0
1370,-2.000,0.001,1.492,-0.031,0.000,0.000,3.0
1371,-2.000,0.001,1.492,-0.031,0.000,0.000,3.0
1372,-2.000,0.001,1.492,-0.031,0.000,0.000,3.0
1373,-2.000,0.001,1.492,-0.031,0.000,0.000,3.0
1374,-2.000,0.001,1.492,-0.031,0.000,0.000,3.0
1375,-2.000,0.001,1.492,-0.032,0.000,0.000,3.0
1376,-2.000,0.001,1.492,-0.032,0.000,0.000,3.0
1377,-2.000,0.001,1.492,-0.032,0.000,0.000,3.0
1378,-2.000,0.001,1.492,-0.032,0.000,0.000,3.0
1379,-2.000,0.001,1.492,-0.032,0.000,0.000,3.0
1380,-2.000,0.001,1.492,-0.032,0.000,0.000,3.0
1381,-2.000,0.001,1.492,-0.032,0.000,0.000,3.0
1382,-2.000,0.001,1.492,-0.032,0.000,0.000,3.0
1383,-2.000,0.001,1.492,-0.032,0.000,0.000,3.0
1384,-2.000,0.001,1.492,-0.032,0.000,0.000,3.0
1385,-2.000,0.001,1.492,-0.032,0.000,0.000,3.0
1386,-2.000,0.001,1.492,-0.032,0.000,0.000,3.0
1387,-2.000,0.001,1.492,-0.032,0.000,0.000,3.0
1388,-2.000,0.001,1.492,-0.033,0.000,0.000,3.0
1389,-2.000,0.001,1.492,-0.033,0.000,0.000,3.0
1390,-2.000,0.001,1.492,-0.033,0.000,0.000,3.0
1391,-2.000,0.001,1.492,-0.033,0.000,0.000,3.0
1392,-2.000,0.001,1.492,-0.033,0.000,0.000,3.0
1393,-2.000,0.001,1.492,-0.033,0.000,0.000,3.0
1394,-2.000,0.001,1.492,-0.033,0.000,0.000,3.0
1395,-2.000,0.001,1.492,-0.033,0.000,0.000,3.0
1396,-2.000,0.001,1.492,-0.033,0.000,0.000,3.0
1397,-2.000,0.001,1.492,-0.033,0.000,0.000,3.0
1398,-2.000,0.001,1.492,-0.033,0.000,0.000,3.0
1399,-2.000,0.001,1.492,-0.033,0.000,0.000,3.0
1400,-2.000,0.001,1.492,-0.033,0.000,0.000,3.0
1401,-2.000,0.001,1.492,-0.033,0.000,0.000,3.0
1402,-2.000,0.001,1.492,-0.034,0.000,0.000,3.0
1403,-2.000,0.001,1.492,-0.034,0.000,0.000,3.0
1404,-2.000,0.001,1.492,-0.034,0.000,0.000,3.0
1405,-2.000,0.001,1.492,-0.034,0.000,0.000,3.0
1406,-2.000,0.001,1.492,-0.034,0.000,0.000,3.0
1407,-2.000,0.001,1.492,-0.034,0.000,0.000,3.0
1408,-2.000,0.001,1.492,-0.034,0.000,0.000,3.0
1409,-2.000,0.001,1.492,-0.034,0.000,0.000,3.0
1410,-2.000,0.001,1.492,-0.034,0.000,0.000,3.0
1411,-2.000,0.001,1.492,-0.034,0.000,0.000,3.0
1412,-2.000,0.001,1.492,-0.034,0.000,0.000,3.0
1413,-2.000,0.001,1.492,-0.034,0.000,0.000,3.0
1414,-2.000,0.001,1.492,-0.034,0.000,0.000,3.0
1415,-2.000,0.001,1.492,-0.034,0.000,0.000,3.0
1416,-2.000,0.001,1.492,-0.034,0.000,0.000,3.0
1417,-2.000,0.001,1.492,-0.034,0.000,0.000,3.0
1418,-2.000,0.001,1.492,-0.035,0.000,0.000,3.0
1419,-2.000,0.001,1.492,-0.035,0.000,0.000,3.0
1420,-2.000,0.001,1.492,-0.035,0.000,0.000,3.0
1421,-2.000,0.001,1.492,-0.035,0.000,0.000,3.0
1422,-2.000,0.001,1.492,-0.035,0.000,0.000,3.0
1423,-2.000,0.001,1.492,-0.035,0.000,0.000,3.0
1424,-2.000,0.001,1.492,-0.035,0.000,0.000,3.0
1425,-2.000,0.001,1.492,-0.035,0.000,0.000,3.0
1426,-2.000,0.001,1.492,-0.035,0.000,0.000,3.0
1427,-2.000,0.001,1.492,-0.035,0.000,0.000,3.0
1428,-2.000,0.001,1.492,-0.035,0.000,0.000,3.0
1429,-2.000,0.001,1.492,-0.035,0.000,0.000,3.0
1430,-2.000,0.001,1.492,-0.035,0.000,0.000,3.0
1431,-2.000,0.001,1.492,-0.035,0.000,0.000,3.0
1432,-2.000,0.001,1.492,-0.035,0.000,0.000,3.0
1433,-2.000,0.001,1.492,-0.035,0.000,0.000,3.0
1434,-2.000,0.001,1.492,-0.035,0.000,0.000,3.0
1435,-2.000,0.001,1.492,-0.035,0.000,0.000,3.0
1436,-2.000,0.001,1.492,-0.035,0.000,0.000,3.0
1437,-2.000,0.001,1.492,-0.035,0.000,0.000,3.0
1438,-2.000,0.001,1.492,-0.035,0.000,0.000,3.0
1439,-2.000,0.001,1.492,-0.036,0.000,0.000,3.0
1440,-2.000,0.001,1.492,-0.036,0.000,0.000,3.0
1441,-2.000,0.001,1.492,-0.036,0.000,0.000,3.0
1442,-2.000,0.001,1.492,-0.036,0.000,0.000,3.0
1443,-2.000,0.001,1.492,-0.036,0.000,0.000,3.0
1444,-2.000,0.001,1.492,-0.036,0.000,0.000,3.0
1445,-2.000,0.001,1.492,-0.036,0.000,0.000,3.0
1446,-2.000,0.001,1.492,-0.036,0.000,0.000,3.0
1447,-2.000,0.001,1.492,-0.036,0.000,0.000,3.0
1448,-2.000,0.001,1.492,-0.036,0.000,0.000,3.0
1449,-2.000,0.001,1.492,-0.036,0.000,0.000,3.0
1450,-2.000,0.001,1.492,-0.036,0.000,0.000,3.0
1451,-2.000,0.001,1.492,-0.036,0.000,0.000,3.0
1452,-2.000,0.001,1.492,-0.036,0.000,0.000,3.0
1453,-2.000,0.001,1.492,-0.036,0.000,0.000,3.0
1454,-2.000,0.001,1.492,-0.036,0.000,0.000,3.0
1455,-2.000,0.001,1.492,-0.036,0.000,0.000,3.0
1456,-2.000,0.001,1.492,-0.036,0.000,0.000,3.0
1457,-2.000,0.001,1.492,-0.036,0.000,0.000,3.0
1458,-2.000,0.001,1.492,-0.036,0.000,0.000,3.0
1459,-2.000,0.001,1.492,-0.036,0.000,0.000,3.0
1460,-2.000,0.001,1.492,-0.036,0.000,0.000,3.0
1461,-2.000,0.001,1.492,-0.036,0.000,0.000,3.0
1462,-2.000,0.001,1.492,-0.036,0.000,0.000,3.0
1463,-2.000,0.001,1.492,-0.036,0.000,0.000,3.0
1464,-2.000,0.001,1.492,-0.036,0.000,0.000,3.0
1465,-2.000,0.001,1.492,-0.036,0.000,0.000,3.0
1466,-2.000,0.001,1.492,-0.036,0.000,0.000,3.0
1467,-2.000,0.001,1.492,-0.036,0.000,0.000,3.0
1468,-2.000,0.001,1.492,-0.036,0.000,0.000,3.0
1469,-2.000,0.001,1.492,-0.036,0.000,0.000,3.0
1470,-2.000,0.001,1.492,-0.036,0.000,0.000,3.0
1471,-2.000,0.001,1.492,-0.036,0.000,0.000,3.0
1472,-2.000,0.001,1.492,-0.036,0.000,0.000,3.0
1473,-2.000,0.001,1.492,-0.036,0.000,0.000,3.0
1474,-2.000,0.001,1.492,-0.036,0.000,0.000,3.0
1475,-2.000,0.001,1.492,-0.036,0.000,0.000,3.0
1476,-2.000,0.001,1.492,-0.036,0.000,0.000,3.0
1477,-2.000,0.001,1.492,-0.036,0.000,0.000,3.0
1478,-2.000,0.001,1.492,-0.036,0.000,0.000,3.0
1479,-2.000,0.001,1.492,-0.036,0.000,0.000,3.0
1480,-2.000,0.001,1.492,-0.036,0.000,0.000,3.0
1481,-2.000,0.001,1.492,-0.036,0.000,0.000,3.0
1482,-2.000,0.001,1.492,-0.036,0.000,0.000,3.0
1483,-2.000,0.001,1.492,-0.036,0.000,0.000,3.0
1484,-2.000,0.001,1.492,-0.036,0.000,0.000,3.0
1485,-2.000,0.001,1.492,-0.035,0.000,0.000,3.0
1486,-2.000,0.001,1.492,-0.035,0.000,0.000,3.0
1487,-2.000,0.001,1.492,-0.035,0.000,0.000,3.0
1488,-2.000,0.001,1.492,-0.035,0.000,0.000,3.0
1489,-2.000,0.001,1.492,-0.035,0.000,0.000,3.0
1490,-2.000,0.001,1.492,-0.035,0.000,0.000,3.0
1491,-2.000,0.001,1.492,-0.035,0.000,0.000,3.0
1492,-2.000,0.001,1.492,-0.035,0.000,0.000,3.0
1493,-2.000,0.001,1.492,-0.035,0.000,0.000,3.0
1494,-2.000,0.001,1.492,-0.035,0.000,0.000,3.0
1495,-2.000,0.001,1.492,-0.035,0.000,0.000,3.0
1496,-2.000,0.001,1.492,-0.035,0.000,0.000,3.0
1497,-2.000,0.001,1.492,-0.035,0.000,0.000,3.0
1498,-2.000,0.001,1.492,-0.034,0.000,0.000,3.0
1499,-2.000,0.001,1.492,-0.034,0.000,0.000,3.0
1500,-2.000,0.001,1.492,-0.034,0.000,0.000,3.0
1501,-2.000,0.001,1.492,-0.034,0.000,0.000,3.0
1502,-2.000,0.001,1.492,-0.034,0.000,0.000,3.0
1503,-2.000,0.001,1.492,-0.034,0.000,0.000,3.0
1504,-2.000,0.001,1.492,-1.460,-0.010,-0.006,3.0
1505,-2.000,0.001,1.492,-4.464,-0.031,-0.026,3.0
1506,-2.000,0.001,1.492,-3.644,-0.029,-0.025,3.0
1507,-2.001,0.001,1.492,-2.031,0.030,-0.023,3.0
1508,-2.001,0.002,1.492,-0.410,0.157,-0.012,3.0
1509,-2.000,0.002,1.492,0.752,0.279,-0.009,3.0
1510,-1.999,0.002,1.492,1.284,0.306,0.005,3.0
1511,-1.997,0.003,1.492,1.797,0.250,0.021,3.0
1512,-1.993,0.003,1.492,1.568,0.154,0.035,3.0
1513,-1.990,0.003,1.492,1.418,-0.126,0.031,2.0
1514,-1.986,0.003,1.492,1.155,-0.312,0.027,2.0
1515,-1.984,0.003,1.492,0.849,-0.355,0.023,2.0
1516,-1.983,0.003,1.492,0.539,-0.293,0.011,2.0
1517,-1.982,0.003,1.492,0.244,-0.179,-0.005,2.0
1518,-1.983,0.003,1.492,-0.035,-0.059,-0.018,2.0
1519,-1.983,0.003,1.492,-0.301,0.032,-0.025,2.0
1520,-1.984,0.003,1.492,-0.544,0.080,-0.023,2.0
1521,-1.984,0.003,1.492,-0.758,0.088,-0.015,2.0
1522,-1.984,0.003,1.492,-0.874,0.067,-0.003,2.0
1523,-1.984,0.003,1.492,-0.938,0.034,0.009,2.0
1524,-1.984,0.003,1.492,-0.945,0.002,0.016,2.0
1525,-1.983,0.003,1.492,-0.902,-0.020,0.019,2.0
1526,-1.983,0.003,1.492,-0.818,-0.031,0.016,2.0
1527,-1.983,0.003,1.492,-0.701,-0.030,0.010,2.0
1528,-1.983,0.003,1.492,-0.561,-0.023,0.002,2.0
1529,-1.983,0.003,1.492,-0.405,-0.013,-0.005,2.0
1530,-1.983,0.003,1.492,-0.241,-0.003,-0.008,2.0
1531,-1.983,0.003,1.492,-0.077,0.003,-0.009,2.0
1532,-1.983,0.003,1.492,0.081,0.007,-0.007,2.0
1533,-1.983,0.003,1.492,0.226,0.008,-0.004,2.0
1534,-1.983,0.003,1.492,0.355,0.007,0.000,2.0
1535,-1.983,0.003,1.492,0.464,0.004,0.004,2.0
1536,-1.983,0.003,1.492,0.554,0.002,0.005,2.0
1537,-1.983,0.003,1.492,0.618,-0.000,0.005,2.0
1538,-1.983,0.003,1.492,0.661,-0.002,0.004,2.0
1539,-1.983,0.003,1.492,0.682,-0.002,0.002,2.0
1540,-1.983,0.003,1.492,0.686,-0.003,-0.000,2.0
1541,-1.983,0.003,1.492,0.673,-0.002,-0.002,2.0
1542,-1.983,0.003,1.492,0.647,-0.001,-0.002,2.0
1543,-1.983,0.003,1.492,0.611,-0.000,-0.002,2.0
1544,-1.983,0.003,1.492,0.570,0.001,-0.001,2.0
1545,-1.983,0.003,1.492,0.525,0.001,-0.000,2.0
1546,-1.983,0.003,1.492,0.479,0.001,0.001,2.0
1547,-1.983,0.003,1.492,0.436,0.001,0.001,2.0
1548,-1.983,0.003,1.492,0.397,0.001,0.002,2.0
1549,-1.983,0.003,1.492,0.365,0.001,0.001,2.0
1550,-1.983,0.002,1.492,0.339,0.000,0.001,2.0
1551,-1.982,0.002,1.492,0.322,-0.000,0.000,2.0
1552,-1.982,0.002,1.492,0.313,-0.001,0.000,2.0
1553,-1.982,0.002,1.492,0.312,-0.000,-0.000,2.0
1554,-1.982,0.002,1.492,0.318,-0.000,-0.000,2.0
1555,-1.982,0.002,1.492,0.331,-0.000,-0.000,2.0
1556,-1.982,0.002,1.492,0.349,0.000,-0.000,2.0
1557,-1.982,0.002,1.492,0.372,0.000,0.000,2.0
1558,-1.982,0.002,1.492,0.399,0.000,0.000,2.0
1559,-1.982,0.002,1.492,0.427,0.000,0.000,2.0
1560,-1.982,0.002,1.492,0.456,0.000,0.000,2.0
1561,-1.982,0.002,1.492,0.484,0.000,0.000,2.0
1562,-1.982,0.002,1.492,0.511,0.000,0.000,2.0
1563,-1.982,0.002,1.492,0.537,-0.000,-0.000,2.0
1564,-1.982,0.002,1.492,0.559,-0.000,-0.000,2.0
1565,-1.982,0.002,1.492,0.578,-0.000,-0.000,2.0
1566,-1.982,0.002,1.492,0.594,0.174,0.045,2.0
1567,-1.981,0.001,1.492,0.607,0.287,0.078,2.0
1568,-1.980,0.001,1.492,0.617,0.125,0.035,2.0
1569,-1.978,0.000,1.492,0.582,-0.049,-0.010,2.0
1570,-1.976,-0.000,1.492,0.505,-0.160,-0.037,2.0
1571,-1.974,-0.001,1.492,0.455,-0.202,-0.050,2.0
1572,-1.974,-0.001,1.492,0.448,-0.183,-0.049,2.0
1573,-1.974,-0.001,1.492,0.477,-0.125,-0.038,2.0
1574,-1.974,-0.001,1.492,0.530,-0.052,-0.022,2.0
1575,-1.975,-0.001,1.492,0.591,0.012,-0.004,2.0
1576,-1.975,-0.001,1.492,0.647,0.055,0.009,2.0
1577,-1.975,-0.001,1.492,0.689,0.070,0.017,2.0
1578,-1.976,-0.001,1.492,0.718,0.062,0.019,2.0
1579,-1.976,-0.001,1.492,0.726,0.039,0.015,2.0
1580,-1.975,-0.001,1.492,0.723,0.011,0.009,2.0
1581,-1.975,-0.001,1.492,0.714,-0.012,0.001,2.0
1582,-1.975,-0.001,1.492,0.704,-0.026,-0.004,2.0
1583,-1.975,-0.001,1.492,0.695,-0.030,-0.008,2.0
1584,-1.975,-0.001,1.492,0.684,-0.025,-0.008,2.0
1585,-1.975,-0.001,1.492,0.671,-0.015,-0.007,2.0
1586,-1.975,-0.001,1.492,0.657,-0.004,-0.004,2.0
1587,-1.975,-0.001,1.492,0.642,0.005,-0.001,2.0
1588,-1.975,-0.001,1.492,0.629,0.010,0.002,2.0
1589,-1.975,-0.001,1.492,0.619,0.011,0.003,2.0
1590,-1.975,-0.001,1.492,0.611,0.009,0.003,2.0
1591,-1.975,-0.001,1.492,0.607,0.005,0.003,2.0
1592,-1.975,-0.001,1.492,0.606,0.001,0.001,2.0
1593,-1.975,-0.001,1.492,0.607,-0.003,0.000,2.0
1594,-1.975,-0.001,1.492,0.608,-0.004,-0.001,2.0
1595,-1.975,-0.001,1.492,0.611,-0.004,-0.001,2.0
1596,-1.975,-0.001,1.492,0.614,-0.003,-0.002,2.0
1597,-1.975,-0.001,1.492,0.618,-0.002,-0.001,2.0
1598,-1.975,-0.001,1.492,0.621,-0.000,-0.001,2.0
1599,-1.975,-0.001,1.492,0.625,0.001,-0.000,2.0
1600,-1.975,-0.001,1.492,0.627,0.002,0.000,2.0
1601,-1.975,-0.001,1.492,0.629,0.002,0.000,2.0
1602,-1.975,-0.001,1.492,0.630,0.001,0.000,2.0
1603,-1.975,-0.002,1.492,0.630,0.001,0.000,2.0
1604,-1.975,-0.002,1.492,0.629,0.000,0.000,2.0
1605,-1.975,-0.002,1.492,0.628,-0.000,-0.000,2.0
1606,-1.975,-0.002,1.492,0.625,-0.001,-0.000,2.0
1607,-1.975,-0.002,1.492,0.623,-0.001,-0.000,2.0
1608,-1.975,-0.002,1.492,0.619,-0.000,-0.000,2.0
1609,-1.975,-0.002,1.492,0.616,-0.000,-0.000,2.0
1610,-1.975,-0.002,1.492,0.612,0.000,-0.000,2.0
1611,-1.975,-0.002,1.492,0.608,0.000,-0.000,2.0
1612,-1.975,-0.002,1.492,0.604,0.000,-0.000,2.0
1613,-1.975,-0.002,1.492,0.599,0.000,-0.000,2.0
1614,-1.975,-0.002,1.492,0.595,0.000,-0.000,2.0
1615,-1.976,-0.002,1.492,0.591,0.000,-0.000,2.0
1616,-1.976,-0.002,1.492,0.587,-0.000,-0.000,2.0
1617,-1.976,-0.002,1.492,0.583,-0.000,-0.000,2.0
1618,-1.976,-0.002,1.492,0.579,-0.000,-0.000,2.0
1619,-1.976,-0.002,1.492,0.576,-0.000,-0.000,2.0
1620,-1.976,-0.002,1.492,0.572,-0.000,-0.000,2.0
1621,-1.976,-0.002,1.492,0.569,-0.000,-0.000,2.0
1622,-1.976,-0.002,1.492,0.565,0.000,-0.000,2.0
1623,-1.976,-0.002,1.492,0.562,0.000,-0.000,2.0
1624,-1.976,-0.002,1.492,0.558,0.000,-0.000,2.0
1625,-1.976,-0.002,1.492,0.555,0.000,-0.000,2.0
1626,-1.976,-0.002,1.492,0.552,0.000,-0.000,2.0
1627,-1.976,-0.002,1.492,0.548,-0.000,-0.000,2.0
1628,-1.976,-0.002,1.492,0.544,-0.000,-0.000,2.0
1629,-1.976,-0.002,1.492,0.540,-0.000,-0.000,2.0
1630,-1.976,-0.002,1.492,0.537,-0.000,-0.000,2.0
1631,-1.976,-0.002,1.492,0.532,-0.000,-0.000,2.0
1632,-1.976,-0.002,1.492,0.528,-0.000,-0.000,2.0
1633,-1.976,-0.002,1.492,0.524,-0.000,-0.000,2.0
1634,-1.976,-0.002,1.492,0.519,-0.000,-0.000,2.0
1635,-1.976,-0.002,1.492,0.514,-0.000,-0.000,2.0
1636,-1.976,-0.002,1.492,0.509,-0.000,-0.000,2.0
1637,-1.976,-0.002,1.492,0.504,-0.000,-0.000,2.0
1638,-1.976,-0.002,1.492,0.499,-0.000,-0.000,2.0
1639,-1.976,-0.002,1.492,0.494,-0.000,-0.000,2.0
1640,-1.976,-0.002,1.492,0.489,-0.000,-0.000,2.0
1641,-1.976,-0.002,1.492,0.484,-0.000,-0.000,2.0
1642,-1.976,-0.002,1.492,0.478,-0.000,-0.000,2.0
1643,-1.976,-0.002,1.492,0.473,-0.000,-0.000,2.0
1644,-1.976,-0.002,1.492,0.468,-0.000,-0.000,2.0
1645,-1.976,-0.002,1.492,0.462,-0.000,-0.000,2.0
1646,-1.976,-0.002,1.492,0.457,-0.000,-0.000,2.0
1647,-1.976,-0.002,1.492,0.451,-0.000,-0.000,2.0
1648,-1.976,-0.002,1.492,0.446,-0.000,-0.000,2.0
1649,-1.976,-0.002,1.492,0.441,-0.000,-0.000,2.0
1650,-1.976,-0.002,1.492,0.435,-0.000,-0.000,2.0
1651,-1.976,-0.002,1.492,0.425,-0.000,0.000,2.0
1652,-1.976,-0.002,1.492,0.414,-0.000,0.000,2.0
1653,-1.976,-0.002,1.492,0.403,-0.001,0.000,2.0
1654,-1.976,-0.002,1.492,0.392,-0.001,-0.000,2.0
1655,-1.976,-0.002,1.492,0.382,-0.000,-0.000,2.0
1656,-1.976,-0.002,1.492,0.378,-0.000,-0.001,2.0
1657,-1.976,-0.002,1.492,0.374,0.000,-0.001,2.0
1658,-1.976,-0.002,1.492,0.371,0.001,-0.000,2.0
1659,-1.977,-0.002,1.492,0.369,0.001,-0.000,2.0
1660,-1.977,-0.002,1.492,0.368,0.001,-0.000,2.0
1661,-1.977,-0.002,1.492,0.369,0.001,-0.000,2.0
1662,-1.977,-0.002,1.492,0.371,0.001,-0.000,2.0
1663,-1.977,-0.002,1.492,0.365,0.000,-0.000,2.0
1664,-1.977,-0.002,1.492,0.357,0.000,-0.000,2.0
1665,-1.977,-0.002,1.492,0.346,0.000,-0.000,2.0
1666,-1.977,-0.002,1.492,0.337,-0.000,0.001,2.0
1667,-1.977,-0.002,1.492,0.325,-0.001,0.000,2.0
1668,-1.977,-0.002,1.492,0.314,-0.002,0.000,2.0
1669,-1.977,-0.002,1.492,0.303,-0.002,-0.000,2.0
1670,-1.977,-0.002,1.492,0.293,-0.001,-0.001,2.0
1671,-1.977,-0.002,1.492,0.289,-0.000,-0.001,2.0
1672,-1.977,-0.002,1.492,0.285,0.000,-0.001,2.0
1673,-1.977,-0.002,1.492,0.282,0.001,-0.001,2.0
1674,-1.977,-0.002,1.492,0.280,0.001,-0.000,2.0
1675,-1.977,-0.002,1.492,0.279,0.001,-0.000,2.0
1676,-1.977,-0.002,1.492,0.280,0.001,-0.000,2.0
1677,-1.977,-0.002,1.492,0.284,0.001,-0.000,2.0
1678,-1.977,-0.002,1.492,0.277,0.000,-0.000,2.0
1679,-1.977,-0.002,1.492,0.268,0.000,-0.000,2.0
1680,-1.977,-0.002,1.492,0.261,-0.001,0.000,2.0
1681,-1.977,-0.002,1.492,0.251,-0.002,0.001,2.0
1682,-1.977,-0.002,1.492,0.241,-0.002,0.000,2.0
1683,-1.977,-0.002,1.492,0.232,-0.001,0.000,2.0
1684,-1.977,-0.002,1.492,0.224,-0.001,-0.000,2.0
1685,-1.977,-0.002,1.492,0.217,0.000,-0.000,2.0
1686,-1.977,-0.002,1.492,0.212,0.001,-0.001,2.0
1687,-1.977,-0.002,1.492,0.209,0.001,-0.001,2.0
1688,-1.977,-0.002,1.492,0.207,0.001,-0.000,2.0
1689,-1.977,-0.002,1.492,0.208,0.001,-0.001,2.0
1690,-1.977,-0.002,1.492,0.206,-0.006,0.004,2.0
1691,-1.977,-0.002,1.492,0.201,-0.010,0.007,2.0
1692,-1.977,-0.002,1.492,0.191,-0.010,0.007,2.0
1693,-1.978,-0.002,1.492,0.177,-0.008,0.005,2.0
1694,-1.978,-0.002,1.492,0.157,-0.004,0.002,2.0
1695,-1.978,-0.002,1.492,0.132,0.000,-0.001,2.0
1696,-1.978,-0.002,1.492,0.103,0.004,-0.003,2.0
1697,-1.978,-0.002,1.492,0.069,0.005,-0.004,2.0
1698,-1.978,-0.002,1.492,0.032,0.005,-0.003,2.0
1699,-1.978,-0.002,1.492,-0.008,0.005,-0.002,2.0
1700,-1.979,-0.002,1.492,-0.051,0.003,-0.001,2.0
1701,-1.979,-0.002,1.492,-0.094,0.002,-0.000,2.0
1702,-1.979,-0.002,1.492,-0.138,0.001,0.000,2.0
1703,-1.979,-0.002,1.492,-0.182,0.000,0.000,2.0
1704,-1.979,-0.002,1.492,-0.225,0.000,-0.000,2.0
1705,-1.979,-0.002,1.492,-0.266,0.001,-0.001,2.0
1706,-1.979,-0.002,1.492,-0.306,0.001,-0.001,2.0
1707,-1.979,-0.002,1.492,-0.343,0.002,-0.002,2.0
1708,-1.979,-0.002,1.492,-0.378,0.002,-0.002,2.0
1709,-1.979,-0.002,1.492,-0.411,0.002,-0.002,2.0
1710,-1.979,-0.002,1.492,-0.441,0.002,-0.001,2.0
1711,-1.979,-0.002,1.492,-0.469,0.002,-0.001,2.0
1712,-1.979,-0.002,1.492,-0.496,0.002,-0.001,2.0
1713,-1.979,-0.002,1.492,-0.520,0.001,-0.001,2.0
1714,-1.979,-0.002,1.492,-0.543,0.001,-0.001,2.0
1715,-1.979,-0.002,1.492,-0.565,0.001,-0.001,2.0
1716,-1.979,-0.002,1.492,-0.586,0.001,-0.001,2.0
1717,-1.979,-0.002,1.492,-0.605,0.001,-0.001,2.0
1718,-1.979,-0.002,1.492,-0.624,0.001,-0.001,2.0
1719,-1.979,-0.002,1.492,-0.643,0.001,-0.001,2.0
1720,-1.979,-0.002,1.492,-0.661,0.001,-0.001,2.0
1721,-1.979,-0.002,1.492,-0.679,0.001,-0.001,2.0
1722,-1.979,-0.002,1.492,-0.697,0.001,-0.001,2.0
1723,-1.979,-0.002,1.492,-0.715,0.001,-0.001,2.0
1724,-1.979,-0.002,1.492,-0.733,0.001,-0.001,2.0
1725,-1.979,-0.001,1.492,-0.751,0.001,-0.001,2.0
1726,-1.979,-0.001,1.492,-0.769,0.001,-0.001,2.0
1727,-1.979,-0.001,1.492,-0.787,0.001,-0.000,2.0
1728,-1.979,-0.001,1.492,-0.804,0.001,-0.000,2.0
1729,-1.979,-0.001,1.492,-0.821,0.001,-0.000,2.0
1730,-1.979,-0.001,1.492,-0.838,0.001,-0.000,2.0
1731,-1.979,-0.001,1.492,-0.853,0.000,-0.000,2.0
1732,-1.979,-0.001,1.492,-0.867,0.000,-0.000,2.0
1733,-1.979,-0.001,1.492,-0.883,0.001,-0.000,2.0
1734,-1.979,-0.001,1.492,-0.900,0.001,-0.000,2.0
1735,-1.979,-0.001,1.492,-0.907,0.001,0.000,2.0
1736,-1.979,-0.001,1.492,-0.911,0.001,0.000,2.0
1737,-1.979,-0.001,1.492,-0.914,0.000,0.001,2.0
1738,-1.979,-0.001,1.492,-0.916,-0.001,0.001,2.0
1739,-1.979,-0.001,1.492,-0.917,-0.001,0.000,2.0
1740,-1.979,-0.001,1.492,-0.918,-0.001,0.000,2.0
1741,-1.979,-0.000,1.492,-0.918,-0.001,-0.000,2.0
1742,-1.979,-0.000,1.492,-0.916,-0.001,-0.000,2.0
1743,-1.979,-0.000,1.492,-0.921,-0.000,-0.000,2.0
1744,-1.979,-0.000,1.492,-0.929,-0.000,-0.000,2.0
1745,-1.979,-0.000,1.492,-0.938,0.000,-0.002,2.0
1746,-1.979,-0.000,1.492,-0.947,0.001,-0.006,2.0
1747,-1.979,-0.000,1.492,-0.957,0.001,-0.007,2.0
1748,-1.978,0.000,1.492,-0.967,0.001,-0.007,2.0
1749,-1.978,0.000,1.492,-0.977,0.001,-0.004,2.0
1750,-1.978,0.000,1.492,-0.989,0.001,-0.002,2.0
1751,-1.978,0.001,1.492,-1.001,0.001,0.000,2.0
1752,-1.978,0.001,1.492,-1.011,0.000,0.002,2.0
1753,-1.978,0.001,1.492,-1.017,-0.000,0.002,2.0
1754,-1.978,0.001,1.492,-1.015,-0.001,0.002,2.0
1755,-1.978,0.001,1.492,-1.007,-0.001,0.002,2.0
1756,-1.978,0.001,1.492,-0.990,-0.001,0.001,2.0
1757,-1.978,0.001,1.492,-0.966,-0.001,0.001,2.0
1758,-1.978,0.002,1.492,-0.936,-0.001,0.001,2.0
1759,-1.978,0.002,1.492,-0.899,-0.001,0.001,2.0
1760,-1.978,0.002,1.492,-0.857,-0.001,0.001,2.0
1761,-1.978,0.002,1.492,-0.811,-0.001,0.001,2.0
1762,-1.978,0.002,1.492,-0.762,-0.000,0.002,2.0
1763,-1.978,0.002,1.492,-0.711,-0.000,0.001,2.0
1764,-1.978,0.002,1.492,-0.662,0.000,0.001,2.0
1765,-1.978,0.002,1.492,-0.614,-0.000,0.001,2.0
1766,-1.978,0.002,1.492,-0.569,-0.001,0.001,2.0
1767,-1.978,0.002,1.492,-0.527,-0.001,0.001,2.0
1768,-1.978,0.003,1.492,-0.489,-0.002,0.002,2.0
1769,-1.978,0.003,1.492,-0.452,-0.002,0.002,2.0
1770,-1.978,0.003,1.492,-0.418,-0.002,0.002,2.0
1771,-1.978,0.003,1.492,-0.384,-0.002,0.001,2.0
1772,-1.978,0.003,1.492,-0.352,-0.002,0.001,2.0
1773,-1.978,0.003,1.492,-0.331,-0.001,0.001,2.0
1774,-1.978,0.003,1.492,-0.316,0.001,0.001,2.0
1775,-1.978,0.003,1.492,-0.302,0.001,0.001,2.0
1776,-1.978,0.003,1.492,-0.290,0.001,0.001,2.0
1777,-1.978,0.003,1.492,-0.277,0.000,0.001,2.0
1778,-1.978,0.003,1.492,-0.263,-0.001,0.001,2.0
1779,-1.978,0.003,1.492,-0.247,-0.002,0.002,2.0
1780,-1.978,0.003,1.492,-0.230,-0.002,0.002,2.0
1781,-1.978,0.003,1.492,-0.210,-0.002,0.004,2.0
1782,-1.978,0.003,1.492,-0.202,-0.001,0.005,2.0
1783,-1.978,0.003,1.492,-0.199,0.001,0.005,2.0
1784,-1.978,0.003,1.492,-0.198,0.002,0.005,2.0
1785,-1.978,0.003,1.492,-0.200,0.002,0.004,2.0
1786,-1.978,0.003,1.492,-0.204,0.001,0.002,2.0
1787,-1.978,0.003,1.492,-0.211,0.000,0.001,2.0
1788,-1.978,0.003,1.492,-0.220,-0.001,-0.000,2.0
1789,-1.978,0.003,1.492,-0.231,-0.001,-0.001,2.0
1790,-1.978,0.003,1.492,-0.241,-0.001,-0.002,2.0
1791,-1.978,0.003,1.492,-0.249,-0.001,-0.006,2.0
1792,-1.978,0.003,1.492,-0.251,-0.001,-0.008,2.0
1793,-1.978,0.003,1.492,-0.247,-0.000,-0.007,2.0
1794,-1.978,0.003,1.492,-0.238,0.000,-0.004,2.0
1795,-1.978,0.003,1.492,-0.223,0.001,-0.001,2.0
1796,-1.978,0.003,1.492,-0.203,0.000,0.002,2.0
1797,-1.978,0.003,1.492,-0.178,-0.000,0.003,2.0
1798,-1.978,0.003,1.492,-0.149,-0.001,0.003,2.0
1799,-1.978,0.003,1.492,-0.117,-0.001,0.003,2.0
1800,-1.978,0.003,1.492,-0.082,-0.001,0.001,2.0
1801,-1.978,0.003,1.492,-0.046,-0.001,0.000,2.0
1802,-1.978,0.003,1.492,-0.009,-0.001,-0.000,2.0
1803,-1.978,0.003,1.492,0.029,-0.001,-0.001,2.0
1804,-1.978,0.003,1.492,0.065,-0.000,-0.000,2.0
1805,-1.978,0.003,1.492,0.100,-0.000,0.000,2.0
1806,-1.978,0.003,1.492,0.134,-0.000,0.001,2.0
1807,-1.978,0.003,1.492,0.165,-0.000,0.001,2.0
1808,-1.978,0.003,1.492,0.193,0.000,0.002,2.0
1809,-1.978,0.003,1.492,0.220,0.000,0.001,2.0
1810,-1.978,0.003,1.492,0.234,0.001,0.001,2.0
1811,-1.978,0.003,1.492,0.242,0.001,0.000,2.0
1812,-1.978,0.003,1.492,0.248,0.000,0.000,2.0
1813,-1.978,0.003,1.492,0.250,-0.000,0.000,2.0
1814,-1.978,0.003,1.492,0.250,-0.000,-0.000,2.0
1815,-1.979,0.003,1.492,0.248,-0.001,-0.001,2.0
1816,-1.979,0.003,1.492,0.245,-0.001,-0.001,2.0
1817,-1.979,0.003,1.492,0.242,-0.001,-0.001,2.0
1818,-1.979,0.003,1.492,0.236,-0.001,-0.001,2.0
1819,-1.979,0.002,1.492,0.228,-0.001,-0.000,2.0
1820,-1.979,0.002,1.492,0.220,-0.001,-0.000,2.0
1821,-1.979,0.002,1.492,0.221,-0.001,0.001,2.0
1822,-1.979,0.002,1.492,0.225,-0.000,0.000,2.0
1823,-1.979,0.002,1.492,0.232,-0.000,0.001,2.0
1824,-1.979,0.002,1.492,0.241,-0.001,0.001,2.0
1825,-1.979,0.002,1.492,0.252,-0.001,0.000,2.0
1826,-1.979,0.002,1.492,0.266,-0.001,0.000,2.0
1827,-1.979,0.002,1.492,0.281,-0.001,-0.000,2.0
1828,-1.979,0.002,1.492,0.283,0.000,-0.001,2.0
1829,-1.979,0.002,1.492,0.281,0.002,-0.000,2.0
1830,-1.979,0.002,1.492,0.279,0.003,0.000,2.0
1831,-1.979,0.002,1.492,0.275,0.002,-0.000,2.0
1832,-1.980,0.002,1.492,0.269,0.001,-0.000,2.0
1833,-1.980,0.002,1.492,0.264,-0.001,-0.000,2.0
1834,-1.980,0.002,1.492,0.258,-0.002,-0.001,2.0
1835,-1.980,0.002,1.492,0.251,-0.002,-0.001,2.0
1836,-1.980,0.002,1.492,0.242,-0.002,-0.001,2.0
1837,-1.980,0.002,1.492,0.232,-0.001,-0.001,2.0
1838,-1.980,0.002,1.492,0.221,-0.001,-0.001,2.0
1839,-1.980,0.002,1.492,0.208,0.000,-0.001,2.0
1840,-1.980,0.002,1.492,0.194,0.000,-0.000,2.0
1841,-1.980,0.002,1.492,0.178,0.001,0.000,2.0
1842,-1.980,0.002,1.492,0.162,0.001,-0.000,2.0
1843,-1.980,0.002,1.492,0.146,0.001,0.000,2.0
1844,-1.980,0.002,1.492,0.130,0.003,0.000,2.0
1845,-1.980,0.002,1.492,0.116,0.003,0.001,2.0
1846,-1.980,0.002,1.492,0.104,0.002,0.001,2.0
1847,-1.981,0.002,1.492,0.097,0.001,0.001,2.0
1848,-1.981,0.002,1.492,0.092,-0.000,0.000,2.0
1849,-1.981,0.002,1.492,0.091,-0.001,-0.000,2.0
1850,-1.981,0.002,1.492,0.093,-0.001,-0.000,2.0
1851,-1.981,0.002,1.492,0.096,-0.002,-0.001,2.0
1852,-1.981,0.002,1.492,0.100,-0.002,-0.001,2.0
1853,-1.981,0.002,1.492,0.106,-0.001,-0.001,2.0
1854,-1.981,0.002,1.492,0.111,0.000,-0.001,2.0
1855,-1.981,0.002,1.492,0.116,0.001,-0.001,2.0
1856,-1.981,0.002,1.492,0.120,0.002,-0.000,2.0
1857,-1.981,0.002,1.492,0.122,0.001,0.000,2.0
1858,-1.981,0.002,1.492,0.122,0.001,0.000,2.0
1859,-1.981,0.002,1.492,0.120,-0.000,0.000,2.0
1860,-1.981,0.002,1.492,0.115,-0.001,0.000,2.0
1861,-1.981,0.002,1.492,0.110,-0.001,-0.000,2.0
1862,-1.981,0.002,1.492,0.103,-0.000,-0.000,2.0
1863,-1.981,0.002,1.492,0.096,0.000,0.000,2.0
1864,-1.981,0.002,1.492,0.087,0.001,0.000,2.0
1865,-1.981,0.002,1.492,0.079,0.001,0.000,2.0
1866,-1.981,0.002,1.492,0.070,0.001,0.000,2.0
1867,-1.981,0.002,1.492,0.061,0.001,0.000,2.0
1868,-1.981,0.002,1.492,0.049,0.001,-0.000,2.0
1869,-1.982,0.002,1.492,0.038,0.001,-0.000,2.0
1870,-1.982,0.002,1.492,0.028,0.000,-0.000,2.0
1871,-1.982,0.002,1.492,0.020,-0.000,-0.001,2.0
1872,-1.982,0.002,1.492,0.015,-0.001,-0.001,2.0
1873,-1.982,0.002,1.492,0.012,-0.001,-0.000,2.0
1874,-1.982,0.002,1.492,0.012,-0.001,-0.000,2.0
1875,-1.982,0.002,1.492,0.015,-0.001,0.000,2.0
1876,-1.982,0.002,1.492,0.021,-0.001,0.000,2.0
1877,-1.982,0.002,1.492,0.028,-0.000,0.000,2.0
1878,-1.982,0.002,1.492,0.035,0.001,-0.000,2.0
1879,-1.982,0.002,1.492,0.042,0.001,-0.000,2.0
1880,-1.982,0.002,1.492,0.049,0.001,-0.000,2.0
1881,-1.982,0.002,1.492,0.055,0.001,0.000,2.0
1882,-1.982,0.002,1.492,0.061,0.000,0.000,2.0
1883,-1.982,0.002,1.492,0.068,-0.001,0.000,2.0
1884,-1.982,0.002,1.492,0.075,-0.001,0.000,2.0
1885,-1.982,0.002,1.492,0.077,-0.000,0.000,2.0
1886,-1.982,0.002,1.492,0.077,0.000,-0.000,2.0
1887,-1.982,0.002,1.492,0.076,0.000,-0.000,2.0
1888,-1.982,0.002,1.492,0.073,0.000,-0.000,2.0
1889,-1.982,0.002,1.492,0.068,0.000,-0.000,2.0
1890,-1.982,0.002,1.492,0.063,0.000,-0.000,2.0
1891,-1.982,0.002,1.492,0.055,0.001,0.000,2.0
1892,-1.982,0.002,1.492,0.048,0.000,0.000,2.0
1893,-1.982,0.002,1.492,0.040,0.000,0.000,2.0
1894,-1.982,0.002,1.492,0.033,-0.000,-0.000,2.0
1895,-1.982,0.002,1.492,0.025,-0.000,-0.000,2.0
1896,-1.982,0.002,1.492,0.018,-0.000,-0.000,2.0
1897,-1.982,0.002,1.492,0.011,0.000,-0.000,2.0
1898,-1.983,0.002,1.492,0.004,0.000,-0.000,2.0
1899,-1.983,0.002,1.492,-0.003,0.000,0.000,2.0
1900,-1.983,0.002,1.492,-0.012,0.001,0.000,2.0
1901,-1.983,0.002,1.492,-0.019,0.001,0.000,2.0
1902,-1.983,0.002,1.492,-0.028,0.000,0.001,2.0
1903,-1.983,0.002,1.492,-0.036,-0.000,0.000,2.0
1904,-1.983,0.002,1.492,-0.045,-0.001,-0.000,2.0
1905,-1.983,0.002,1.492,-0.054,-0.000,-0.001,2.0
1906,-1.983,0.002,1.492,-0.057,0.000,-0.001,2.0
1907,-1.983,0.002,1.492,-0.060,0.001,-0.001,2.0
1908,-1.983,0.002,1.492,-0.059,0.001,-0.000,2.0
1909,-1.983,0.002,1.492,-0.056,0.000,-0.000,2.0
1910,-1.983,0.002,1.492,-0.052,0.000,0.000,2.0
1911,-1.983,0.002,1.492,-0.046,0.000,0.001,2.0
1912,-1.983,0.002,1.492,-0.038,0.000,0.001,2.0
1913,-1.983,0.002,1.492,-0.030,0.000,0.001,2.0
1914,-1.983,0.002,1.492,-0.023,-0.000,0.000,2.0
1915,-1.983,0.002,1.492,-0.018,-0.001,0.001,2.0
1916,-1.983,0.002,1.492,-0.018,-0.001,0.001,2.0
1917,-1.983,0.002,1.492,-0.022,-0.001,0.000,2.0
1918,-1.983,0.002,1.492,-0.027,-0.000,-0.000,2.0
1919,-1.983,0.002,1.492,-0.034,0.001,-0.001,2.0
1920,-1.983,0.002,1.492,-0.042,0.001,-0.001,2.0
1921,-1.983,0.002,1.492,-0.050,0.001,-0.001,2.0
1922,-1.983,0.002,1.492,-0.058,0.001,-0.001,2.0
1923,-1.983,0.002,1.492,-0.064,0.000,-0.000,2.0
1924,-1.983,0.002,1.492,-0.071,0.000,-0.000,2.0
1925,-1.983,0.002,1.492,-0.073,-0.000,0.000,2.0
1926,-1.983,0.002,1.492,-0.072,-0.001,0.001,2.0
1927,-1.983,0.002,1.492,-0.069,-0.001,0.001,2.0
1928,-1.983,0.002,1.492,-0.063,-0.000,0.000,2.0
1929,-1.983,0.002,1.492,-0.057,0.000,0.000,2.0
1930,-1.983,0.002,1.492,-0.053,0.000,0.000,2.0
1931,-1.983,0.002,1.492,-0.052,0.000,0.000,2.0
1932,-1.983,0.002,1.492,-0.054,0.000,-0.000,2.0
1933,-1.983,0.002,1.492,-0.059,-0.000,-0.000,2.0
1934,-1.983,0.002,1.492,-0.068,-0.000,-0.000,2.0
1935,-1.983,0.002,1.492,-0.078,-0.000,-0.000,2.0
1936,-1.983,0.002,1.492,-0.087,0.001,-0.001,2.0
1937,-1.983,0.002,1.492,-0.097,0.001,-0.001,2.0
1938,-1.983,0.002,1.492,-0.105,0.001,-0.001,2.0
1939,-1.983,0.002,1.492,-0.113,0.001,-0.001,2.0
1940,-1.983,0.002,1.492,-0.119,0.000,-0.000,2.0
1941,-1.983,0.003,1.492,-0.127,-0.000,-0.000,2.0
1942,-1.983,0.003,1.492,-0.137,-0.000,0.000,2.0
1943,-1.983,0.003,1.492,-0.152,0.001,0.000,2.0
1944,-1.983,0.003,1.492,-0.168,0.001,0.000,2.0
1945,-1.983,0.003,1.492,-0.183,0.001,0.000,2.0
1946,-1.983,0.003,1.492,-0.188,0.000,0.000,2.0
1947,-1.983,0.003,1.492,-0.190,-0.001,0.000,2.0
1948,-1.983,0.003,1.492,-0.191,-0.001,0.001,2.0
1949,-1.983,0.003,1.492,-0.189,-0.002,0.001,2.0
1950,-1.983,0.003,1.492,-0.184,-0.002,0.000,2.0
1951,-1.983,0.003,1.492,-0.174,-0.001,0.000,2.0
1952,-1.983,0.003,1.492,-0.159,-0.001,0.001,2.0
1953,-1.983,0.003,1.492,-0.139,-0.001,-0.000,2.0
1954,-1.984,0.003,1.492,-0.116,-0.001,-0.000,2.0
1955,-1.984,0.003,1.492,-0.091,-0.001,-0.000,2.0
1956,-1.984,0.003,1.492,-0.063,-0.001,-0.000,2.0
1957,-1.984,0.003,1.492,-0.037,0.000,0.001,2.0
1958,-1.984,0.003,1.492,-0.010,0.002,0.000,2.0
1959,-1.984,0.003,1.492,0.014,0.003,0.001,2.0
1960,-1.984,0.003,1.492,0.034,0.002,-0.000,2.0
1961,-1.984,0.003,1.492,0.044,0.002,0.000,2.0
1962,-1.984,0.003,1.492,0.049,0.000,-0.000,2.0
1963,-1.984,0.003,1.492,0.050,-0.001,-0.000,2.0
1964,-1.984,0.003,1.492,0.047,-0.001,-0.000,2.0
1965,-1.984,0.003,1.492,0.039,-0.001,-0.001,2.0
1966,-1.984,0.003,1.492,0.028,-0.001,-0.000,2.0
1967,-1.984,0.003,1.492,0.014,-0.001,-0.001,2.0
1968,-1.984,0.003,1.492,-0.001,-0.000,-0.001,2.0
1969,-1.984,0.003,1.492,-0.017,-0.000,-0.000,2.0
1970,-1.984,0.003,1.492,-0.032,0.001,0.001,2.0
1971,-1.984,0.003,1.492,-0.048,0.001,0.001,2.0
1972,-1.984,0.003,1.492,-0.057,0.001,0.001,1
1973,-1.984,0.003,1.492,-0.064,0.001,0.001,1
1974,-1.984,0.003,1.492,-0.071,0.001,0.001,1
1975,-1.984,0.003,1.492,-0.078,0.001,0.001,1
1976,-1.984,0.003,1.492,-0.084,0.000,0.000,1
1977,-1.984,0.003,1.492,-0.089,-0.000,-0.000,1
1978,-1.984,0.003,1.492,-0.094,-0.000,-0.000,1
1979,-1.984,0.003,1.492,-0.098,-0.000,-0.000,1
1980,-1.984,0.003,1.492,-0.102,-0.000,-0.000,1
1981,-1.984,0.003,1.492,-0.106,0.000,-0.000,1
1982,-1.984,0.003,1.492,-0.109,0.000,0.000,1
1983,-1.984,0.003,1.492,-0.112,0.000,0.000,1
1984,-1.984,0.003,1.492,-0.115,0.000,0.000,1
1985,-1.984,0.003,1.492,-0.117,0.000,0.000,1
1986,-1.984,0.003,1.492,-0.119,0.000,0.000,1
1987,-1.984,0.003,1.492,-0.121,-0.000,0.000,1
1988,-1.984,0.003,1.492,-0.123,-0.000,-0.000,1
1989,-1.984,0.003,1.492,-0.125,-0.000,-0.000,1
1990,-1.984,0.003,1.492,-0.126,-0.000,-0.000,1
1991,-1.984,0.003,1.492,-0.128,-0.000,-0.000,1
1992,-1.984,0.003,1.492,-0.129,0.000,-0.000,1
1993,-1.984,0.003,1.492,-0.130,0.000,0.000,1
1994,-1.984,0.003,1.492,-0.131,0.000,0.000,1
1995,-1.984,0.003,1.492,-0.132,0.000,0.000,1
1996,-1.984,0.003,1.492,-0.133,0.000,0.000,1
1997,-1.984,0.003,1.492,-0.134,0.000,0.000,1
1998,-1.984,0.003,1.492,-0.135,-0.000,-0.000,1
1999,-1.984,0.003,1.492,-0.135,-0.000,-0.000,1
2000,-1.984,0.003,1.492,-0.136,-0.000,-0.000,1
2001,-1.984,0.003,1.492,-0.136,-0.000,-0.000,1
2002,-1.984,0.003,1.492,-0.137,-0.000,-0.000,1
2003,-1.984,0.003,1.492,-0.137,0.000,0.000,1
2004,-1.984,0.003,1.492,-0.138,0.000,0.000,1
2005,-1.984,0.003,1.492,-0.138,0.000,0.000,1
2006,-1.984,0.003,1.492,-0.139,0.000,0.000,1
2007,-1.984,0.003,1.492,-0.139,0.000,0.000,1
2008,-1.984,0.003,1.492,-0.139,-0.000,0.000,1
2009,-1.984,0.003,1.492,-0.139,-0.000,-0.000,1
2010,-1.984,0.003,1.492,-0.140,-0.000,-0.000,1
2011,-1.984,0.003,1.492,-0.140,-0.000,-0.000,1
2012,-1.984,0.003,1.492,-0.140,-0.000,-0.000,1
2013,-1.984,0.003,1.492,-0.140,-0.000,-0.000,1
2014,-1.984,0.003,1.492,-0.140,0.000,0.000,1
2015,-1.984,0.003,1.492,-0.141,0.000,0.000,1
2016,-1.984,0.003,1.492,-0.141,0.000,0.000,1
2017,-1.984,0.003,1.492,-0.141,0.000,0.000,1
2018,-1.984,0.003,1.492,-0.141,0.000,0.000,1
2019,-1.984,0.003,1.492,-0.141,-0.000,0.000,1
2020,-1.984,0.003,1.492,-0.141,-0.000,-0.000,1
2021,-1.984,0.003,1.492,-0.141,-0.000,-0.000,1
2022,-1.984,0.003,1.492,-0.141,-0.000,-0.000,1
2023,-1.984,0.003,1.492,-0.141,-0.000,-0.000,1
2024,-1.984,0.003,1.492,-0.141,0.000,-0.000,1
2025,-1.984,0.003,1.492,-0.141,0.000,0.000,1
2026,-1.984,0.003,1.492,-0.141,0.000,0.000,1
2027,-1.984,0.003,1.492,-0.142,0.000,0.000,1
2028,-1.984,0.003,1.492,-0.142,0.000,0.000,1
2029,-1.984,0.003,1.492,-0.142,0.000,0.000,1
2030,-1.984,0.003,1.492,-0.142,-0.000,-0.000,1
2031,-1.984,0.003,1.492,-0.142,-0.000,-0.000,1
2032,-1.984,0.003,1.492,-0.142,-0.000,-0.000,1
2033,-1.984,0.003,1.492,-0.142,-0.000,-0.000,1
2034,-1.984,0.003,1.492,-0.142,-0.000,-0.000,1
2035,-1.984,0.003,1.492,-0.142,0.000,-0.000,1
2036,-1.984,0.003,1.492,-0.142,0.000,0.000,1
2037,-1.984,0.003,1.492,-0.142,0.000,0.000,1
2038,-1.984,0.003,1.492,-0.142,0.000,0.000,1
2039,-1.984,0.003,1.492,-0.142,0.000,0.000,1
2040,-1.984,0.003,1.492,-0.142,-0.000,0.000,1
2041,-1.984,0.003,1.492,-0.142,-0.000,-0.000,1
2042,-1.984,0.003,1.492,-0.142,-0.000,-0.000,1
2043,-1.984,0.003,1.492,-0.142,-0.000,-0.000,1
2044,-1.984,0.003,1.492,-0.142,-0.000,-0.000,1
2045,-1.984,0.003,1.492,-0.142,-0.000,-0.000,1
2046,-1.984,0.003,1.492,-0.142,0.000,0.000,1
2047,-1.984,0.003,1.492,-0.142,0.000,0.000,1
2048,-1.984,0.003,1.492,-0.142,0.000,0.000,1
2049,-1.984,0.003,1.492,-0.142,0.000,0.000,1
2050,-1.984,0.003,1.492,-0.142,0.000,0.000,1
2051,-1.984,0.003,1.492,-0.142,-0.000,0.000,1
2052,-1.984,0.003,1.492,-0.142,-0.000,-0.000,1
2053,-1.984,0.003,1.492,-0.142,-0.000,-0.000,1
2054,-1.984,0.003,1.492,-0.142,-0.000,-0.000,1
2055,-1.984,0.003,1.492,-0.142,-0.000,-0.000,1
2056,-1.984,0.003,1.492,-0.142,0.000,-0.000,1
2057,-1.984,0.003,1.492,-0.142,0.000,0.000,1
2058,-1.984,0.003,1.492,-0.142,0.000,0.000,1
2059,-1.984,0.003,1.492,-0.142,0.000,0.000,1
2060,-1.984,0.003,1.492,-0.142,0.000,0.000,1
2061,-1.984,0.003,1.492,-0.142,0.000,0.000,1
2062,-1.984,0.003,1.492,-0.142,-0.000,-0.000,1
2063,-1.984,0.003,1.492,-0.142,-0.000,-0.000,1
2064,-1.984,0.003,1.492,-0.142,-0.000,-0.000,1
2065,-1.984,0.003,1.492,-0.142,-0.000,-0.000,1
2066,-1.984,0.003,1.492,-0.142,-0.000,-0.000,1
2067,-1.984,0.003,1.492,-0.142,0.000,-0.000,1
2068,-1.984,0.003,1.492,-0.142,0.000,0.000,1
2069,-1.984,0.003,1.492,-0.142,0.000,0.000,1
2070,-1.984,0.003,1.492,-0.142,0.000,0.000,1
2071,-1.984,0.003,1.492,-0.142,0.000,0.000,1
2072,-1.984,0.003,1.492,-0.142,-0.000,0.000,1
2073,-1.984,0.003,1.492,-0.142,-0.000,-0.000,1
2074,-1.984,0.003,1.492,-0.142,-0.000,-0.000,1
2075,-1.984,0.003,1.492,-0.142,-0.000,-0.000,1
2076,-1.984,0.003,1.492,-0.142,-0.000,-0.000,1
2077,-1.984,0.003,1.492,-0.142,-0.000,-0.000,1
2078,-1.984,0.003,1.492,-0.142,0.000,0.000,1
2079,-1.984,0.003,1.492,-0.142,0.000,0.000,1
2080,-1.984,0.003,1.492,-0.142,0.000,0.000,1
2081,-1.984,0.003,1.492,-0.142,0.000,0.000,1
2082,-1.984,0.003,1.492,-0.142,0.000,0.000,1
2083,-1.984,0.003,1.492,-0.142,-0.000,0.000,1
2084,-1.984,0.003,1.492,-0.142,-0.000,-0.000,1
2085,-1.984,0.003,1.492,-0.142,-0.000,-0.000,1
2086,-1.984,0.003,1.492,-0.142,-0.000,-0.000,1
2087,-1.984,0.003,1.492,-0.142,-0.000,-0.000,1
2088,-1.984,0.003,1.492,-0.142,0.000,-0.000,1
2089,-1.984,0.003,1.492,-0.142,0.000,0.000,1
2090,-1.984,0.003,1.492,-0.142,0.000,0.000,1
2091,-1.984,0.003,1.492,-0.142,0.000,0.000,1
2092,-1.984,0.003,1.492,-0.142,0.000,0.000,1
2093,-1.984,0.003,1.492,-0.142,0.000,0.000,1
2094,-1.984,0.003,1.492,-0.142,-0.000,-0.000,1
2095,-1.984,0.003,1.492,-0.142,-0.000,-0.000,1
2096,-1.984,0.003,1.492,-0.142,-0.000,-0.000,1
2097,-1.984,0.003,1.492,-0.142,-0.000,-0.000,1
2098,-1.984,0.003,1.492,-0.142,-0.000,-0.000,1
2099,-1.984,0.003,1.492,-0.142,0.000,-0.000,1
2100,-1.984,0.003,1.492,-0.142,0.000,0.000,1
2101,-1.984,0.003,1.492,-0.142,0.000,0.000,1
2102,-1.984,0.003,1.492,-0.142,0.000,0.000,1
2103,-1.984,0.003,1.492,-0.142,0.000,0.000,1
2104,-1.984,0.003,1.492,-0.142,-0.000,0.000,1
2105,-1.984,0.003,1.492,-0.142,-0.000,-0.000,1
2106,-1.984,0.003,1.492,-0.142,-0.000,-0.000,1
2107,-1.984,0.003,1.492,-0.142,-0.000,-0.000,1
2108,-1.984,0.003,1.492,-0.142,-0.000,-0.000,1
2109,-1.984,0.003,1.492,-0.142,-0.000,-0.000,1
2110,-1.984,0.003,1.492,-0.142,0.000,0.000,1
2111,-1.984,0.003,1.492,-0.142,0.000,0.000,1
2112,-1.984,0.003,1.492,-0.142,0.000,0.000,1
2113,-1.984,0.003,1.492,-0.142,0.000,0.000,1
2114,-1.984,0.003,1.492,-0.142,0.000,0.000,1
2115,-1.984,0.003,1.492,-0.142,-0.000,0.000,1
2116,-1.984,0.003,1.492,-0.142,-0.000,-0.000,1
2117,-1.984,0.003,1.492,-0.142,-0.000,-0.000,1
2118,-1.984,0.003,1.492,-0.142,-0.000,-0.000,1
2119,-1.984,0.003,1.492,-0.142,-0.000,-0.000,1
2120,-1.984,0.003,1.492,-0.142,-0.000,-0.000,1
2121,-1.984,0.003,1.492,-0.142,0.000,0.000,1
2122,-1.984,0.003,1.492,-0.142,0.000,0.000,1
2123,-1.984,0.003,1.492,-0.142,0.000,0.000,1
2124,-1.984,0.003,1.492,-0.142,0.000,0.000,1
2125,-1.984,0.003,1.492,-0.142,0.000,0.000,1
2126,-1.984,0.003,1.492,-0.142,0.000,0.000,1
2127,-1.984,0.003,1.492,-0.142,0.000,0.000,1
2128,-1.984,0.003,1.492,-0.142,0.000,0.000,1
2129,-1.984,0.003,1.492,-0.142,0.000,0.000,1
2130,-1.984,0.003,1.492,-0.142,0.000,-0.000,1
2131,-1.984,0.003,1.492,-0.142,-0.000,-0.000,1
2132,-1.984,0.003,1.492,-0.142,-0.000,0.000,1
2133,-1.984,0.003,1.492,-0.142,-0.000,0.000,1
2134,-1.984,0.003,1.492,-0.142,-0.000,0.000,1
2135,-1.984,0.003,1.492,-0.142,-0.000,0.000,1
2136,-1.984,0.003,1.492,-0.142,-0.000,0.000,1
2137,-1.984,0.003,1.492,-0.142,-0.000,0.000,1
2138,-1.984,0.003,1.492,-0.142,-0.000,0.000,1
2139,-1.984,0.003,1.492,-0.142,-0.000,0.000,1
2140,-1.984,0.003,1.492,-0.142,-0.000,0.000,1
2141,-1.984,0.003,1.492,-0.142,-0.000,0.000,1
2142,-1.984,0.003,1.492,-0.142,-0.000,-0.000,1
2143,-1.984,0.003,1.492,-0.142,-0.000,-0.000,1
2144,-1.984,0.003,1.492,-0.142,-0.000,-0.000,1
2145,-1.984,0.003,1.492,-0.142,0.000,-0.000,1
2146,-1.984,0.003,1.492,-0.142,0.000,0.000,1
2147,-1.984,0.003,1.492,-0.142,0.000,-0.000,1
2148,-1.984,0.003,1.492,-0.142,0.000,-0.000,1
2149,-1.984,0.003,1.492,-0.142,0.000,-0.000,1
2150,-1.984,0.003,1.492,-0.142,0.000,-0.000,1
2151,-1.984,0.003,1.492,-0.142,0.000,-0.000,1
2152,-1.984,0.003,1.492,-0.142,0.000,-0.000,1
2153,-1.984,0.003,1.492,-0.142,0.000,-0.000,1
2154,-1.984,0.003,1.492,-0.142,0.000,-0.000,1
2155,-1.984,0.003,1.492,-0.142,0.000,-0.000,1
2156,-1.984,0.003,1.492,-0.142,0.000,-0.000,1
2157,-1.984,0.003,1.492,-0.142,0.000,0.000,1
2158,-1.984,0.003,1.492,-0.142,0.000,-0.000,1
2159,-1.984,0.003,1.492,-0.142,-0.000,0.000,1
2160,-1.984,0.003,1.492,-0.142,-0.000,0.000,1
2161,-1.984,0.003,1.492,-0.142,-0.000,-0.000,1
2162,-1.984,0.003,1.492,-0.142,-0.000,-0.000,1
2163,-1.984,0.003,1.492,-0.142,-0.000,-0.000,1
2164,-1.984,0.003,1.492,-0.142,-0.000,-0.000,1
2165,-1.984,0.003,1.492,-0.142,-0.000,0.000,1
2166,-1.984,0.003,1.492,-0.142,-0.000,0.000,1
2167,-1.984,0.003,1.492,-0.142,-0.000,0.000,1
2168,-1.984,0.003,1.492,-0.142,-0.000,-0.000,1
2169,-1.984,0.003,1.492,-0.142,-0.000,-0.000,1
2170,-1.984,0.003,1.492,-0.142,-0.000,-0.000,1
2171,-1.984,0.003,1.492,-0.142,-0.000,0.000,1
2172,-1.984,0.003,1.492,-0.142,-0.000,0.000,1
2173,-1.984,0.003,1.492,-0.142,0.000,-0.000,1
2174,-1.984,0.003,1.492,-0.142,0.000,-0.000,1
2175,-1.984,0.003,1.492,-0.142,0.000,-0.000,1
2176,-1.984,0.003,1.492,-0.142,0.000,-0.000,1
2177,-1.984,0.003,1.492,-0.142,0.000,-0.000,1
2178,-1.984,0.003,1.492,-0.142,0.000,0.000,1
2179,-1.984,0.003,1.492,-0.142,0.000,0.000,1
2180,-1.984,0.003,1.492,-0.142,0.000,0.000,1
2181,-1.984,0.003,1.492,-0.142,0.000,-0.000,1
2182,-1.984,0.003,1.492,-0.142,0.000,-0.000,1
2183,-1.984,0.003,1.492,-0.142,0.000,-0.000,1
2184,-1.984,0.003,1.492,-0.142,0.000,-0.000,1
2185,-1.984,0.003,1.492,-0.142,0.000,-0.000,1
2186,-1.984,0.003,1.492,-0.142,0.000,-0.000,1
2187,-1.984,0.003,1.492,-0.142,-0.000,0.000,1
2188,-1.984,0.003,1.492,-0.142,-0.000,0.000,1
2189,-1.984,0.003,1.492,-0.142,-0.000,0.000,1
2190,-1.984,0.003,1.492,-0.142,-0.000,-0.000,1
2191,-1.984,0.003,1.492,-0.142,-0.000,-0.000,1
2192,-1.984,0.003,1.492,-0.142,-0.000,-0.000,1
2193,-1.984,0.003,1.492,-0.142,-0.000,-0.000,1
2194,-1.984,0.003,1.492,-0.142,-0.000,0.000,1
2195,-1.984,0.003,1.492,-0.142,-0.000,0.000,1
2196,-1.984,0.003,1.492,-0.142,-0.000,0.000,1
2197,-1.984,0.003,1.492,-0.142,-0.000,0.000,1
2198,-1.984,0.003,1.492,-0.142,-0.000,-0.000,1
2199,-1.984,0.003,1.492,-0.142,-0.000,-0.000,1
2200,-1.984,0.003,1.492,-0.142,-0.000,-0.000,1
2201,-1.984,0.003,1.492,-0.142,0.000,-0.000,1
2202,-1.984,0.003,1.492,-0.142,0.000,-0.000,1
2203,-1.984,0.003,1.492,-0.142,0.000,-0.000,1
2204,-1.984,0.003,1.492,-0.142,0.000,-0.000,1
2205,-1.984,0.003,1.492,-0.142,0.000,-0.000,1
2206,-1.984,0.003,1.492,-0.142,0.000,0.000,1
2207,-1.984,0.003,1.492,-0.142,0.000,0.000,1
2208,-1.984,0.003,1.492,-0.142,0.000,-0.000,1
2209,-1.984,0.003,1.492,-0.142,0.000,-0.000,1
2210,-1.984,0.003,1.492,-0.142,0.000,0.000,1
2211,-1.984,0.003,1.492,-0.142,0.000,0.000,1
2212,-1.984,0.003,1.492,-0.142,0.000,-0.000,1
2213,-1.984,0.003,1.492,-0.142,0.000,-0.000,1
2214,-1.984,0.003,1.492,-0.142,0.000,-0.000,1
2215,-1.984,0.003,1.492,-0.142,-0.000,-0.000,1
2216,-1.984,0.003,1.492,-0.142,-0.000,-0.000,1
2217,-1.984,0.003,1.492,-0.142,-0.000,-0.000,1
2218,-1.984,0.003,1.492,-0.142,-0.000,-0.000,1
2219,-1.984,0.003,1.492,-0.142,-0.000,0.000,1
2220,-1.984,0.003,1.492,-0.142,-0.000,0.000,1
2221,-1.984,0.003,1.492,-0.142,-0.000,-0.000,1
2222,-1.984,0.003,1.492,-0.142,-0.000,-0.000,1
2223,-1.984,0.003,1.492,-0.142,-0.000,-0.000,1
2224,-1.984,0.003,1.492,-0.142,-0.000,0.000,1
2225,-1.984,0.003,1.492,-0.142,-0.000,0.000,1
2226,-1.984,0.003,1.492,-0.142,-0.000,0.000,1
2227,-1.984,0.003,1.492,-0.142,-0.000,-0.000,1
2228,-1.984,0.003,1.492,-0.142,-0.000,-0.000,1
2229,-1.984,0.003,1.492,-0.142,0.000,-0.000,1
2230,-1.984,0.003,1.492,-0.142,0.000,-0.000,1
2231,-1.984,0.003,1.492,-0.142,0.000,-0.000,1
2232,-1.984,0.003,1.492,-0.142,0.000,-0.000,1
2233,-1.984,0.003,1.492,-0.142,0.000,-0.000,1
2234,-1.984,0.003,1.492,-0.142,0.000,0.000,1
2235,-1.984,0.003,1.492,-0.142,0.000,-0.000,1
2236,-1.984,0.003,1.492,-0.142,0.000,-0.000,1
2237,-1.984,0.003,1.492,-0.142,0.000,-0.000,1
2238,-1.984,0.003,1.492,-0.142,0.000,0.000,1
2239,-1.984,0.003,1.492,-0.142,0.000,-0.000,1
2240,-1.984,0.003,1.492,-0.142,0.000,-0.000,1
2241,-1.984,0.003,1.492,-0.142,0.000,0.000,1
2242,-1.984,0.003,1.492,-0.142,0.000,0.000,1
2243,-1.984,0.003,1.492,-0.142,-0.000,-0.000,1
2244,-1.984,0.003,1.492,-0.142,-0.000,-0.000,1
2245,-1.984,0.003,1.492,-0.142,-0.000,-0.000,1
2246,-1.984,0.003,1.492,-0.142,-0.000,-0.000,1
2247,-1.984,0.003,1.492,-0.142,-0.000,-0.000,1
2248,-1.984,0.003,1.492,-0.142,-0.000,-0.000,1
2249,-1.984,0.003,1.492,-0.142,-0.000,0.000,1
2250,-1.984,0.003,1.492,-0.142,-0.000,0.000,1
2251,-1.984,0.003,1.492,-0.142,-0.000,-0.000,1
2252,-1.984,0.003,1.492,-0.142,-0.000,0.000,1
2253,-1.984,0.003,1.492,-0.142,-0.000,0.000,1
2254,-1.984,0.003,1.492,-0.142,-0.000,0.000,1
2255,-1.984,0.003,1.492,-0.142,-0.000,0.000,1
2256,-1.984,0.003,1.492,-0.142,-0.000,-0.000,1
2257,-1.984,0.003,1.492,-0.142,0.000,-0.000,1
2258,-1.984,0.003,1.492,-0.142,0.000,-0.000,1
2259,-1.984,0.003,1.492,-0.142,0.000,-0.000,1
2260,-1.984,0.003,1.492,-0.142,0.000,-0.000,1
2261,-1.984,0.003,1.492,-0.142,0.000,0.000,1
2262,-1.984,0.003,1.492,-0.142,0.000,0.000,1
2263,-1.984,0.003,1.492,-0.142,0.000,-0.000,1
2264,-1.984,0.003,1.492,-0.142,0.000,-0.000,1
2265,-1.984,0.003,1.492,-0.142,0.000,-0.000,1
2266,-1.984,0.003,1.492,-0.142,0.000,-0.000,1
2267,-1.984,0.003,1.492,-0.142,0.000,-0.000,1
2268,-1.984,0.003,1.492,-0.142,0.000,0.000,1
2269,-1.984,0.003,1.492,-0.142,0.000,-0.000,1
2270,-1.984,0.003,1.492,-0.142,-0.000,-0.000,1
2271,-1.984,0.003,1.492,-0.142,-0.000,-0.000,1
2272,-1.984,0.003,1.492,-0.142,-0.000,0.000,1
2273,-1.984,0.003,1.492,-0.142,-0.000,0.000,1
2274,-1.984,0.003,1.492,-0.142,-0.000,-0.000,1
2275,-1.984,0.003,1.492,-0.142,-0.000,-0.000,1
2276,-1.984,0.003,1.492,-0.142,-0.000,-0.000,1
2277,-1.984,0.003,1.492,-0.142,-0.000,0.000,1
2278,-1.984,0.003,1.492,-0.142,-0.000,0.000,1
2279,-1.984,0.003,1.492,-0.142,-0.000,0.000,1
2280,-1.984,0.003,1.492,-0.142,-0.000,0.000,1
2281,-1.984,0.003,1.492,-0.142,-0.000,-0.000,1
2282,-1.984,0.003,1.492,-0.142,-0.000,0.000,1
2283,-1.984,0.003,1.492,-0.142,-0.000,0.000,1
2284,-1.984,0.003,1.492,-0.142,0.000,-0.000,1
2285,-1.984,0.003,1.492,-0.142,0.000,-0.000,1
2286,-1.984,0.003,1.492,-0.142,0.000,-0.000,1
2287,-1.984,0.003,1.492,-0.142,0.000,0.000,1
2288,-1.984,0.003,1.492,-0.142,0.000,0.000,1
2289,-1.984,0.003,1.492,-0.142,0.000,-0.000,1
2290,-1.984,0.003,1.492,-0.142,0.000,-0.000,1
2291,-1.984,0.003,1.492,-0.142,0.000,-0.000,1
2292,-1.984,0.003,1.492,-0.142,0.000,-0.000,1
2293,-1.984,0.003,1.492,-0.142,0.000,0.000,1
2294,-1.984,0.003,1.492,-0.142,0.000,-0.000,1
2295,-1.984,0.003,1.492,-0.142,0.000,-0.000,1
2296,-1.984,0.003,1.492,-0.142,0.000,0.000,1
2297,-1.984,0.003,1.492,-0.142,0.000,-0.000,1
2298,-1.984,0.003,1.492,-0.142,-0.000,-0.000,1
2299,-1.984,0.003,1.492,-0.142,-0.000,-0.000,1
2300,-1.984,0.003,1.492,-0.142,-0.000,0.000,1
2301,-1.984,0.003,1.492,-0.142,-0.000,-0.000,1
2302,-1.984,0.003,1.492,-0.142,-0.000,-0.000,1
2303,-1.984,0.003,1.492,-0.142,-0.000,-0.000,1
2304,-1.984,0.003,1.492,-0.142,-0.000,-0.000,1
2305,-1.984,0.003,1.492,-0.142,-0.000,-0.000,1
2306,-1.984,0.003,1.492,-0.142,-0.000,-0.000,1
2307,-1.984,0.003,1.492,-0.142,-0.000,-0.000,1
2308,-1.984,0.003,1.492,-0.142,-0.000,-0.000,1
2309,-1.984,0.003,1.492,-0.142,-0.000,-0.000,1
2310,-1.984,0.003,1.492,-0.142,-0.000,0.000,1
2311,-1.984,0.003,1.492,-0.142,-0.000,0.000,1
2312,-1.984,0.003,1.492,-0.142,0.000,0.000,1
2313,-1.984,0.003,1.492,-0.142,0.000,0.000,1
2314,-1.984,0.003,1.492,-0.142,0.000,-0.000,1
2315,-1.984,0.003,1.492,-0.142,0.000,-0.000,1
2316,-1.984,0.003,1.492,-0.142,0.000,-0.000,1
2317,-1.984,0.003,1.492,-0.142,0.000,-0.000,1
2318,-1.984,0.003,1.492,-0.142,0.000,-0.000,1
2319,-1.984,0.003,1.492,-0.142,0.000,-0.000,1
2320,-1.984,0.003,1.492,-0.142,0.000,-0.000,1
2321,-1.984,0.003,1.492,-0.142,0.000,-0.000,1
2322,-1.984,0.003,1.492,-0.142,0.000,0.000,1
2323,-1.984,0.003,1.492,-0.142,0.000,0.000,1
2324,-1.984,0.003,1.492,-0.142,0.000,-0.000,1
2325,-1.984,0.003,1.492,-0.142,0.000,0.000,1
2326,-1.984,0.003,1.492,-0.142,-0.000,0.000,1
2327,-1.984,0.003,1.492,-0.142,-0.000,-0.000,1
2328,-1.984,0.003,1.492,-0.142,-0.000,-0.000,1
2329,-1.984,0.003,1.492,-0.142,-0.000,-0.000,1
2330,-1.984,0.003,1.492,-0.142,-0.000,-0.000,1
2331,-1.984,0.003,1.492,-0.142,-0.000,-0.000,1
2332,-1.984,0.003,1.492,-0.142,-0.000,0.000,1
2333,-1.984,0.003,1.492,-0.142,-0.000,0.000,1
2334,-1.984,0.003,1.492,-0.142,-0.000,0.000,1
2335,-1.984,0.003,1.492,-0.142,-0.000,0.000,1
2336,-1.984,0.003,1.492,-0.142,-0.000,-0.000,1
2337,-1.984,0.003,1.492,-0.142,-0.000,-0.000,1
2338,-1.984,0.003,1.492,-0.142,-0.000,-0.000,1
2339,-1.984,0.003,1.492,-0.142,-0.000,0.000,1
2340,-1.984,0.003,1.492,-0.142,0.000,0.000,1
2341,-1.984,0.003,1.492,-0.142,0.000,0.000,1
2342,-1.984,0.003,1.492,-0.142,0.000,-0.000,1
2343,-1.984,0.003,1.492,-0.142,0.000,-0.000,1
2344,-1.984,0.003,1.492,-0.142,0.000,-0.000,1
2345,-1.984,0.003,1.492,-0.142,0.000,-0.000,1
2346,-1.984,0.003,1.492,-0.142,0.000,-0.000,1
2347,-1.984,0.003,1.492,-0.142,0.000,-0.000,1
2348,-1.984,0.003,1.492,-0.142,0.000,0.000,1
2349,-1.984,0.003,1.492,-0.142,0.000,0.000,1
2350,-1.984,0.003,1.492,-0.142,0.000,-0.000,1
2351,-1.984,0.003,1.492,-0.142,0.000,-0.000,1
2352,-1.984,0.003,1.492,-0.142,0.000,-0.000,1
2353,-1.984,0.003,1.492,-0.142,0.000,0.000,1
2354,-1.984,0.003,1.492,-0.142,-0.000,-0.000,1
2355,-1.984,0.003,1.492,-0.142,-0.000,-0.000,1
2356,-1.984,0.003,1.492,-0.142,-0.000,-0.000,1
2357,-1.984,0.003,1.492,-0.142,-0.000,0.000,1
2358,-1.984,0.003,1.492,-0.142,-0.000,-0.000,1
2359,-1.984,0.003,1.492,-0.142,-0.000,-0.000,1
2360,-1.984,0.003,1.492,-0.142,-0.000,0.000,1
2361,-1.984,0.003,1.492,-0.142,-0.000,0.000,1
2362,-1.984,0.003,1.492,-0.142,-0.000,-0.000,1
2363,-1.984,0.003,1.492,-0.142,-0.000,-0.000,1
2364,-1.984,0.003,1.492,-0.142,-0.000,-0.000,1
2365,-1.984,0.003,1.492,-0.142,-0.000,-0.000,1
2366,-1.984,0.003,1.492,-0.142,-0.000,0.000,1
2367,-1.984,0.003,1.492,-0.142,-0.000,0.000,1
2368,-1.984,0.003,1.492,-0.142,0.000,0.000,1
2369,-1.984,0.003,1.492,-0.142,0.000,0.000,1
2370,-1.984,0.003,1.492,-0.142,0.000,-0.000,1
2371,-1.984,0.003,1.492,-0.142,0.000,-0.000,1
2372,-1.984,0.003,1.492,-0.142,0.000,-0.000,1
2373,-1.984,0.003,1.492,-0.142,0.000,0.000,1
2374,-1.984,0.003,1.492,-0.142,0.000,-0.000,1
2375,-1.984,0.003,1.492,-0.142,0.000,-0.000,1
2376,-1.984,0.003,1.492,-0.142,0.000,-0.000,1
2377,-1.984,0.003,1.492,-0.142,0.000,0.000,1
2378,-1.984,0.003,1.492,-0.142,0.000,-0.000,1
2379,-1.984,0.003,1.492,-0.142,0.000,-0.000,1
2380,-1.984,0.003,1.492,-0.142,0.000,-0.000,1
2381,-1.984,0.003,1.492,-0.142,0.000,0.000,1
2382,-1.984,0.003,1.492,-0.142,-0.000,0.000,1
2383,-1.984,0.003,1.492,-0.142,-0.000,-0.000,1
2384,-1.984,0.003,1.492,-0.142,-0.000,-0.000,1
2385,-1.984,0.003,1.492,-0.142,-0.000,-0.000,1
2386,-1.984,0.003,1.492,-0.142,-0.000,-0.000,1
2387,-1.984,0.003,1.492,-0.142,-0.000,-0.000,1
2388,-1.984,0.003,1.492,-0.142,-0.000,-0.000,1
2389,-1.984,0.003,1.492,-0.142,-0.000,-0.000,1
2390,-1.984,0.003,1.492,-0.142,-0.000,-0.000,1
2391,-1.984,0.003,1.492,-0.142,-0.000,0.000,1
2392,-1.984,0.003,1.492,-0.142,-0.000,0.000,1
2393,-1.984,0.003,1.492,-0.142,-0.000,0.000,1
2394,-1.984,0.003,1.492,-0.142,-0.000,0.000,1
2395,-1.984,0.003,1.492,-0.142,-0.000,-0.000,1
2396,-1.984,0.003,1.492,-0.142,0.000,-0.000,1
2397,-1.984,0.003,1.492,-0.142,0.000,-0.000,1
2398,-1.984,0.003,1.492,-0.142,0.000,-0.000,1
2399,-1.984,0.003,1.492,-0.142,0.000,-0.000,1
2400,-1.984,0.003,1.492,-0.142,0.000,-0.000,1
2401,-1.984,0.003,1.492,-0.142,0.000,0.000,1
2402,-1.984,0.003,1.492,-0.142,0.000,-0.000,1
2403,-1.984,0.003,1.492,-0.142,0.000,-0.000,1
2404,-1.984,0.003,1.492,-0.142,0.000,-0.000,1
2405,-1.984,0.003,1.492,-0.142,0.000,0.000,1
2406,-1.984,0.003,1.492,-0.142,0.000,-0.000,1
2407,-1.984,0.003,1.492,-0.142,0.000,-0.000,1
2408,-1.984,0.003,1.492,-0.142,0.000,-0.000,1
2409,-1.984,0.003,1.492,-0.142,0.000,0.000,1
2410,-1.984,0.003,1.492,-0.142,-0.000,-0.000,1
2411,-1.984,0.003,1.492,-0.142,-0.000,-0.000,1
2412,-1.984,0.003,1.492,-0.142,-0.000,-0.000,1
2413,-1.984,0.003,1.492,-0.142,-0.000,-0.000,1
2414,-1.984,0.003,1.492,-0.142,-0.000,-0.000,1
2415,-1.984,0.003,1.492,-0.142,-0.000,0.000,1
2416,-1.984,0.003,1.492,-0.142,-0.000,0.000,1
2417,-1.984,0.003,1.492,-0.142,-0.000,0.000,1
2418,-1.984,0.003,1.492,-0.142,-0.000,0.000,1
2419,-1.984,0.003,1.492,-0.142,-0.000,-0.000,1
2420,-1.984,0.003,1.492,-0.142,-0.000,-0.000,1
2421,-1.984,0.003,1.492,-0.142,-0.000,-0.000,1
2422,-1.984,0.003,1.492,-0.142,-0.000,-0.000,1
2423,-1.984,0.003,1.492,-0.142,-0.000,0.000,1
2424,-1.984,0.003,1.492,-0.142,0.000,0.000,1
2425,-1.984,0.003,1.492,-0.142,0.000,-0.000,1
2426,-1.984,0.003,1.492,-0.142,0.000,-0.000,1
2427,-1.984,0.003,1.492,-0.142,0.000,-0.000,1
2428,-1.984,0.003,1.492,-0.142,0.000,0.000,1
2429,-1.984,0.003,1.492,-0.142,0.000,-0.000,1
2430,-1.984,0.003,1.492,-0.142,0.000,0.000,1
2431,-1.984,0.003,1.492,-0.142,0.000,0.000,1
2432,-1.984,0.003,1.492,-0.142,0.000,-0.000,1
2433,-1.984,0.003,1.492,-0.142,0.000,-0.000,1
2434,-1.984,0.003,1.492,-0.142,0.000,-0.000,1
2435,-1.984,0.003,1.492,-0.142,0.000,-0.000,1
2436,-1.984,0.003,1.492,-0.142,0.000,-0.000,1
2437,-1.984,0.003,1.492,-0.142,0.000,0.000,1
2438,-1.984,0.003,1.492,-0.142,-0.000,0.000,1
2439,-1.984,0.003,1.492,-0.142,-0.000,0.000,1
2440,-1.984,0.003,1.492,-0.142,-0.000,0.000,1
2441,-1.984,0.003,1.492,-0.142,-0.000,-0.000,1
2442,-1.984,0.003,1.492,-0.142,-0.000,-0.000,1
2443,-1.984,0.003,1.492,-0.142,-0.000,-0.000,1
2444,-1.984,0.003,1.492,-0.142,-0.000,-0.000,1
2445,-1.984,0.003,1.492,-0.142,-0.000,-0.000,1
2446,-1.984,0.003,1.492,-0.142,-0.000,-0.000,1
2447,-1.984,0.003,1.492,-0.142,-0.000,-0.000,1
2448,-1.984,0.003,1.492,-0.142,-0.000,0.000,1
2449,-1.984,0.003,1.492,-0.142,-0.000,0.000,1
2450,-1.984,0.003,1.492,-0.142,-0.000,0.000,1
2451,-1.984,0.003,1.492,-0.142,-0.000,0.000,1
2452,-1.984,0.003,1.492,-0.142,0.000,-0.000,1
2453,-1.984,0.003,1.492,-0.142,0.000,0.000,1
2454,-1.984,0.003,1.492,-0.142,0.000,0.000,1
2455,-1.984,0.003,1.492,-0.142,0.000,-0.000,1
2456,-1.984,0.003,1.492,-0.142,0.000,-0.000,1
2457,-1.984,0.003,1.492,-0.142,0.000,-0.000,1
2458,-1.984,0.003,1.492,-0.142,0.000,-0.000,1
2459,-1.984,0.003,1.492,-0.142,0.000,-0.000,1
2460,-1.984,0.003,1.492,-0.142,0.000,0.000,1
2461,-1.984,0.003,1.492,-0.142,0.000,-0.000,1
2462,-1.984,0.003,1.492,-0.142,0.000,-0.000,1
2463,-1.984,0.003,1.492,-0.142,0.000,-0.000,1
2464,-1.984,0.003,1.492,-0.142,0.000,-0.000,1
2465,-1.984,0.003,1.492,-0.142,0.000,-0.000,1
2466,-1.984,0.003,1.492,-0.142,-0.000,-0.000,1
2467,-1.984,0.003,1.492,-0.142,-0.000,0.000,1
2468,-1.984,0.003,1.492,-0.142,-0.000,0.000,1
2469,-1.984,0.003,1.492,-0.142,-0.000,0.000,1
2470,-1.984,0.003,1.492,-0.142,-0.000,0.000,1
2471,-1.984,0.003,1.492,-0.142,-0.000,-0.000,1
2472,-1.984,0.003,1.492,-0.142,-0.000,0.000,1
2473,-1.984,0.003,1.492,-0.142,-0.000,-0.000,1
2474,-1.984,0.003,1.492,-0.142,-0.000,-0.000,1
2475,-1.984,0.003,1.492,-0.142,-0.000,-0.000,1
2476,-1.984,0.003,1.492,-0.142,-0.000,-0.000,1
2477,-1.984,0.003,1.492,-0.142,-0.000,0.000,1
2478,-1.984,0.003,1.492,-0.142,-0.000,0.000,1
2479,-1.984,0.003,1.492,-0.142,-0.000,0.000,1
2480,-1.984,0.003,1.492,-0.142,0.000,-0.000,1
2481,-1.984,0.003,1.492,-0.142,0.000,-0.000,1
2482,-1.984,0.003,1.492,-0.142,0.000,-0.000,1
2483,-1.984,0.003,1.492,-0.142,0.000,-0.000,1
2484,-1.984,0.003,1.492,-0.142,0.000,-0.000,1
2485,-1.984,0.003,1.492,-0.142,0.000,-0.000,1
2486,-1.984,0.003,1.492,-0.142,0.000,0.000,1
2487,-1.984,0.003,1.492,-0.142,0.000,0.000,1
2488,-1.984,0.003,1.492,-0.142,0.000,-0.000,1
2489,-1.984,0.003,1.492,-0.142,0.000,-0.000,1
2490,-1.984,0.003,1.492,-0.142,0.000,-0.000,1
2491,-1.984,0.003,1.492,-0.142,0.000,0.000,1
2492,-1.984,0.003,1.492,-0.142,0.000,-0.000,1
2493,-1.984,0.003,1.492,-0.142,0.000,-0.000,1
2494,-1.984,0.003,1.492,-0.142,-0.000,-0.000,1
2495,-1.984,0.003,1.492,-0.142,-0.000,0.000,1
2496,-1.984,0.003,1.492,-0.142,-0.000,-0.000,1
2497,-1.984,0.003,1.492,-0.142,-0.000,-0.000,1
2498,-1.984,0.003,1.492,-0.142,-0.000,-0.000,1
2499,-1.984,0.003,1.492,-0.142,-0.000,0.000,1
2500,-1.984,0.003,1.492,-0.142,-0.000,-0.000,1
2501,-1.984,0.003,1.492,-0.142,-0.000,-0.000,1
2502,-1.984,0.003,1.492,-0.142,-0.000,-0.000,1
2503,-1.984,0.003,1.492,-0.142,-0.000,0.000,1
2504,-1.984,0.003,1.492,-0.142,-0.000,-0.000,1
2505,-1.984,0.003,1.492,-0.142,-0.000,-0.000,1
2506,-1.984,0.003,1.492,-0.142,-0.000,0.000,1
2507,-1.984,0.003,1.492,-0.142,-0.000,0.000,1
2508,-1.984,0.003,1.492,-0.142,0.000,-0.000,1
2509,-1.984,0.003,1.492,-0.142,0.000,-0.000,1
2510,-1.984,0.003,1.492,-0.142,0.000,-0.000,1
2511,-1.984,0.003,1.492,-0.142,0.000,0.000,1
2512,-1.984,0.003,1.492,-0.142,0.000,-0.000,1
2513,-1.984,0.003,1.492,-0.142,0.000,-0.000,1
2514,-1.984,0.003,1.492,-0.142,0.000,-0.000,1
2515,-1.984,0.003,1.492,-0.142,0.000,0.000,1
2516,-1.984,0.003,1.492,-0.142,0.000,-0.000,1
2517,-1.984,0.003,1.492,-0.142,0.000,-0.000,1
2518,-1.984,0.003,1.492,-0.142,0.000,-0.000,1
2519,-1.984,0.003,1.492,-0.142,0.000,0.000,1
2520,-1.984,0.003,1.492,-0.142,0.000,0.000,1
2521,-1.984,0.003,1.492,-0.142,-0.000,-0.000,1
2522,-1.984,0.003,1.492,-0.142,-0.000,-0.000,1
2523,-1.984,0.003,1.492,-0.142,-0.000,-0.000,1
2524,-1.984,0.003,1.492,-0.142,-0.000,-0.000,1
2525,-1.984,0.003,1.492,-0.142,-0.000,-0.000,1
2526,-1.984,0.003,1.492,-0.142,-0.000,-0.000,1
2527,-1.984,0.003,1.492,-0.142,-0.000,-0.000,1
2528,-1.984,0.003,1.492,-0.142,-0.000,0.000,1
2529,-1.984,0.003,1.492,-0.142,-0.000,0.000,1
2530,-1.984,0.003,1.492,-0.142,-0.000,0.000,1
2531,-1.984,0.003,1.492,-0.142,-0.000,0.000,1
2532,-1.984,0.003,1.492,-0.142,-0.000,-0.000,1
2533,-1.984,0.003,1.492,-0.142,-0.000,-0.000,1
2534,-1.984,0.003,1.492,-0.142,-0.000,-0.000,1
2535,-1.984,0.003,1.492,-0.142,0.000,-0.000,1
2536,-1.984,0.003,1.492,-0.142,0.000,0.000,1
2537,-1.984,0.003,1.492,-0.142,0.000,-0.000,1
2538,-1.984,0.003,1.492,-0.142,0.000,-0.000,1
2539,-1.984,0.003,1.492,-0.142,0.000,-0.000,1
2540,-1.984,0.003,1.492,-0.142,0.000,-0.000,1
2541,-1.984,0.003,1.492,-0.142,0.000,-0.000,1
2542,-1.984,0.003,1.492,-0.142,0.000,0.000,1
2543,-1.984,0.003,1.492,-0.142,0.000,-0.000,1
2544,-1.984,0.003,1.492,-0.142,0.000,0.000,1
2545,-1.984,0.003,1.492,-0.142,0.000,0.000,1
2546,-1.984,0.003,1.492,-0.142,0.000,-0.000,1
2547,-1.984,0.003,1.492,-0.142,0.000,-0.000,1
2548,-1.984,0.003,1.492,-0.142,0.000,-0.000,1
2549,-1.984,0.003,1.492,-0.142,-0.000,-0.000,1
2550,-1.984,0.003,1.492,-0.142,-0.000,-0.000,1
2551,-1.984,0.003,1.492,-0.142,-0.000,0.000,1
2552,-1.984,0.003,1.492,-0.142,-0.000,0.000,1
2553,-1.984,0.003,1.492,-0.142,-0.000,0.000,1
2554,-1.984,0.003,1.492,-0.142,-0.000,0.000,1
2555,-1.984,0.003,1.492,-0.142,-0.000,-0.000,1
2556,-1.984,0.003,1.492,-0.142,-0.000,-0.000,1
2557,-1.984,0.003,1.492,-0.142,-0.000,-0.000,1
2558,-1.984,0.003,1.492,-0.142,-0.000,-0.000,1
2559,-1.984,0.003,1.492,-0.142,-0.000,-0.000,1
2560,-1.984,0.003,1.492,-0.142,-0.000,0.000,1
2561,-1.984,0.003,1.492,-0.142,-0.000,0.000,1
2562,-1.984,0.003,1.492,-0.142,-0.000,-0.000,1
2563,-1.984,0.003,1.492,-0.142,0.000,0.000,1
2564,-1.984,0.003,1.492,-0.142,0.000,0.000,1
2565,-1.984,0.003,1.492,-0.142,0.000,-0.000,1
2566,-1.984,0.003,1.492,-0.142,0.000,-0.000,1
2567,-1.984,0.003,1.492,-0.142,0.000,0.000,1
2568,-1.984,0.003,1.492,-0.142,0.000,-0.000,1
2569,-1.984,0.003,1.492,-0.142,0.000,-0.000,1
2570,-1.984,0.003,1.492,-0.142,0.000,-0.000,1
2571,-1.984,0.003,1.492,-0.142,0.000,-0.000,1
2572,-1.984,0.003,1.492,-0.142,0.000,-0.000,1
2573,-1.984,0.003,1.492,-0.142,0.000,-0.000,1
2574,-1.984,0.003,1.492,-0.142,0.000,-0.000,1
2575,-1.984,0.003,1.492,-0.142,0.000,-0.000,1
2576,-1.984,0.003,1.492,-0.142,0.000,-0.000,1
2577,-1.984,0.003,1.492,-0.142,-0.000,-0.000,1
2578,-1.984,0.003,1.492,-0.142,-0.000,0.000,1
2579,-1.984,0.003,1.492,-0.142,-0.000,0.000,1
2580,-1.984,0.003,1.492,-0.142,-0.000,-0.000,1
2581,-1.984,0.003,1.492,-0.142,-0.000,-0.000,1
2582,-1.984,0.003,1.492,-0.142,-0.000,-0.000,1
2583,-1.984,0.003,1.492,-0.142,-0.000,-0.000,1
2584,-1.984,0.003,1.492,-0.142,-0.000,-0.000,1
2585,-1.984,0.003,1.492,-0.142,-0.000,-0.000,1
2586,-1.984,0.003,1.492,-0.142,-0.000,-0.000,1
2587,-1.984,0.003,1.492,-0.142,-0.000,0.000,1
2588,-1.984,0.003,1.492,-0.142,-0.000,0.000,1
2589,-1.984,0.003,1.492,-0.142,-0.000,-0.000,1
2590,-1.984,0.003,1.492,-0.142,-0.000,0.000,1
2591,-1.984,0.003,1.492,-0.142,0.000,0.000,1
2592,-1.984,0.003,1.492,-0.142,0.000,0.000,1
2593,-1.984,0.003,1.492,-0.142,0.000,0.000,1
2594,-1.984,0.003,1.492,-0.142,0.000,-0.000,1
2595,-1.984,0.003,1.492,-0.142,0.000,-0.000,1
2596,-1.984,0.003,1.492,-0.142,0.000,-0.000,1
2597,-1.984,0.003,1.492,-0.142,0.000,-0.000,1
2598,-1.984,0.003,1.492,-0.142,0.000,0.000,1
2599,-1.984,0.003,1.492,-0.142,0.000,-0.000,1
2600,-1.984,0.003,1.492,-0.142,0.000,-0.000,1
2601,-1.984,0.003,1.492,-0.142,0.000,0.000,1
2602,-1.984,0.003,1.492,-0.142,0.000,-0.000,1
2603,-1.984,0.003,1.492,-0.142,0.000,-0.000,1
2604,-1.984,0.003,1.492,-0.142,0.000,-0.000,1
2605,-1.984,0.003,1.492,-0.142,-0.000,0.000,1
2606,-1.984,0.003,1.492,-0.142,-0.000,0.000,1
2607,-1.984,0.003,1.492,-0.142,-0.000,-0.000,1
2608,-1.984,0.003,1.492,-0.142,-0.000,-0.000,1
2609,-1.984,0.003,1.492,-0.142,-0.000,-0.000,1
2610,-1.984,0.003,1.492,-0.142,-0.000,-0.000,1
2611,-1.984,0.003,1.492,-0.142,-0.000,-0.000,1
2612,-1.984,0.003,1.492,-0.142,-0.000,-0.000,1
2613,-1.984,0.003,1.492,-0.142,-0.000,-0.000,1
2614,-1.984,0.003,1.492,-0.142,-0.000,-0.000,1
2615,-1.984,0.003,1.492,-0.142,-0.000,0.000,1
2616,-1.984,0.003,1.492,-0.142,-0.000,0.000,1
2617,-1.984,0.003,1.492,-0.142,-0.000,0.000,1
2618,-1.984,0.003,1.492,-0.142,-0.000,0.000,1
2619,-1.984,0.003,1.492,-0.142,0.000,-0.000,1
2620,-1.984,0.003,1.492,-0.142,0.000,0.000,1
2621,-1.984,0.003,1.492,-0.142,0.000,-0.000,1
2622,-1.984,0.003,1.492,-0.142,0.000,-0.000,1
2623,-1.984,0.003,1.492,-0.142,0.000,-0.000,1
2624,-1.984,0.003,1.492,-0.142,0.000,-0.000,1
2625,-1.984,0.003,1.492,-0.142,0.000,-0.000,1
2626,-1.984,0.003,1.492,-0.142,0.000,-0.000,1
2627,-1.984,0.003,1.492,-0.142,0.000,0.000,1
2628,-1.984,0.003,1.492,-0.142,0.000,0.000,1
2629,-1.984,0.003,1.492,-0.142,0.000,0.000,1
2630,-1.984,0.003,1.492,-0.142,0.000,0.000,1
2631,-1.984,0.003,1.492,-0.142,0.000,-0.000,1
2632,-1.984,0.003,1.492,-0.142,0.000,-0.000,1
2633,-1.984,0.003,1.492,-0.142,-0.000,-0.000,1
2634,-1.984,0.003,1.492,-0.142,-0.000,-0.000,1
2635,-1.984,0.003,1.492,-0.142,-0.000,-0.000,1
2636,-1.984,0.003,1.492,-0.142,-0.000,-0.000,1
2637,-1.984,0.003,1.492,-0.142,-0.000,-0.000,1
2638,-1.984,0.003,1.492,-0.142,-0.000,0.000,1
2639,-1.984,0.003,1.492,-0.142,-0.000,0.000,1
2640,-1.984,0.003,1.492,-0.142,-0.000,0.000,1
2641,-1.984,0.003,1.492,-0.142,-0.000,0.000,1
2642,-1.984,0.003,1.492,-0.142,-0.000,-0.000,1
2643,-1.984,0.003,1.492,-0.142,-0.000,0.000,1
2644,-1.984,0.003,1.492,-0.142,-0.000,-0.000,1
2645,-1.984,0.003,1.492,-0.142,-0.000,-0.000,1
2646,-1.984,0.003,1.492,-0.142,-0.000,-0.000,1
2647,-1.984,0.003,1.492,-0.142,0.000,-0.000,1
2648,-1.984,0.003,1.492,-0.142,0.000,0.000,1
2649,-1.984,0.003,1.492,-0.142,0.000,-0.000,1
2650,-1.984,0.003,1.492,-0.142,0.000,-0.000,1
2651,-1.984,0.003,1.492,-0.142,0.000,-0.000,1
2652,-1.984,0.003,1.492,-0.142,0.000,-0.000,1
2653,-1.984,0.003,1.492,-0.142,0.000,-0.000,1
2654,-1.984,0.003,1.492,-0.142,0.000,-0.000,1
2655,-1.984,0.003,1.492,-0.142,0.000,-0.000,1
2656,-1.984,0.003,1.492,-0.142,0.000,-0.000,1
2657,-1.984,0.003,1.492,-0.142,0.000,0.000,1
2658,-1.984,0.003,1.492,-0.142,0.000,0.000,1
2659,-1.984,0.003,1.492,-0.142,0.000,-0.000,1
2660,-1.984,0.003,1.492,-0.142,0.000,-0.000,1
2661,-1.984,0.003,1.492,-0.142,-0.000,-0.000,1
2662,-1.984,0.003,1.492,-0.142,-0.000,0.000,1
2663,-1.984,0.003,1.492,-0.142,-0.000,-0.000,1
2664,-1.984,0.003,1.492,-0.142,-0.000,-0.000,1
2665,-1.984,0.003,1.492,-0.142,-0.000,-0.000,1
2666,-1.984,0.003,1.492,-0.142,-0.000,0.000,1
2667,-1.984,0.003,1.492,-0.142,-0.000,0.000,1
2668,-1.984,0.003,1.492,-0.142,-0.000,-0.000,1
2669,-1.984,0.003,1.492,-0.142,-0.000,-0.000,1
2670,-1.984,0.003,1.492,-0.142,-0.000,-0.000,1
2671,-1.984,0.003,1.492,-0.142,-0.000,0.000,1
2672,-1.984,0.003,1.492,-0.142,-0.000,0.000,1
2673,-1.984,0.003,1.492,-0.142,-0.000,0.000,1
2674,-1.984,0.003,1.492,-0.142,-0.000,-0.000,1
2675,-1.984,0.003,1.492,-0.142,0.000,0.000,1
2676,-1.984,0.003,1.492,-0.142,0.000,-0.000,1
2677,-1.984,0.003,1.492,-0.142,0.000,-0.000,1
2678,-1.984,0.003,1.492,-0.142,0.000,-0.000,1
2679,-1.984,0.003,1.492,-0.142,0.000,-0.000,1
2680,-1.984,0.003,1.492,-0.142,0.000,-0.000,1
2681,-1.984,0.003,1.492,-0.142,0.000,-0.000,1
2682,-1.984,0.003,1.492,-0.142,0.000,0.000,1
2683,-1.984,0.003,1.492,-0.142,0.000,0.000,1
2684,-1.984,0.003,1.492,-0.142,0.000,-0.000,1
2685,-1.984,0.003,1.492,-0.142,0.000,-0.000,1
2686,-1.984,0.003,1.492,-0.142,0.000,-0.000,1
2687,-1.984,0.003,1.492,-0.142,0.000,0.000,1
2688,-1.984,0.003,1.492,-0.142,0.000,0.000,1
2689,-1.984,0.003,1.492,-0.142,-0.000,-0.000,1
2690,-1.984,0.003,1.492,-0.142,-0.000,0.000,1
2691,-1.984,0.003,1.492,-0.142,-0.000,-0.000,1
2692,-1.984,0.003,1.492,-0.142,-0.000,-0.000,1
2693,-1.984,0.003,1.492,-0.142,-0.000,-0.000,1
2694,-1.984,0.003,1.492,-0.142,-0.000,0.000,1
2695,-1.984,0.003,1.492,-0.142,-0.000,-0.000,1
2696,-1.984,0.003,1.492,-0.142,-0.000,0.000,1
2697,-1.984,0.003,1.492,-0.142,-0.000,0.000,1
2698,-1.984,0.003,1.492,-0.142,-0.000,-0.000,1
2699,-1.984,0.003,1.492,-0.142,-0.000,-0.000,1
2700,-1.984,0.003,1.492,-0.142,-0.000,-0.000,1
2701,-1.984,0.003,1.492,-0.142,-0.000,0.000,1
2702,-1.984,0.003,1.492,-0.142,-0.000,0.000,1
2703,-1.984,0.003,1.492,-0.142,0.000,0.000,1
2704,-1.984,0.003,1.492,-0.142,0.000,0.000,1
2705,-1.984,0.003,1.492,-0.142,0.000,-0.000,1
2706,-1.984,0.003,1.492,-0.142,0.000,-0.000,1
2707,-1.984,0.003,1.492,-0.142,0.000,-0.000,1
2708,-1.984,0.003,1.492,-0.142,0.000,-0.000,1
2709,-1.984,0.003,1.492,-0.142,0.000,-0.000,1
2710,-1.984,0.003,1.492,-0.142,0.000,0.000,1
2711,-1.984,0.003,1.492,-0.142,0.000,-0.000,1
2712,-1.984,0.003,1.492,-0.142,0.000,-0.000,1
2713,-1.984,0.003,1.492,-0.142,0.000,-0.000,1
2714,-1.984,0.003,1.492,-0.142,0.000,0.000,1
2715,-1.984,0.003,1.492,-0.142,0.000,0.000,1
2716,-1.984,0.003,1.492,-0.142,0.000,-0.000,1
2717,-1.984,0.003,1.492,-0.142,-0.000,-0.000,1
2718,-1.984,0.003,1.492,-0.142,-0.000,-0.000,1
2719,-1.984,0.003,1.492,-0.142,-0.000,-0.000,1
2720,-1.984,0.003,1.492,-0.142,-0.000,-0.000,1
2721,-1.984,0.003,1.492,-0.142,-0.000,-0.000,1
2722,-1.984,0.003,1.492,-0.142,-0.000,-0.000,1
2723,-1.984,0.003,1.492,-0.142,-0.000,0.000,1
2724,-1.984,0.003,1.492,-0.142,-0.000,0.000,1
2725,-1.984,0.003,1.492,-0.142,-0.000,-0.000,1
2726,-1.984,0.003,1.492,-0.142,-0.000,-0.000,1
2727,-1.984,0.003,1.492,-0.142,-0.000,-0.000,1
2728,-1.984,0.003,1.492,-0.142,-0.000,0.000,1
2729,-1.984,0.003,1.492,-0.142,-0.000,0.000,1
2730,-1.984,0.003,1.492,-0.142,-0.000,-0.000,1
2731,-1.984,0.003,1.492,-0.142,0.000,-0.000,1
2732,-1.984,0.003,1.492,-0.142,0.000,-0.000,1
2733,-1.984,0.003,1.492,-0.142,0.000,-0.000,1
2734,-1.984,0.003,1.492,-0.142,0.000,0.000,1
2735,-1.984,0.003,1.492,-0.142,0.000,0.000,1
2736,-1.984,0.003,1.492,-0.142,0.000,-0.000,1
2737,-1.984,0.003,1.492,-0.142,0.000,-0.000,1
2738,-1.984,0.003,1.492,-0.142,0.000,0.000,1
2739,-1.984,0.003,1.492,-0.142,0.000,-0.000,1
2740,-1.984,0.003,1.492,-0.142,0.000,-0.000,1
2741,-1.984,0.003,1.492,-0.142,0.000,-0.000,1
2742,-1.984,0.003,1.492,-0.142,0.000,0.000,1
2743,-1.984,0.003,1.492,-0.142,0.000,-0.000,1
2744,-1.984,0.003,1.492,-0.142,0.000,-0.000,1
2745,-1.984,0.003,1.492,-0.142,-0.000,-0.000,1
2746,-1.984,0.003,1.492,-0.142,-0.000,-0.000,1
2747,-1.984,0.003,1.492,-0.142,-0.000,-0.000,1
2748,-1.984,0.003,1.492,-0.142,-0.000,-0.000,1
2749,-1.984,0.003,1.492,-0.142,-0.000,-0.000,1
2750,-1.984,0.003,1.492,-0.142,-0.000,0.000,1
2751,-1.984,0.003,1.492,-0.142,-0.000,-0.000,1
2752,-1.984,0.003,1.492,-0.142,-0.000,0.000,1
2753,-1.984,0.003,1.492,-0.142,-0.000,0.000,1
2754,-1.984,0.003,1.492,-0.142,-0.000,0.000,1
2755,-1.984,0.003,1.492,-0.142,-0.000,0.000,1
2756,-1.984,0.003,1.492,-0.142,-0.000,-0.000,1
2757,-1.984,0.003,1.492,-0.142,-0.000,-0.000,1
2758,-1.984,0.003,1.492,-0.142,-0.000,-0.000,1
2759,-1.984,0.003,1.492,-0.142,0.000,-0.000,1
2760,-1.984,0.003,1.492,-0.142,0.000,0.000,1
2761,-1.984,0.003,1.492,-0.142,0.000,-0.000,1
2762,-1.984,0.003,1.492,-0.142,0.000,-0.000,1
2763,-1.984,0.003,1.492,-0.142,0.000,0.000,1
2764,-1.984,0.003,1.492,-0.142,0.000,0.000,1
2765,-1.984,0.003,1.492,-0.142,0.000,0.000,1
2766,-1.984,0.003,1.492,-0.142,0.000,-0.000,1
2767,-1.984,0.003,1.492,-0.142,0.000,-0.000,1
2768,-1.984,0.003,1.492,-0.142,0.000,-0.000,1
2769,-1.984,0.003,1.492,-0.142,0.000,-0.000,1
2770,-1.984,0.003,1.492,-0.142,0.000,-0.000,1
2771,-1.984,0.003,1.492,-0.142,0.000,-0.000,1
2772,-1.984,0.003,1.492,-0.142,0.000,0.000,1
2773,-1.984,0.003,1.492,-0.142,-0.000,-0.000,1
2774,-1.984,0.003,1.492,-0.142,-0.000,-0.000,1
2775,-1.984,0.003,1.492,-0.142,-0.000,-0.000,1
2776,-1.984,0.003,1.492,-0.142,-0.000,0.000,1
2777,-1.984,0.003,1.492,-0.142,-0.000,0.000,1
2778,-1.984,0.003,1.492,-0.142,-0.000,-0.000,1
2779,-1.984,0.003,1.492,-0.142,-0.000,-0.000,1
2780,-1.984,0.003,1.492,-0.142,-0.000,-0.000,1
2781,-1.984,0.003,1.492,-0.142,-0.000,0.000,1
2782,-1.984,0.003,1.492,-0.142,-0.000,0.000,1
2783,-1.984,0.003,1.492,-0.142,-0.000,-0.000,1
2784,-1.984,0.003,1.492,-0.142,-0.000,-0.000,1
2785,-1.984,0.003,1.492,-0.142,-0.000,-0.000,1
2786,-1.984,0.003,1.492,-0.142,-0.000,0.000,1
2787,-1.984,0.003,1.492,-0.142,0.000,0.000,1
2788,-1.984,0.003,1.492,-0.142,0.000,0.000,1
2789,-1.984,0.003,1.492,-0.142,0.000,0.000,1
2790,-1.984,0.003,1.492,-0.142,0.000,-0.000,1
2791,-1.984,0.003,1.492,-0.142,0.000,0.000,1
2792,-1.984,0.003,1.492,-0.142,0.000,-0.000,1
2793,-1.984,0.003,1.492,-0.142,0.000,-0.000,1
2794,-1.984,0.003,1.492,-0.142,0.000,-0.000,1
2795,-1.984,0.003,1.492,-0.142,0.000,0.000,1
2796,-1.984,0.003,1.492,-0.142,0.000,0.000,1
2797,-1.984,0.003,1.492,-0.142,0.000,-0.000,1
2798,-1.984,0.003,1.492,-0.142,0.000,-0.000,1
2799,-1.984,0.003,1.492,-0.142,0.000,-0.000,1
2800,-1.984,0.003,1.492,-0.142,-0.000,-0.000,1
2801,-1.984,0.003,1.492,-0.142,-0.000,-0.000,1
2802,-1.984,0.003,1.492,-0.142,-0.000,-0.000,1
2803,-1.984,0.003,1.492,-0.142,-0.000,-0.000,1
2804,-1.984,0.003,1.492,-0.142,-0.000,0.000,1
2805,-1.984,0.003,1.492,-0.142,-0.000,0.000,1
2806,-1.984,0.003,1.492,-0.142,-0.000,-0.000,1
2807,-1.984,0.003,1.492,-0.142,-0.000,-0.000,1
2808,-1.984,0.003,1.492,-0.142,-0.000,-0.000,1
2809,-1.984,0.003,1.492,-0.142,-0.000,0.000,1
2810,-1.984,0.003,1.492,-0.142,-0.000,0.000,1
2811,-1.984,0.003,1.492,-0.142,-0.000,0.000,1
2812,-1.984,0.003,1.492,-0.142,-0.000,0.000,1
2813,-1.984,0.003,1.492,-0.142,-0.000,-0.000,1
2814,-1.984,0.003,1.492,-0.142,0.000,0.000,1
2815,-1.984,0.003,1.492,-0.142,0.000,-0.000,1
2816,-1.984,0.003,1.492,-0.142,0.000,-0.000,1
2817,-1.984,0.003,1.492,-0.142,0.000,-0.000,1
2818,-1.984,0.003,1.492,-0.142,0.000,-0.000,1
2819,-1.984,0.003,1.492,-0.142,0.000,-0.000,1
2820,-1.984,0.003,1.492,-0.142,0.000,-0.000,1
2821,-1.984,0.003,1.492,-0.142,0.000,-0.000,1
2822,-1.984,0.003,1.492,-0.142,0.000,-0.000,1
2823,-1.984,0.003,1.492,-0.142,0.000,-0.000,1
2824,-1.984,0.003,1.492,-0.142,0.000,-0.000,1
2825,-1.984,0.003,1.492,-0.142,0.000,-0.000,1
2826,-1.984,0.003,1.492,-0.142,0.000,0.000,1
2827,-1.984,0.003,1.492,-0.142,0.000,0.000,1
2828,-1.984,0.003,1.492,-0.142,-0.000,-0.000,1
2829,-1.984,0.003,1.492,-0.142,-0.000,0.000,1
2830,-1.984,0.003,1.492,-0.142,-0.000,0.000,1
2831,-1.984,0.003,1.492,-0.142,-0.000,-0.000,1
2832,-1.984,0.003,1.492,-0.142,-0.000,-0.000,1
2833,-1.984,0.003,1.492,-0.142,-0.000,-0.000,1
2834,-1.984,0.003,1.492,-0.142,-0.000,-0.000,1
2835,-1.984,0.003,1.492,-0.142,-0.000,0.000,1
2836,-1.984,0.003,1.492,-0.142,-0.000,-0.000,1
2837,-1.984,0.003,1.492,-0.142,-0.000,-0.000,1
2838,-1.984,0.003,1.492,-0.142,-0.000,0.000,1
2839,-1.984,0.003,1.492,-0.142,-0.000,0.000,1
2840,-1.984,0.003,1.492,-0.142,-0.000,-0.000,1
2841,-1.984,0.003,1.492,-0.142,-0.000,-0.000,1
2842,-1.984,0.003,1.492,-0.142,0.000,-0.000,1
2843,-1.984,0.003,1.492,-0.142,0.000,0.000,1
2844,-1.984,0.003,1.492,-0.142,0.000,0.000,1
2845,-1.984,0.003,1.492,-0.142,0.000,-0.000,1
2846,-1.984,0.003,1.492,-0.142,0.000,-0.000,1
2847,-1.984,0.003,1.492,-0.142,0.000,-0.000,1
2848,-1.984,0.003,1.492,-0.142,0.000,-0.000,1
2849,-1.984,0.003,1.492,-0.142,0.000,-0.000,1
2850,-1.984,0.003,1.492,-0.142,0.000,0.000,1
2851,-1.984,0.003,1.492,-0.142,0.000,0.000,1
2852,-1.984,0.003,1.492,-0.142,0.000,-0.000,1
2853,-1.984,0.003,1.492,-0.142,0.000,-0.000,1
2854,-1.984,0.003,1.492,-0.142,0.000,-0.000,1
2855,-1.984,0.003,1.492,-0.142,0.000,-0.000,1
2856,-1.984,0.003,1.492,-0.142,-0.000,-0.000,1
2857,-1.984,0.003,1.492,-0.142,-0.000,-0.000,1
2858,-1.984,0.003,1.492,-0.142,-0.000,-0.000,1
2859,-1.984,0.003,1.492,-0.142,-0.000,0.000,1
2860,-1.984,0.003,1.492,-0.142,-0.000,0.000,1
2861,-1.984,0.003,1.492,-0.142,-0.000,-0.000,1
2862,-1.984,0.003,1.492,-0.142,-0.000,-0.000,1
2863,-1.984,0.003,1.492,-0.142,-0.000,-0.000,1
2864,-1.984,0.003,1.492,-0.142,-0.000,-0.000,1
2865,-1.984,0.003,1.492,-0.142,-0.000,-0.000,1
2866,-1.984,0.003,1.492,-0.142,-0.000,0.000,1
2867,-1.984,0.003,1.492,-0.142,-0.000,0.000,1
2868,-1.984,0.003,1.492,-0.142,-0.000,-0.000,1
2869,-1.984,0.003,1.492,-0.142,-0.000,-0.000,1
2870,-1.984,0.003,1.492,-0.142,0.000,-0.000,1
2871,-1.984,0.003,1.492,-0.142,0.000,0.000,1
2872,-1.984,0.003,1.492,-0.142,0.000,-0.000,1
2873,-1.984,0.003,1.492,-0.142,0.000,-0.000,1
2874,-1.984,0.003,1.492,-0.142,0.000,-0.000,1
2875,-1.984,0.003,1.492,-0.142,0.000,-0.000,1
2876,-1.984,0.003,1.492,-0.142,0.000,-0.000,1
2877,-1.984,0.003,1.492,-0.142,0.000,-0.000,1
2878,-1.984,0.003,1.492,-0.142,0.000,-0.000,1
2879,-1.984,0.003,1.492,-0.142,0.000,-0.000,1
2880,-1.984,0.003,1.492,-0.142,0.000,0.000,1
2881,-1.984,0.003,1.492,-0.142,0.000,-0.000,1
2882,-1.984,0.003,1.492,-0.142,0.000,0.000,1
2883,-1.984,0.003,1.492,-0.142,0.000,0.000,1
2884,-1.984,0.003,1.492,-0.142,-0.000,-0.000,1
2885,-1.984,0.003,1.492,-0.142,-0.000,-0.000,1
2886,-1.984,0.003,1.492,-0.142,-0.000,-0.000,1
2887,-1.984,0.003,1.492,-0.142,-0.000,-0.000,1
2888,-1.984,0.003,1.492,-0.142,-0.000,-0.000,1
2889,-1.984,0.003,1.492,-0.142,-0.000,0.000,1
2890,-1.984,0.003,1.492,-0.142,-0.000,-0.000,1
2891,-1.984,0.003,1.492,-0.142,-0.000,0.000,1
2892,-1.984,0.003,1.492,-0.142,-0.000,0.000,1
2893,-1.984,0.003,1.492,-0.142,-0.000,-0.000,1
2894,-1.984,0.003,1.492,-0.142,-0.000,0.000,1
2895,-1.984,0.003,1.492,-0.142,-0.000,-0.000,1
2896,-1.984,0.003,1.492,-0.142,-0.000,0.000,1
2897,-1.984,0.003,1.492,-0.142,-0.000,0.000,1
2898,-1.984,0.003,1.492,-0.142,0.000,-0.000,1
2899,-1.984,0.003,1.492,-0.142,0.000,-0.000,1
2900,-1.984,0.003,1.492,-0.142,0.000,-0.000,1
2901,-1.984,0.003,1.492,-0.142,0.000,0.000,1
2902,-1.984,0.003,1.492,-0.142,0.000,0.000,1
2903,-1.984,0.003,1.492,-0.142,0.000,0.000,1
2904,-1.984,0.003,1.492,-0.142,0.000,-0.000,1
2905,-1.984,0.003,1.492,-0.142,0.000,0.000,1
2906,-1.984,0.003,1.492,-0.142,0.000,0.000,1
2907,-1.984,0.003,1.492,-0.142,0.000,-0.000,1
2908,-1.984,0.003,1.492,-0.142,0.000,-0.000,1
2909,-1.984,0.003,1.492,-0.142,0.000,-0.000,1
2910,-1.984,0.003,1.492,-0.142,0.000,-0.000,1
2911,-1.984,0.003,1.492,-0.142,0.000,-0.000,1
2912,-1.984,0.003,1.492,-0.142,-0.000,-0.000,1
2913,-1.984,0.003,1.492,-0.142,-0.000,-0.000,1
2914,-1.984,0.003,1.492,-0.142,-0.000,0.000,1
2915,-1.984,0.003,1.492,-0.142,-0.000,-0.000,1
2916,-1.984,0.003,1.492,-0.142,-0.000,-0.000,1
2917,-1.984,0.003,1.492,-0.142,-0.000,-0.000,1
2918,-1.984,0.003,1.492,-0.142,-0.000,-0.000,1
2919,-1.984,0.003,1.492,-0.142,-0.000,0.000,1
2920,-1.984,0.003,1.492,-0.142,-0.000,0.000,1
2921,-1.984,0.003,1.492,-0.142,-0.000,0.000,1
2922,-1.984,0.003,1.492,-0.142,-0.000,-0.000,1
2923,-1.984,0.003,1.492,-0.142,-0.000,-0.000,1
2924,-1.984,0.003,1.492,-0.142,-0.000,-0.000,1
2925,-1.984,0.003,1.492,-0.142,-0.000,-0.000,1
2926,-1.984,0.003,1.492,-0.142,0.000,-0.000,1
2927,-1.984,0.003,1.492,-0.142,0.000,-0.000,1
2928,-1.984,0.003,1.492,-0.142,0.000,-0.000,1
2929,-1.984,0.003,1.492,-0.142,0.000,0.000,1
2930,-1.984,0.003,1.492,-0.142,0.000,0.000,1
2931,-1.984,0.003,1.492,-0.142,0.000,0.000,1
2932,-1.984,0.003,1.492,-0.142,0.000,-0.000,1
2933,-1.984,0.003,1.492,-0.142,0.000,-0.000,1
2934,-1.984,0.003,1.492,-0.142,0.000,-0.000,1
2935,-1.984,0.003,1.492,-0.142,0.000,-0.000,1
2936,-1.984,0.003,1.492,-0.142,0.000,0.000,1
2937,-1.984,0.003,1.492,-0.142,0.000,0.000,1
2938,-1.984,0.003,1.492,-0.142,0.000,0.000,1
2939,-1.984,0.003,1.492,-0.142,0.000,-0.000,1
2940,-1.984,0.003,1.492,-0.142,-0.000,-0.000,1
2941,-1.984,0.003,1.492,-0.142,-0.000,-0.000,1
2942,-1.984,0.003,1.492,-0.142,-0.000,-0.000,1
2943,-1.984,0.003,1.492,-0.142,-0.000,-0.000,1
2944,-1.984,0.003,1.492,-0.142,-0.000,-0.000,1
2945,-1.984,0.003,1.492,-0.142,-0.000,-0.000,1
2946,-1.984,0.003,1.492,-0.142,-0.000,-0.000,1
2947,-1.984,0.003,1.492,-0.142,-0.000,0.000,1
2948,-1.984,0.003,1.492,-0.142,-0.000,0.000,1
2949,-1.984,0.003,1.492,-0.142,-0.000,-0.000,1
2950,-1.984,0.003,1.492,-0.142,-0.000,-0.000,1
2951,-1.984,0.003,1.492,-0.142,-0.000,-0.000,1
2952,-1.984,0.003,1.492,-0.142,-0.000,0.000,1
2953,-1.984,0.003,1.492,-0.142,-0.000,0.000,1
2954,-1.984,0.003,1.492,-0.142,0.000,0.000,1
2955,-1.984,0.003,1.492,-0.142,0.000,0.000,1
2956,-1.984,0.003,1.492,-0.142,0.000,-0.000,1
2957,-1.984,0.003,1.492,-0.142,0.000,0.000,1
2958,-1.984,0.003,1.492,-0.142,0.000,-0.000,1
2959,-1.984,0.003,1.492,-0.142,0.000,-0.000,1
2960,-1.984,0.003,1.492,-0.142,0.000,-0.000,1
2961,-1.984,0.003,1.492,-0.142,0.000,-0.000,1
2962,-1.984,0.003,1.492,-0.142,0.000,-0.000,1
2963,-1.984,0.003,1.492,-0.142,0.000,-0.000,1
2964,-1.984,0.003,1.492,-0.142,0.000,-0.000,1
2965,-1.984,0.003,1.492,-0.142,0.000,-0.000,1
2966,-1.984,0.003,1.492,-0.142,0.000,-0.000,1
2967,-1.984,0.003,1.492,-0.142,0.000,-0.000,1
2968,-1.984,0.003,1.492,-0.142,-0.000,0.000,1
2969,-1.984,0.003,1.492,-0.142,-0.000,0.000,1
2970,-1.984,0.003,1.492,-0.142,-0.000,-0.000,1
2971,-1.984,0.003,1.492,-0.142,-0.000,-0.000,1
2972,-1.984,0.003,1.492,-0.142,-0.000,-0.000,1
2973,-1.984,0.003,1.492,-0.142,-0.000,-0.000,1
2974,-1.984,0.003,1.492,-0.142,-0.000,-0.000,1
2975,-1.984,0.003,1.492,-0.142,-0.000,-0.000,1
2976,-1.984,0.003,1.492,-0.142,-0.000,0.000,1
2977,-1.984,0.003,1.492,-0.142,-0.000,0.000,1
2978,-1.984,0.003,1.492,-0.142,-0.000,0.000,1
2979,-1.984,0.003,1.492,-0.142,-0.000,-0.000,1
2980,-1.984,0.003,1.492,-0.142,-0.000,-0.000,1
2981,-1.984,0.003,1.492,-0.142,-0.000,-0.000,1
2982,-1.984,0.003,1.492,-0.142,0.000,-0.000,1
2983,-1.984,0.003,1.492,-0.142,0.000,0.000,1
2984,-1.984,0.003,1.492,-0.142,0.000,-0.000,1
2985,-1.984,0.003,1.492,-0.142,0.000,0.000,1
2986,-1.984,0.003,1.492,-0.142,0.000,-0.000,1
2987,-1.984,0.003,1.492,-0.142,0.000,-0.000,1
2988,-1.984,0.003,1.492,-0.142,0.000,-0.000,1
2989,-1.984,0.003,1.492,-0.142,0.000,0.000,1
2990,-1.984,0.003,1.492,-0.142,0.000,-0.000,1
2991,-1.984,0.003,1.492,-0.142,0.000,-0.000,1
2992,-1.984,0.003,1.492,-0.142,0.000,-0.000,1
2993,-1.984,0.003,1.492,-0.142,0.000,-0.000,1
2994,-1.984,0.003,1.492,-0.142,0.000,-0.000,1
2995,-1.984,0.003,1.492,-0.142,0.000,-0.000,1
2996,-1.984,0.003,1.492,-0.142,-0.000,0.000,1
2997,-1.984,0.003,1.492,-0.142,-0.000,0.000,1
2998,-1.984,0.003,1.492,-0.142,-0.000,0.000,1
2999,-1.984,0.003,1.492,-0.142,-0.000,0.000,1
3000,-1.984,0.003,1.492,-0.142,-0.000,-0.000,1
3001,-1.984,0.003,1.492,-0.142,-0.000,-0.000,1
3002,-1.984,0.003,1.492,-0.142,-0.000,-0.000,1
3003,-1.984,0.003,1.492,-0.142,-0.000,-0.000,1
3004,-1.984,0.003,1.492,-0.142,-0.000,-0.000,1
3005,-1.984,0.003,1.492,-0.142,-0.000,0.000,1
3006,-1.984,0.003,1.492,-0.142,-0.000,0.000,1
3007,-1.984,0.003,1.492,-0.142,-0.000,-0.000,1
3008,-1.984,0.003,1.492,-0.142,-0.000,0.000,1
3009,-1.984,0.003,1.492,-0.142,-0.000,0.000,1
3010,-1.984,0.003,1.492,-0.142,0.000,0.000,1
3011,-1.984,0.003,1.492,-0.142,0.000,0.000,1
3012,-1.984,0.003,1.492,-0.142,0.000,-0.000,1
3013,-1.984,0.003,1.492,-0.142,0.000,-0.000,1
3014,-1.984,0.003,1.492,-0.142,0.000,-0.000,1
3015,-1.984,0.003,1.492,-0.142,0.000,-0.000,1
3016,-1.984,0.003,1.492,-0.142,0.000,-0.000,1
3017,-1.984,0.003,1.492,-0.142,0.000,0.000,1
3018,-1.984,0.003,1.492,-0.142,0.000,0.000,1
3019,-1.984,0.003,1.492,-0.142,0.000,-0.000,1
3020,-1.984,0.003,1.492,-0.142,0.000,-0.000,1
3021,-1.984,0.003,1.492,-0.142,0.000,-0.000,1
3022,-1.984,0.003,1.492,-0.142,0.000,-0.000,1
3023,-1.984,0.003,1.492,-0.142,0.000,-0.000,1
3024,-1.984,0.003,1.492,-0.142,-0.000,0.000,1
3025,-1.984,0.003,1.492,-0.142,-0.000,-0.000,1
3026,-1.984,0.003,1.492,-0.142,-0.000,-0.000,1
3027,-1.984,0.003,1.492,-0.142,-0.000,-0.000,1
3028,-1.984,0.003,1.492,-0.142,-0.000,0.000,1
3029,-1.984,0.003,1.492,-0.142,-0.000,-0.000,1
3030,-1.984,0.003,1.492,-0.142,-0.000,-0.000,1
3031,-1.984,0.003,1.492,-0.142,-0.000,-0.000,1
3032,-1.984,0.003,1.492,-0.142,-0.000,-0.000,1
3033,-1.984,0.003,1.492,-0.142,-0.000,0.000,1
3034,-1.984,0.003,1.492,-0.142,-0.000,0.000,1
3035,-1.984,0.003,1.492,-0.142,-0.000,0.000,1
3036,-1.984,0.003,1.492,-0.142,-0.000,-0.000,1
3037,-1.984,0.003,1.492,-0.142,-0.000,-0.000,1
3038,-1.984,0.003,1.492,-0.142,0.000,-0.000,1
3039,-1.984,0.003,1.492,-0.142,0.000,-0.000,1
3040,-1.984,0.003,1.492,-0.142,0.000,-0.000,1
3041,-1.984,0.003,1.492,-0.142,0.000,-0.000,1
3042,-1.984,0.003,1.492,-0.142,0.000,-0.000,1
3043,-1.984,0.003,1.492,-0.142,0.000,0.000,1
3044,-1.984,0.003,1.492,-0.142,0.000,0.000,1
3045,-1.984,0.003,1.492,-0.142,0.000,-0.000,1
3046,-1.984,0.003,1.492,-0.142,0.000,-0.000,1
3047,-1.984,0.003,1.492,-0.142,0.000,0.000,1
3048,-1.984,0.003,1.492,-0.142,0.000,-0.000,1
3049,-1.984,0.003,1.492,-0.142,0.000,-0.000,1
3050,-1.984,0.003,1.492,-0.142,0.000,-0.000,1
3051,-1.984,0.003,1.492,-0.142,-0.000,-0.000,1
3052,-1.984,0.003,1.492,-0.142,-0.000,-0.000,1
3053,-1.984,0.003,1.492,-0.142,-0.000,-0.000,1
3054,-1.984,0.003,1.492,-0.142,-0.000,-0.000,1
3055,-1.984,0.003,1.492,-0.142,-0.000,-0.000,1
3056,-1.984,0.003,1.492,-0.142,-0.000,0.000,1
3057,-1.984,0.003,1.492,-0.142,-0.000,-0.000,1
3058,-1.984,0.003,1.492,-0.142,-0.000,-0.000,1
3059,-1.984,0.003,1.492,-0.142,-0.000,0.000,1
3060,-1.984,0.003,1.492,-0.142,-0.000,-0.000,1
3061,-1.984,0.003,1.492,-0.142,-0.000,0.000,1
3062,-1.984,0.003,1.492,-0.142,-0.000,0.000,1
3063,-1.984,0.003,1.492,-0.142,-0.000,0.000,1
3064,-1.984,0.003,1.492,-0.142,-0.000,-0.000,1
3065,-1.984,0.003,1.492,-0.142,0.000,-0.000,1
3066,-1.984,0.003,1.492,-0.142,0.000,-0.000,1
3067,-1.984,0.003,1.492,-0.142,0.000,-0.000,1
3068,-1.984,0.003,1.492,-0.142,0.000,-0.000,1
3069,-1.984,0.003,1.492,-0.142,0.000,-0.000,1
3070,-1.984,0.003,1.492,-0.142,0.000,0.000,1
3071,-1.984,0.003,1.492,-0.142,0.000,-0.000,1
3072,-1.984,0.003,1.492,-0.142,0.000,-0.000,1
3073,-1.984,0.003,1.492,-0.142,0.000,-0.000,1
3074,-1.984,0.003,1.492,-0.142,0.000,-0.000,1
3075,-1.984,0.003,1.492,-0.142,0.000,-0.000,1
3076,-1.984,0.003,1.492,-0.142,0.000,-0.000,1
3077,-1.984,0.003,1.492,-0.142,0.000,0.000,1
3078,-1.984,0.003,1.492,-0.142,0.000,0.000,1
3079,-1.984,0.003,1.492,-0.142,-0.000,0.000,1
3080,-1.984,0.003,1.492,-0.142,-0.000,-0.000,1
3081,-1.984,0.003,1.492,-0.142,-0.000,-0.000,1
3082,-1.984,0.003,1.492,-0.142,-0.000,-0.000,1
3083,-1.984,0.003,1.492,-0.142,-0.000,-0.000,1
3084,-1.984,0.003,1.492,-0.142,-0.000,0.000,1
3085,-1.984,0.003,1.492,-0.142,-0.000,0.000,1
3086,-1.984,0.003,1.492,-0.142,-0.000,0.000,1
3087,-1.984,0.003,1.492,-0.142,-0.000,0.000,1
3088,-1.984,0.003,1.492,-0.142,-0.000,-0.000,1
3089,-1.984,0.003,1.492,-0.142,-0.000,-0.000,1
3090,-1.984,0.003,1.492,-0.142,-0.000,-0.000,1
3091,-1.984,0.003,1.492,-0.142,-0.000,0.000,1
3092,-1.984,0.003,1.492,-0.142,-0.000,0.000,1
3093,-1.984,0.003,1.492,-0.142,0.000,0.000,1
3094,-1.984,0.003,1.492,-0.142,0.000,-0.000,1
3095,-1.984,0.003,1.492,-0.142,0.000,-0.000,1
3096,-1.984,0.003,1.492,-0.142,0.000,-0.000,1
3097,-1.984,0.003,1.492,-0.142,0.000,0.000,1
3098,-1.984,0.003,1.492,-0.142,0.000,-0.000,1
3099,-1.984,0.003,1.492,-0.142,0.000,-0.000,1
3100,-1.984,0.003,1.492,-0.142,0.000,0.000,1
3101,-1.984,0.003,1.492,-0.142,0.000,-0.000,1
3102,-1.984,0.003,1.492,-0.142,0.000,-0.000,1
3103,-1.984,0.003,1.492,-0.142,0.000,-0.000,1
3104,-1.984,0.003,1.492,-0.142,0.000,-0.000,1
3105,-1.984,0.003,1.492,-0.142,0.000,-0.000,1
3106,-1.984,0.003,1.492,-0.142,0.000,-0.000,1
3107,-1.984,0.003,1.492,-0.142,-0.000,-0.000,1
3108,-1.984,0.003,1.492,-0.142,-0.000,-0.000,1
3109,-1.984,0.003,1.492,-0.142,-0.000,0.000,1
3110,-1.984,0.003,1.492,-0.142,-0.000,-0.000,1
3111,-1.984,0.003,1.492,-0.142,-0.000,-0.000,1
3112,-1.984,0.003,1.492,-0.142,-0.000,-0.000,1
3113,-1.984,0.003,1.492,-0.142,-0.000,0.000,1
3114,-1.984,0.003,1.492,-0.142,-0.000,0.000,1
3115,-1.984,0.003,1.492,-0.142,-0.000,-0.000,1
3116,-1.984,0.003,1.492,-0.142,-0.000,-0.000,1
3117,-1.984,0.003,1.492,-0.142,-0.000,-0.000,1
3118,-1.984,0.003,1.492,-0.142,-0.000,0.000,1
3119,-1.984,0.003,1.492,-0.142,-0.000,0.000,1
3120,-1.984,0.003,1.492,-0.142,-0.000,-0.000,1
3121,-1.984,0.003,1.492,-0.142,0.000,-0.000,1
3122,-1.984,0.003,1.492,-0.142,0.000,-0.000,1
3123,-1.984,0.003,1.492,-0.142,0.000,0.000,1
3124,-1.984,0.003,1.492,-0.142,0.000,-0.000,1
3125,-1.984,0.003,1.492,-0.142,0.000,-0.000,1
3126,-1.984,0.003,1.492,-0.142,0.000,-0.000,1
3127,-1.984,0.003,1.492,-0.142,0.000,0.000,1
3128,-1.984,0.003,1.492,-0.142,0.000,-0.000,1
3129,-1.984,0.003,1.492,-0.142,0.000,-0.000,1
3130,-1.984,0.003,1.492,-0.142,0.000,-0.000,1
3131,-1.984,0.003,1.492,-0.142,0.000,-0.000,1
3132,-1.984,0.003,1.492,-0.142,0.000,-0.000,1
3133,-1.984,0.003,1.492,-0.142,0.000,-0.000,1
3134,-1.984,0.003,1.492,-0.142,0.000,0.000,1
3135,-1.984,0.003,1.492,-0.142,-0.000,0.000,1
3136,-1.984,0.003,1.492,-0.142,-0.000,-0.000,1
3137,-1.984,0.003,1.492,-0.142,-0.000,0.000,1
3138,-1.984,0.003,1.492,-0.142,-0.000,-0.000,1
3139,-1.984,0.003,1.492,-0.142,-0.000,-0.000,1
3140,-1.984,0.003,1.492,-0.142,-0.000,0.000,1
3141,-1.984,0.003,1.492,-0.142,-0.000,0.000,1
3142,-1.984,0.003,1.492,-0.142,-0.000,-0.000,1
3143,-1.984,0.003,1.492,-0.142,-0.000,0.000,1
3144,-1.984,0.003,1.492,-0.142,-0.000,0.000,1
3145,-1.984,0.003,1.492,-0.142,-0.000,-0.000,1
3146,-1.984,0.003,1.492,-0.142,-0.000,-0.000,1
3147,-1.984,0.003,1.492,-0.142,-0.000,-0.000,1
3148,-1.984,0.003,1.492,-0.142,-0.000,0.000,1
3149,-1.984,0.003,1.492,-0.142,0.000,0.000,1
3150,-1.984,0.003,1.492,-0.142,0.000,0.000,1
3151,-1.984,0.003,1.492,-0.142,0.000,0.000,1
3152,-1.984,0.003,1.492,-0.142,0.000,-0.000,1
3153,-1.984,0.003,1.492,-0.142,0.000,-0.000,1
3154,-1.984,0.003,1.492,-0.142,0.000,-0.000,1
3155,-1.984,0.003,1.492,-0.142,0.000,-0.000,1
3156,-1.984,0.003,1.492,-0.142,0.000,-0.000,1
3157,-1.984,0.003,1.492,-0.142,0.000,0.000,1
3158,-1.984,0.003,1.492,-0.142,0.000,-0.000,1
3159,-1.984,0.003,1.492,-0.142,0.000,-0.000,1
3160,-1.984,0.003,1.492,-0.142,0.000,-0.000,1
3161,-1.984,0.003,1.492,-0.142,0.000,0.000,1
3162,-1.984,0.003,1.492,-0.142,0.000,-0.000,1
3163,-1.984,0.003,1.492,-0.142,-0.000,-0.000,1
3164,-1.984,0.003,1.492,-0.142,-0.000,-0.000,1
3165,-1.984,0.003,1.492,-0.142,-0.000,-0.000,1
3166,-1.984,0.003,1.492,-0.142,-0.000,-0.000,1
3167,-1.984,0.003,1.492,-0.142,-0.000,-0.000,1
3168,-1.984,0.003,1.492,-0.142,-0.000,-0.000,1
3169,-1.984,0.003,1.492,-0.142,-0.000,-0.000,1
3170,-1.984,0.003,1.492,-0.142,-0.000,0.000,1
3171,-1.984,0.003,1.492,-0.142,-0.000,0.000,1
3172,-1.984,0.003,1.492,-0.142,-0.000,-0.000,1
3173,-1.984,0.003,1.492,-0.142,-0.000,-0.000,1
3174,-1.984,0.003,1.492,-0.142,-0.000,-0.000,1
3175,-1.984,0.003,1.492,-0.142,-0.000,0.000,1
3176,-1.984,0.003,1.492,-0.142,-0.000,0.000,1
3177,-1.984,0.003,1.492,-0.142,0.000,-0.000,1
3178,-1.984,0.003,1.492,-0.142,0.000,-0.000,1
3179,-1.984,0.003,1.492,-0.142,0.000,-0.000,1
3180,-1.984,0.003,1.492,-0.142,0.000,-0.000,1
3181,-1.984,0.003,1.492,-0.142,0.000,0.000,1
3182,-1.984,0.003,1.492,-0.142,0.000,0.000,1
3183,-1.984,0.003,1.492,-0.142,0.000,-0.000,1
3184,-1.984,0.003,1.492,-0.142,0.000,-0.000,1
3185,-1.984,0.003,1.492,-0.142,0.000,-0.000,1
3186,-1.984,0.003,1.492,-0.142,0.000,-0.000,1
3187,-1.984,0.003,1.492,-0.142,0.000,-0.000,1
3188,-1.984,0.003,1.492,-0.142,0.000,-0.000,1
3189,-1.984,0.003,1.492,-0.142,0.000,-0.000,1
3190,-1.984,0.003,1.492,-0.142,0.000,-0.000,1
3191,-1.984,0.003,1.492,-0.142,-0.000,0.000,1
3192,-1.984,0.003,1.492,-0.142,-0.000,0.000,1
3193,-1.984,0.003,1.492,-0.142,-0.000,0.000,1
3194,-1.984,0.003,1.492,-0.142,-0.000,-0.000,1
3195,-1.984,0.003,1.492,-0.142,-0.000,0.000,1
3196,-1.984,0.003,1.492,-0.142,-0.000,0.000,1
3197,-1.984,0.003,1.492,-0.142,-0.000,0.000,1
3198,-1.984,0.003,1.492,-0.142,-0.000,-0.000,1
3199,-1.984,0.003,1.492,-0.142,-0.000,-0.000,1
3200,-1.984,0.003,1.492,-0.142,-0.000,-0.000,1
3201,-1.984,0.003,1.492,-0.142,-0.000,-0.000,1
3202,-1.984,0.003,1.492,-0.142,-0.000,-0.000,1
3203,-1.984,0.003,1.492,-0.142,-0.000,-0.000,1
3204,-1.984,0.003,1.492,-0.142,-0.000,0.000,1
3205,-1.984,0.003,1.492,-0.142,0.000,0.000,1
3206,-1.984,0.003,1.492,-0.142,0.000,0.000,1
3207,-1.984,0.003,1.492,-0.142,0.000,0.000,1
3208,-1.984,0.003,1.492,-0.142,0.000,-0.000,1
3209,-1.984,0.003,1.492,-0.142,0.000,0.000,1
3210,-1.984,0.003,1.492,-0.142,0.000,-0.000,1
3211,-1.984,0.003,1.492,-0.142,0.000,-0.000,1
3212,-1.984,0.003,1.492,-0.142,0.000,-0.000,1
3213,-1.984,0.003,1.492,-0.142,0.000,-0.000,1
3214,-1.984,0.003,1.492,-0.142,0.000,-0.000,1
3215,-1.984,0.003,1.492,-0.142,0.000,-0.000,1
3216,-1.984,0.003,1.492,-0.142,0.000,-0.000,1
3217,-1.984,0.003,1.492,-0.142,0.000,-0.000,1
3218,-1.984,0.003,1.492,-0.142,0.000,0.000,1
3219,-1.984,0.003,1.492,-0.142,-0.000,0.000,1
3220,-1.984,0.003,1.492,-0.142,-0.000,-0.000,1
3221,-1.984,0.003,1.492,-0.142,-0.000,-0.000,1
3222,-1.984,0.003,1.492,-0.142,-0.000,-0.000,1
3223,-1.984,0.003,1.492,-0.142,-0.000,0.000,1
3224,-1.984,0.003,1.492,-0.142,-0.000,0.000,1
3225,-1.984,0.003,1.492,-0.142,-0.000,-0.000,1
3226,-1.984,0.003,1.492,-0.142,-0.000,-0.000,1
3227,-1.984,0.003,1.492,-0.142,-0.000,-0.000,1
3228,-1.984,0.003,1.492,-0.142,-0.000,0.000,1
3229,-1.984,0.003,1.492,-0.142,-0.000,0.000,1
3230,-1.984,0.003,1.492,-0.142,-0.000,-0.000,1
3231,-1.984,0.003,1.492,-0.142,-0.000,-0.000,1
3232,-1.984,0.003,1.492,-0.142,-0.000,-0.000,1
3233,-1.984,0.003,1.492,-0.142,0.000,0.000,1
3234,-1.984,0.003,1.492,-0.142,0.000,0.000,1
3235,-1.984,0.003,1.492,-0.142,0.000,0.000,1
3236,-1.984,0.003,1.492,-0.142,0.000,0.000,1
3237,-1.984,0.003,1.492,-0.142,0.000,-0.000,1
3238,-1.984,0.003,1.492,-0.142,0.000,0.000,1
3239,-1.984,0.003,1.492,-0.142,0.000,-0.000,1
3240,-1.984,0.003,1.492,-0.142,0.000,-0.000,1
3241,-1.984,0.003,1.492,-0.142,0.000,-0.000,1
3242,-1.984,0.003,1.492,-0.142,0.000,0.000,1
3243,-1.984,0.003,1.492,-0.142,0.000,-0.000,1
3244,-1.984,0.003,1.492,-0.142,0.000,-0.000,1
3245,-1.984,0.003,1.492,-0.142,0.000,-0.000,1
3246,-1.984,0.003,1.492,-0.142,0.000,-0.000,1
3247,-1.984,0.003,1.492,-0.142,-0.000,-0.000,1
3248,-1.984,0.003,1.492,-0.142,-0.000,-0.000,1
3249,-1.984,0.003,1.492,-0.142,-0.000,-0.000,1
3250,-1.984,0.003,1.492,-0.142,-0.000,-0.000,1
3251,-1.984,0.003,1.492,-0.142,-0.000,0.000,1
3252,-1.984,0.003,1.492,-0.142,-0.000,0.000,1
3253,-1.984,0.003,1.492,-0.142,-0.000,-0.000,1
3254,-1.984,0.003,1.492,-0.142,-0.000,-0.000,1
3255,-1.984,0.003,1.492,-0.142,-0.000,-0.000,1
3256,-1.984,0.003,1.492,-0.142,-0.000,0.000,1
3257,-1.984,0.003,1.492,-0.142,-0.000,0.000,1
3258,-1.984,0.003,1.492,-0.142,-0.000,-0.000,1
3259,-1.984,0.003,1.492,-0.142,-0.000,-0.000,1
3260,-1.984,0.003,1.492,-0.142,-0.000,-0.000,1
3261,-1.984,0.003,1.492,-0.142,0.000,0.000,1
3262,-1.984,0.003,1.492,-0.142,0.000,0.000,1
3263,-1.984,0.003,1.492,-0.142,0.000,-0.000,1
3264,-1.984,0.003,1.492,-0.142,0.000,-0.000,1
3265,-1.984,0.003,1.492,-0.142,0.000,-0.000,1
3266,-1.984,0.003,1.492,-0.142,0.000,0.000,1
3267,-1.984,0.003,1.492,-0.142,0.000,-0.000,1
3268,-1.984,0.003,1.492,-0.142,0.000,-0.000,1
3269,-1.984,0.003,1.492,-0.142,0.000,-0.000,1
3270,-1.984,0.003,1.492,-0.142,0.000,0.000,1
3271,-1.984,0.003,1.492,-0.142,0.000,-0.000,1
3272,-1.984,0.003,1.492,-0.142,0.000,-0.000,1
3273,-1.984,0.003,1.492,-0.142,0.000,-0.000,1
3274,-1.984,0.003,1.492,-0.142,0.000,-0.000,1
3275,-1.984,0.003,1.492,-0.142,-0.000,-0.000,1
3276,-1.984,0.003,1.492,-0.142,-0.000,0.000,1
3277,-1.984,0.003,1.492,-0.142,-0.000,0.000,1
3278,-1.984,0.003,1.492,-0.142,-0.000,-0.000,1
3279,-1.984,0.003,1.492,-0.142,-0.000,0.000,1
3280,-1.984,0.003,1.492,-0.142,-0.000,-0.000,1
3281,-1.984,0.003,1.492,-0.142,-0.000,0.000,1
3282,-1.984,0.003,1.492,-0.142,-0.000,0.000,1
3283,-1.984,0.003,1.492,-0.142,-0.000,-0.000,1
3284,-1.984,0.003,1.492,-0.142,-0.000,-0.000,1
3285,-1.984,0.003,1.492,-0.142,-0.000,-0.000,1
3286,-1.984,0.003,1.492,-0.142,-0.000,-0.000,1
3287,-1.984,0.003,1.492,-0.142,-0.000,0.000,1
3288,-1.984,0.003,1.492,-0.142,-0.000,-0.000,1
3289,-1.984,0.003,1.492,-0.142,0.000,-0.000,1
3290,-1.984,0.003,1.492,-0.142,0.000,0.000,1
3291,-1.984,0.003,1.492,-0.142,0.000,-0.000,1
3292,-1.984,0.003,1.492,-0.142,0.000,-0.000,1
3293,-1.984,0.003,1.492,-0.142,0.000,-0.000,1
3294,-1.984,0.003,1.492,-0.142,0.000,-0.000,1
3295,-1.984,0.003,1.492,-0.142,0.000,-0.000,1
3296,-1.984,0.003,1.492,-0.142,0.000,-0.000,1
3297,-1.984,0.003,1.492,-0.142,0.000,-0.000,1
3298,-1.984,0.003,1.492,-0.142,0.000,-0.000,1
3299,-1.984,0.003,1.492,-0.142,0.000,0.000,1
3300,-1.984,0.003,1.492,-0.142,0.000,0.000,1
3301,-1.984,0.003,1.492,-0.142,0.000,-0.000,1
3302,-1.984,0.003,1.492,-0.142,-0.000,-0.000,1
3303,-1.984,0.003,1.492,-0.142,-0.000,-0.000,1
3304,-1.984,0.003,1.492,-0.142,-0.000,-0.000,1
3305,-1.984,0.003,1.492,-0.142,-0.000,-0.000,1
3306,-1.984,0.003,1.492,-0.142,-0.000,0.000,1
3307,-1.984,0.003,1.492,-0.142,-0.000,0.000,1
3308,-1.984,0.003,1.492,-0.142,-0.000,-0.000,1
3309,-1.984,0.003,1.492,-0.142,-0.000,-0.000,1
3310,-1.984,0.003,1.492,-0.142,-0.000,-0.000,1
3311,-1.984,0.003,1.492,-0.142,-0.000,-0.000,1
3312,-1.984,0.003,1.492,-0.142,-0.000,-0.000,1
3313,-1.984,0.003,1.492,-0.142,-0.000,0.000,1
3314,-1.984,0.003,1.492,-0.142,-0.000,0.000,1
3315,-1.984,0.003,1.492,-0.142,-0.000,-0.000,1
3316,-1.984,0.003,1.492,-0.142,0.000,-0.000,1
3317,-1.984,0.003,1.492,-0.142,0.000,-0.000,1
3318,-1.984,0.003,1.492,-0.142,0.000,0.000,1
3319,-1.984,0.003,1.492,-0.142,0.000,-0.000,1
3320,-1.984,0.003,1.492,-0.142,0.000,-0.000,1
3321,-1.984,0.003,1.492,-0.142,0.000,-0.000,1
3322,-1.984,0.003,1.492,-0.142,0.000,-0.000,1
3323,-1.984,0.003,1.492,-0.142,0.000,-0.000,1
3324,-1.984,0.003,1.492,-0.142,0.000,-0.000,1
3325,-1.984,0.003,1.492,-0.142,0.000,-0.000,1
3326,-1.984,0.003,1.492,-0.142,0.000,-0.000,1
3327,-1.984,0.003,1.492,-0.142,0.000,-0.000,1
3328,-1.984,0.003,1.492,-0.142,0.000,-0.000,1
3329,-1.984,0.003,1.492,-0.142,0.000,0.000,1
3330,-1.984,0.003,1.492,-0.142,-0.000,0.000,1
3331,-1.984,0.003,1.492,-0.142,-0.000,0.000,1
3332,-1.984,0.003,1.492,-0.142,-0.000,-0.000,1
3333,-1.984,0.003,1.492,-0.142,-0.000,-0.000,1
3334,-1.984,0.003,1.492,-0.142,-0.000,-0.000,1
3335,-1.984,0.003,1.492,-0.142,-0.000,-0.000,1
3336,-1.984,0.003,1.492,-0.142,-0.000,-0.000,1
3337,-1.984,0.003,1.492,-0.142,-0.000,-0.000,1
3338,-1.984,0.003,1.492,-0.142,-0.000,0.000,1
3339,-1.984,0.003,1.492,-0.142,-0.000,0.000,1
3340,-1.984,0.003,1.492,-0.142,-0.000,-0.000,1
3341,-1.984,0.003,1.492,-0.142,-0.000,0.000,1
3342,-1.984,0.003,1.492,-0.142,-0.000,0.000,1
3343,-1.984,0.003,1.492,-0.142,-0.000,0.000,1
3344,-1.984,0.003,1.492,-0.142,0.000,0.000,1
3345,-1.984,0.003,1.492,-0.142,0.000,-0.000,1
3346,-1.984,0.003,1.492,-0.142,0.000,-0.000,1
3347,-1.984,0.003,1.492,-0.142,0.000,-0.000,1
3348,-1.984,0.003,1.492,-0.142,0.000,0.000,1
3349,-1.984,0.003,1.492,-0.142,0.000,0.000,1
3350,-1.984,0.003,1.492,-0.142,0.000,0.000,1
3351,-1.984,0.003,1.492,-0.142,0.000,-0.000,1
3352,-1.984,0.003,1.492,-0.142,0.000,-0.000,1
3353,-1.984,0.003,1.492,-0.142,0.000,-0.000,1
3354,-1.984,0.003,1.492,-0.142,0.000,-0.000,1
3355,-1.984,0.003,1.492,-0.142,0.000,-0.000,1
3356,-1.984,0.003,1.492,-0.142,0.000,-0.000,1
3357,-1.984,0.003,1.492,-0.142,0.000,0.000,1
3358,-1.984,0.003,1.492,-0.142,-0.000,0.000,1
3359,-1.984,0.003,1.492,-0.142,-0.000,-0.000,1
3360,-1.984,0.003,1.492,-0.142,-0.000,-0.000,1
3361,-1.984,0.003,1.492,-0.142,-0.000,-0.000,1
3362,-1.984,0.003,1.492,-0.142,-0.000,0.000,1
3363,-1.984,0.003,1.492,-0.142,-0.000,0.000,1
3364,-1.984,0.003,1.492,-0.142,-0.000,0.000,1
3365,-1.984,0.003,1.492,-0.142,-0.000,0.000,1
3366,-1.984,0.003,1.492,-0.142,-0.000,-0.000,1
3367,-1.984,0.003,1.492,-0.142,-0.000,0.000,1
3368,-1.984,0.003,1.492,-0.142,-0.000,0.000,1
3369,-1.984,0.003,1.492,-0.142,-0.000,0.000,1
3370,-1.984,0.003,1.492,-0.142,-0.000,-0.000,1
3371,-1.984,0.003,1.492,-0.142,-0.000,-0.000,1
3372,-1.984,0.003,1.492,-0.142,0.000,-0.000,1
3373,-1.984,0.003,1.492,-0.142,0.000,0.000,1
3374,-1.984,0.003,1.492,-0.142,0.000,-0.000,1
3375,-1.984,0.003,1.492,-0.142,0.000,-0.000,1
3376,-1.984,0.003,1.492,-0.142,0.000,0.000,1
3377,-1.984,0.003,1.492,-0.142,0.000,-0.000,1
3378,-1.984,0.003,1.492,-0.142,0.000,-0.000,1
3379,-1.984,0.003,1.492,-0.142,0.000,-0.000,1
3380,-1.984,0.003,1.492,-0.142,0.000,-0.000,1
3381,-1.984,0.003,1.492,-0.142,0.000,-0.000,1
3382,-1.984,0.003,1.492,-0.142,0.000,-0.000,1
3383,-1.984,0.003,1.492,-0.142,0.000,-0.000,1
3384,-1.984,0.003,1.492,-0.142,0.000,-0.000,1
3385,-1.984,0.003,1.492,-0.142,0.000,0.000,1
3386,-1.984,0.003,1.492,-0.142,-0.000,0.000,1
3387,-1.984,0.003,1.492,-0.142,-0.000,-0.000,1
3388,-1.984,0.003,1.492,-0.142,-0.000,-0.000,1
3389,-1.984,0.003,1.492,-0.142,-0.000,-0.000,1
3390,-1.984,0.003,1.492,-0.142,-0.000,0.000,1
3391,-1.984,0.003,1.492,-0.142,-0.000,0.000,1
3392,-1.984,0.003,1.492,-0.142,-0.000,0.000,1
3393,-1.984,0.003,1.492,-0.142,-0.000,-0.000,1
3394,-1.984,0.003,1.492,-0.142,-0.000,-0.000,1
3395,-1.984,0.003,1.492,-0.142,-0.000,-0.000,1
3396,-1.984,0.003,1.492,-0.142,-0.000,0.000,1
3397,-1.984,0.003,1.492,-0.142,-0.000,-0.000,1
3398,-1.984,0.003,1.492,-0.142,-0.000,-0.000,1
3399,-1.984,0.003,1.492,-0.142,-0.000,0.000,1
3400,-1.984,0.003,1.492,-0.142,0.000,-0.000,1
3401,-1.984,0.003,1.492,-0.142,0.000,-0.000,1
3402,-1.984,0.003,1.492,-0.142,0.000,-0.000,1
3403,-1.984,0.003,1.492,-0.142,0.000,-0.000,1
3404,-1.984,0.003,1.492,-0.142,0.000,0.000,1
3405,-1.984,0.003,1.492,-0.142,0.000,-0.000,1
3406,-1.984,0.003,1.492,-0.142,0.000,-0.000,1
3407,-1.984,0.003,1.492,-0.142,0.000,-0.000,1
3408,-1.984,0.003,1.492,-0.142,0.000,-0.000,1
3409,-1.984,0.003,1.492,-0.142,0.000,-0.000,1
3410,-1.984,0.003,1.492,-0.142,0.000,-0.000,1
3411,-1.984,0.003,1.492,-0.142,0.000,-0.000,1
3412,-1.984,0.003,1.492,-0.142,0.000,-0.000,1
3413,-1.984,0.003,1.492,-0.142,0.000,0.000,1
3414,-1.984,0.003,1.492,-0.142,-0.000,0.000,1
3415,-1.984,0.003,1.492,-0.142,-0.000,-0.000,1
3416,-1.984,0.003,1.492,-0.142,-0.000,-0.000,1
3417,-1.984,0.003,1.492,-0.142,-0.000,-0.000,1
3418,-1.984,0.003,1.492,-0.142,-0.000,-0.000,1
3419,-1.984,0.003,1.492,-0.142,-0.000,0.000,1
3420,-1.984,0.003,1.492,-0.142,-0.000,0.000,1
3421,-1.984,0.003,1.492,-0.142,-0.000,-0.000,1
3422,-1.984,0.003,1.492,-0.142,-0.000,0.000,1
3423,-1.984,0.003,1.492,-0.142,-0.000,-0.000,1
3424,-1.984,0.003,1.492,-0.142,-0.000,0.000,1
3425,-1.984,0.003,1.492,-0.142,-0.000,0.000,1
3426,-1.984,0.003,1.492,-0.142,-0.000,-0.000,1
3427,-1.984,0.003,1.492,-0.142,-0.000,-0.000,1
3428,-1.984,0.003,1.492,-0.142,0.000,-0.000,1
3429,-1.984,0.003,1.492,-0.142,0.000,-0.000,1
3430,-1.984,0.003,1.492,-0.142,0.000,0.000,1
3431,-1.984,0.003,1.492,-0.142,0.000,0.000,1
3432,-1.984,0.003,1.492,-0.142,0.000,-0.000,1
3433,-1.984,0.003,1.492,-0.142,0.000,-0.000,1
3434,-1.984,0.003,1.492,-0.142,0.000,-0.000,1
3435,-1.984,0.003,1.492,-0.142,0.000,-0.000,1
3436,-1.984,0.003,1.492,-0.142,0.000,0.000,1
3437,-1.984,0.003,1.492,-0.142,0.000,0.000,1
3438,-1.984,0.003,1.492,-0.142,0.000,0.000,1
3439,-1.984,0.003,1.492,-0.142,0.000,0.000,1
3440,-1.984,0.003,1.492,-0.142,0.000,-0.000,1
3441,-1.984,0.003,1.492,-0.142,0.000,-0.000,1
3442,-1.984,0.003,1.492,-0.142,-0.000,-0.000,1
3443,-1.984,0.003,1.492,-0.142,-0.000,-0.000,1
3444,-1.984,0.003,1.492,-0.142,-0.000,-0.000,1
3445,-1.984,0.003,1.492,-0.142,-0.000,0.000,1
3446,-1.984,0.003,1.492,-0.142,-0.000,0.000,1
3447,-1.984,0.003,1.492,-0.142,-0.000,0.000,1
3448,-1.984,0.003,1.492,-0.142,-0.000,-0.000,1
3449,-1.984,0.003,1.492,-0.142,-0.000,-0.000,1
3450,-1.984,0.003,1.492,-0.142,-0.000,-0.000,1
3451,-1.984,0.003,1.492,-0.142,-0.000,-0.000,1
3452,-1.984,0.003,1.492,-0.142,-0.000,-0.000,1
3453,-1.984,0.003,1.492,-0.142,-0.000,-0.000,1
3454,-1.984,0.003,1.492,-0.142,-0.000,-0.000,1
3455,-1.984,0.003,1.492,-0.142,-0.000,-0.000,1
3456,-1.984,0.003,1.492,-0.142,0.000,0.000,1
3457,-1.984,0.003,1.492,-0.142,0.000,0.000,1
3458,-1.984,0.003,1.492,-0.142,0.000,0.000,1
3459,-1.984,0.003,1.492,-0.142,0.000,0.000,1
3460,-1.984,0.003,1.492,-0.142,0.000,-0.000,1
3461,-1.984,0.003,1.492,-0.142,0.000,-0.000,1
3462,-1.984,0.003,1.492,-0.142,0.000,-0.000,1
3463,-1.984,0.003,1.492,-0.142,0.000,-0.000,1
3464,-1.984,0.003,1.492,-0.142,0.000,-0.000,1
3465,-1.984,0.003,1.492,-0.142,0.000,-0.000,1
3466,-1.984,0.003,1.492,-0.142,0.000,0.000,1
3467,-1.984,0.003,1.492,-0.142,0.000,0.000,1
3468,-1.984,0.003,1.492,-0.142,0.000,-0.000,1
3469,-1.984,0.003,1.492,-0.142,0.000,-0.000,1
3470,-1.984,0.003,1.492,-0.142,-0.000,-0.000,1
3471,-1.984,0.003,1.492,-0.142,-0.000,0.000,1
3472,-1.984,0.003,1.492,-0.142,-0.000,-0.000,1
3473,-1.984,0.003,1.492,-0.142,-0.000,-0.000,1
3474,-1.984,0.003,1.492,-0.142,-0.000,0.000,1
3475,-1.984,0.003,1.492,-0.142,-0.000,0.000,1
3476,-1.984,0.003,1.492,-0.142,-0.000,0.000,1
3477,-1.984,0.003,1.492,-0.142,-0.000,0.000,1
3478,-1.984,0.003,1.492,-0.142,-0.000,-0.000,1
3479,-1.984,0.003,1.492,-0.142,-0.000,-0.000,1
3480,-1.984,0.003,1.492,-0.142,-0.000,-0.000,1
3481,-1.984,0.003,1.492,-0.142,-0.000,0.000,1
3482,-1.984,0.003,1.492,-0.142,-0.000,0.000,1
3483,-1.984,0.003,1.492,-0.142,-0.000,0.000,1
3484,-1.984,0.003,1.492,-0.142,0.000,-0.000,1
3485,-1.984,0.003,1.492,-0.142,0.000,-0.000,1
3486,-1.984,0.003,1.492,-0.142,0.000,-0.000,1
3487,-1.984,0.003,1.492,-0.142,0.000,0.000,1
3488,-1.984,0.003,1.492,-0.142,0.000,-0.000,1
3489,-1.984,0.003,1.492,-0.142,0.000,-0.000,1
3490,-1.984,0.003,1.492,-0.142,0.000,0.000,1
3491,-1.984,0.003,1.492,-0.142,0.000,-0.000,1
3492,-1.984,0.003,1.492,-0.142,0.000,-0.000,1
3493,-1.984,0.003,1.492,-0.142,0.000,-0.000,1
3494,-1.984,0.003,1.492,-0.142,0.000,-0.000,1
3495,-1.984,0.003,1.492,-0.142,0.000,-0.000,1
3496,-1.984,0.003,1.492,-0.142,0.000,-0.000,1
3497,-1.984,0.003,1.492,-0.142,-0.000,-0.000,1
3498,-1.984,0.003,1.492,-0.142,-0.000,-0.000,1
3499,-1.984,0.003,1.492,-0.142,-0.000,0.000,1
3500,-1.984,0.003,1.492,-0.142,-0.000,0.000,1
