1,1.983,0.469,0.153,0.000,0.000,0.000,1
2,1.983,0.469,0.473,0.000,0.000,0.000,1
3,1.983,0.469,0.808,0.000,0.000,0.000,1
4,1.983,0.469,1.088,0.000,0.000,0.000,1
5,1.983,0.469,1.290,0.000,0.000,0.000,1
6,1.983,0.469,1.420,0.000,0.000,0.000,1
7,1.983,0.469,1.493,0.000,0.000,0.000,1
8,1.983,0.469,1.522,0.000,0.000,0.000,1
9,1.983,0.469,1.534,0.000,0.000,0.000,-1
10,1.983,0.469,1.533,0.000,0.000,0.000,-1
11,1.983,0.469,1.527,-0.001,-0.175,0.050,-1
12,1.983,0.469,1.519,-0.003,-0.289,0.083,-1
13,1.981,0.469,1.512,-0.005,-0.307,0.012,-1
14,1.979,0.468,1.506,-0.053,-0.242,-0.059,-1
15,1.975,0.468,1.507,-0.142,0.016,0.109,-1
16,1.972,0.467,1.507,-0.248,0.224,0.242,-1
17,1.969,0.466,1.507,-0.347,0.310,0.325,-1
18,1.968,0.463,1.508,-0.291,0.282,0.312,-1
19,1.967,0.460,1.508,-0.238,0.195,0.200,-1
20,1.967,0.455,1.508,-0.206,0.087,0.032,-1
21,1.967,0.451,1.508,-0.335,-0.260,-0.318,-1
22,1.966,0.447,1.508,-0.531,-0.488,-0.521,-1
23,1.964,0.446,1.509,-0.731,-0.526,-0.530,-1
24,1.961,0.446,1.509,-0.877,-0.413,-0.395,-1
25,1.955,0.447,1.509,-1.070,-0.220,-0.193,-1
26,1.949,0.449,1.509,-1.316,-0.025,-0.002,-1
27,1.943,0.451,1.509,-1.300,0.112,0.131,-1
28,1.937,0.453,1.509,-1.264,0.170,0.181,-1
29,1.932,0.455,1.509,-1.221,0.157,0.157,-1
30,1.927,0.455,1.510,-1.164,0.096,0.089,-1
31,1.922,0.456,1.510,-1.083,0.021,0.011,-1
32,1.918,0.456,1.510,-0.986,-0.041,-0.051,-1
33,1.913,0.456,1.510,-0.891,-0.074,-0.082,-1
34,1.908,0.457,1.510,-0.814,-0.077,-0.081,-1
35,1.903,0.458,1.510,-0.758,-0.056,-0.057,-1
36,1.898,0.459,1.510,-0.700,-0.025,-0.024,-1
37,1.892,0.461,1.504,-0.685,0.005,0.007,-1
38,1.887,0.462,1.503,-0.680,0.026,0.027,-1
39,1.881,0.463,1.502,-0.684,0.033,0.033,-1
40,1.876,0.464,1.501,-0.696,0.029,0.028,-1
41,1.871,0.465,1.500,-0.721,0.018,0.016,-1
42,1.866,0.466,1.499,-0.760,0.005,0.003,-1
43,1.861,0.467,1.498,-0.810,-0.005,-0.007,-1
44,1.856,0.468,1.497,-0.870,-0.010,-0.012,-1
45,1.851,0.469,1.497,-0.936,-0.009,-0.011,-1
46,1.845,0.470,1.496,-1.005,-0.006,-0.007,-1
47,1.840,0.471,1.496,-1.077,-0.000,-0.002,-1
48,1.835,0.472,1.495,-1.148,0.005,0.003,-1
49,1.830,0.474,1.495,-1.217,0.008,0.006,-1
50,1.824,0.475,1.494,-1.281,0.009,0.007,-1
51,1.819,0.476,1.494,-1.341,0.008,0.006,-1
52,1.814,0.477,1.494,-1.398,0.006,0.004,-1
53,1.809,0.478,1.493,-1.424,0.003,0.002,-1
54,1.804,0.479,1.493,-1.440,0.002,0.000,-1
55,1.798,0.480,1.493,-1.446,0.001,-0.000,-1
56,1.793,0.481,1.493,-1.441,0.002,-0.000,-1
57,1.788,0.482,1.492,-1.429,0.002,0.001,-1
58,1.783,0.483,1.492,-1.410,0.003,0.001,-1
59,1.778,0.484,1.492,-1.388,0.004,0.002,-1
60,1.773,0.485,1.492,-1.364,0.004,0.002,-1
61,1.767,0.486,1.492,-1.340,0.004,0.002,-1
62,1.762,0.487,1.492,-1.317,0.004,0.002,-1
63,1.757,0.488,1.491,-1.297,0.004,0.002,-1
64,1.752,0.489,1.491,-1.282,0.003,0.002,-1
65,1.747,0.490,1.491,-1.272,0.003,0.001,-1
66,1.742,0.491,1.491,-1.267,0.003,0.001,-1
67,1.736,0.492,1.491,-1.268,0.003,0.001,-1
68,1.731,0.493,1.491,-1.274,0.003,0.001,-1
69,1.726,0.494,1.491,-1.284,0.003,0.001,-1
70,1.721,0.495,1.491,-1.300,0.004,0.001,-1
71,1.716,0.496,1.491,-1.319,0.004,0.002,-1
72,1.711,0.497,1.491,-1.340,0.004,0.002,-1
73,1.705,0.498,1.491,-1.364,0.004,0.001,-1
74,1.700,0.498,1.491,-1.389,0.004,0.001,-1
75,1.695,0.499,1.491,-1.414,0.004,0.001,-1
76,1.690,0.500,1.491,-1.436,0.003,0.001,-1
77,1.685,0.501,1.491,-1.459,0.003,0.001,-1
78,1.680,0.502,1.490,-1.478,0.004,0.002,-1
79,1.675,0.503,1.490,-1.496,0.004,0.002,-1
80,1.670,0.504,1.490,-1.513,0.004,0.002,-1
81,1.664,0.505,1.490,-1.531,0.004,0.002,-1
82,1.659,0.506,1.490,-1.548,0.003,0.002,-1
83,1.654,0.507,1.490,-1.567,0.003,0.001,-1
84,1.649,0.508,1.490,-1.587,0.003,0.001,-1
85,1.644,0.509,1.490,-1.606,0.003,0.001,-1
86,1.639,0.510,1.490,-1.626,0.003,0.001,-1
87,1.634,0.511,1.490,-1.643,0.003,0.001,-1
88,1.629,0.511,1.490,-1.661,0.003,0.001,-1
89,1.623,0.512,1.490,-1.678,0.003,0.001,-1
90,1.618,0.513,1.490,-1.691,0.004,0.001,-1
91,1.613,0.514,1.490,-1.703,0.004,0.002,-1
92,1.608,0.515,1.490,-1.712,0.004,0.001,-1
93,1.603,0.516,1.490,-1.717,0.003,0.001,-1
94,1.598,0.517,1.490,-1.718,0.050,0.008,-1
95,1.593,0.518,1.490,-1.716,0.127,0.018,-1
96,1.589,0.518,1.490,-5.234,0.198,-0.097,5.0
97,1.585,0.519,1.490,-11.801,0.200,-0.185,5.0
98,1.582,0.521,1.490,-19.586,0.149,-0.215,5.0
99,1.579,0.523,1.490,-27.764,0.067,-0.192,5.0
100,1.577,0.525,1.490,-35.906,-0.024,-0.144,5.0
101,1.576,0.528,1.490,-43.767,-0.092,-0.083,5.0
102,1.574,0.532,1.490,-51.240,-0.118,-0.020,5.0
103,1.573,0.536,1.490,-58.282,-0.100,0.035,5.0
104,1.571,0.540,1.490,-64.882,-0.053,0.073,5.0
105,1.568,0.544,1.490,-71.043,0.014,0.091,5.0
106,1.566,0.548,1.490,-76.781,0.072,0.083,5.0
107,1.563,0.551,1.490,-82.122,0.107,0.054,5.0
108,1.560,0.555,1.490,-87.077,0.114,0.011,5.0
109,1.557,0.557,1.490,-91.625,0.093,-0.034,5.0
110,1.554,0.560,1.490,-95.604,0.058,-0.068,5.0
111,1.551,0.562,1.490,-98.950,0.017,-0.081,5.0
112,1.549,0.565,1.490,-101.233,-0.019,-0.074,5.0
113,1.546,0.567,1.490,-102.803,-0.043,-0.049,5.0
114,1.544,0.569,1.490,-103.614,-0.049,-0.017,5.0
115,1.542,0.572,1.490,-103.733,-0.040,0.013,5.0
116,1.540,0.575,1.490,-103.233,-0.022,0.032,5.0
117,1.538,0.577,1.490,-102.215,-0.003,0.039,5.0
118,1.536,0.580,1.490,-100.788,0.012,0.034,5.0
119,1.534,0.583,1.490,-99.061,0.019,0.019,5.0
120,1.532,0.586,1.490,-97.141,0.018,0.002,5.0
121,1.529,0.588,1.490,-95.134,0.012,-0.010,5.0
122,1.527,0.591,1.490,-93.137,0.004,-0.016,5.0
123,1.524,0.594,1.490,-91.232,-0.002,-0.015,5.0
124,1.522,0.596,1.490,-89.483,-0.005,-0.010,5.0
125,1.520,0.599,1.490,-87.930,-0.004,-0.003,5.0
126,1.518,0.602,1.490,-86.561,-0.002,0.002,5.0
127,1.515,0.605,1.490,-85.783,0.001,0.004,5.0
128,1.513,0.607,1.490,-85.288,0.004,0.004,5.0
129,1.511,0.610,1.490,-85.092,0.005,0.001,5.0
130,1.509,0.613,1.490,-85.155,0.004,-0.002,5.0
131,1.506,0.615,1.490,-85.449,0.003,-0.004,5.0
132,1.504,0.618,1.490,-85.932,0.001,-0.006,5.0
133,1.502,0.621,1.490,-86.565,0.000,-0.006,5.0
134,1.500,0.623,1.490,-87.304,-0.000,-0.006,5.0
135,1.497,0.626,1.490,-88.108,-0.000,-0.004,5.0
136,1.495,0.629,1.490,-88.940,0.000,-0.003,5.0
137,1.493,0.631,1.490,-89.772,0.001,-0.002,5.0
138,1.491,0.634,1.490,-90.588,0.002,-0.002,5.0
139,1.489,0.637,1.490,-91.385,0.002,-0.002,5.0
140,1.486,0.640,1.490,-92.185,0.003,-0.002,5.0
141,1.484,0.642,1.490,-92.372,0.003,-0.002,5.0
142,1.482,0.645,1.490,-92.377,0.005,-0.001,5.0
143,1.480,0.648,1.490,-92.207,0.008,-0.000,5.0
144,1.478,0.650,1.490,-91.895,0.011,0.002,5.0
145,1.475,0.653,1.490,-91.476,0.013,0.006,5.0
146,1.473,0.656,1.490,-90.980,0.014,0.007,5.0
147,1.471,0.658,1.490,-90.430,0.015,0.008,5.0
148,1.469,0.661,1.490,-89.854,0.014,0.008,5.0
149,1.466,0.663,1.490,-89.259,0.013,0.007,5.0
150,1.464,0.666,1.490,-88.654,0.012,0.005,5.0
151,1.462,0.668,1.490,-88.036,0.011,0.004,5.0
152,1.459,0.670,1.490,-87.962,0.010,0.002,5.0
153,1.457,0.673,1.490,-88.018,0.010,0.001,5.0
154,1.454,0.675,1.490,-88.190,0.010,0.001,5.0
155,1.452,0.677,1.490,-88.446,0.010,0.000,5.0
156,1.450,0.679,1.490,-88.768,0.010,0.000,5.0
157,1.447,0.682,1.490,-89.141,0.010,0.001,5.0
158,1.445,0.684,1.490,-89.550,0.010,0.002,5.0
159,1.442,0.686,1.490,-89.990,0.010,0.002,5.0
160,1.440,0.688,1.490,-90.458,0.010,0.002,5.0
161,1.438,0.690,1.490,-90.433,0.011,0.002,5.0
162,1.435,0.692,1.490,-90.299,0.011,0.002,5.0
163,1.433,0.694,1.490,-90.078,0.011,0.002,5.0
164,1.430,0.696,1.490,-89.779,0.012,0.002,5.0
165,1.428,0.698,1.490,-89.425,0.011,0.002,5.0
166,1.425,0.700,1.490,-89.008,0.011,0.003,5.0
167,1.423,0.702,1.490,-88.541,0.011,0.003,5.0
168,1.420,0.704,1.490,-88.016,0.011,0.003,5.0
169,1.417,0.705,1.490,-88.096,0.010,0.002,5.0
170,1.415,0.707,1.490,-88.326,0.010,0.002,5.0
171,1.412,0.709,1.490,-88.669,0.009,0.001,5.0
172,1.410,0.711,1.490,-89.103,0.009,0.002,5.0
173,1.407,0.712,1.490,-89.584,0.008,0.001,5.0
174,1.404,0.714,1.490,-90.107,0.007,0.002,5.0
175,1.402,0.715,1.490,-90.653,0.007,0.001,5.0
176,1.399,0.717,1.490,-90.611,0.007,0.002,5.0
177,1.397,0.719,1.490,-90.451,0.008,0.002,5.0
178,1.394,0.720,1.490,-90.200,0.008,0.002,5.0
179,1.391,0.722,1.490,-89.877,0.009,0.003,5.0
180,1.389,0.723,1.490,-89.510,0.009,0.002,5.0
181,1.386,0.725,1.490,-89.099,0.008,0.002,5.0
182,1.383,0.726,1.490,-88.657,0.009,0.002,5.0
183,1.381,0.728,1.490,-88.194,0.008,0.001,5.0
184,1.378,0.729,1.490,-88.221,0.007,0.003,5.0
185,1.375,0.730,1.490,-88.353,0.008,0.003,5.0
186,1.372,0.732,1.490,-88.566,0.007,0.001,5.0
187,1.370,0.733,1.490,-88.853,0.006,0.001,5.0
188,1.367,0.734,1.490,-89.199,0.008,0.001,5.0
189,1.364,0.736,1.490,-89.584,0.007,-0.001,5.0
190,1.361,0.737,1.490,-90.019,0.006,-0.001,5.0
191,1.359,0.738,1.490,-89.918,0.008,0.001,5.0
192,1.356,0.739,1.490,-89.719,0.009,0.001,5.0
193,1.353,0.741,1.490,-89.431,0.007,0.002,5.0
194,1.350,0.742,1.490,-89.060,0.008,0.005,5.0
195,1.347,0.743,1.490,-88.624,0.010,0.003,5.0
196,1.345,0.744,1.490,-88.131,0.009,-0.000,5.0
197,1.342,0.745,1.490,-88.277,0.007,-0.000,5.0
198,1.339,0.746,1.490,-88.558,0.007,0.000,5.0
199,1.336,0.747,1.490,-88.912,0.006,-0.000,5.0
200,1.333,0.748,1.490,-89.322,0.003,0.000,5.0
201,1.330,0.749,1.490,-89.786,0.003,0.003,5.0
202,1.327,0.750,1.490,-90.282,0.005,0.002,5.0
203,1.325,0.751,1.490,-90.214,0.006,-0.000,5.0
204,1.322,0.752,1.490,-90.032,0.005,0.000,5.0
205,1.319,0.753,1.490,-89.752,0.006,0.002,5.0
206,1.316,0.754,1.490,-89.415,0.008,0.000,5.0
207,1.313,0.755,1.490,-89.042,0.007,0.000,5.0
208,1.310,0.756,1.490,-88.625,0.005,0.003,5.0
209,1.307,0.757,1.490,-88.166,0.006,0.003,5.0
210,1.304,0.758,1.490,-88.220,0.007,0.001,5.0
211,1.301,0.758,1.490,-88.372,0.005,-0.001,5.0
212,1.298,0.759,1.490,-88.622,0.003,-0.000,5.0
213,1.295,0.760,1.490,-88.944,0.005,-0.000,5.0
214,1.292,0.761,1.490,-89.314,0.006,-0.002,5.0
215,1.289,0.762,1.490,-89.731,0.004,-0.001,5.0
216,1.286,0.762,1.490,-90.209,0.005,0.002,5.0
217,1.283,0.763,1.490,-90.114,0.007,0.002,5.0
218,1.280,0.764,1.490,-89.907,0.007,-0.000,5.0
219,1.277,0.764,1.490,-89.592,0.007,0.001,5.0
220,1.274,0.765,1.490,-89.189,0.008,0.002,5.0
221,1.271,0.766,1.490,-88.718,0.008,0.001,5.0
222,1.268,0.766,1.490,-88.183,0.006,0.001,5.0
223,1.265,0.767,1.490,-87.606,0.006,0.000,5.0
224,1.262,0.768,1.490,-87.660,0.004,-0.001,5.0
225,1.259,0.768,1.490,-87.842,0.002,-0.000,5.0
226,1.256,0.769,1.490,-88.118,0.002,-0.001,5.0
227,1.253,0.769,1.490,-88.462,0.001,-0.000,5.0
228,1.250,0.770,1.490,-88.847,0.002,-0.000,5.0
229,1.247,0.770,1.490,-89.264,0.002,0.000,5.0
230,1.244,0.771,1.490,-89.696,0.003,0.002,5.0
231,1.241,0.771,1.490,-90.136,0.003,0.003,5.0
232,1.238,0.772,1.490,-90.144,0.004,0.002,5.0
233,1.235,0.773,1.490,-90.061,0.005,0.002,5.0
234,1.232,0.773,1.490,-89.901,0.005,0.001,5.0
235,1.229,0.773,1.490,-89.685,0.005,-0.000,5.0
236,1.225,0.774,1.490,-89.427,0.005,-0.001,5.0
237,1.222,0.774,1.490,-89.133,0.005,-0.001,5.0
238,1.219,0.775,1.490,-88.811,0.004,-0.001,5.0
239,1.216,0.775,1.490,-88.464,0.004,-0.001,5.0
240,1.213,0.776,1.490,-88.090,0.004,-0.001,5.0
241,1.210,0.776,1.490,-88.110,0.004,-0.000,5.0
242,1.207,0.776,1.490,-88.223,0.004,-0.000,5.0
243,1.203,0.777,1.490,-88.417,0.004,-0.000,5.0
244,1.200,0.777,1.490,-88.668,0.003,0.000,5.0
245,1.197,0.777,1.490,-88.965,0.002,0.002,5.0
246,1.194,0.778,1.490,-89.303,0.003,0.002,5.0
247,1.191,0.778,1.490,-89.677,0.004,0.001,5.0
248,1.188,0.778,1.490,-90.088,0.004,-0.000,5.0
249,1.184,0.779,1.490,-90.041,0.005,-0.001,5.0
250,1.181,0.779,1.490,-89.888,0.006,-0.002,5.0
251,1.178,0.779,1.490,-89.641,0.007,-0.002,5.0
252,1.175,0.779,1.490,-89.324,0.006,-0.002,5.0
253,1.172,0.780,1.490,-88.945,0.004,0.000,5.0
254,1.168,0.780,1.490,-88.505,0.002,0.002,5.0
255,1.165,0.780,1.490,-88.654,0.000,0.002,5.0
256,1.162,0.780,1.490,-88.932,-0.000,0.001,5.0
257,1.159,0.780,1.490,-89.317,0.000,0.000,5.0
258,1.156,0.781,1.490,-89.768,0.000,-0.001,5.0
259,1.152,0.781,1.490,-90.264,0.000,-0.001,5.0
260,1.149,0.781,1.490,-90.793,0.002,-0.001,5.0
261,1.146,0.781,1.490,-90.730,0.004,-0.001,5.0
262,1.143,0.781,1.490,-91.090,0.003,-0.001,5.0
263,1.139,0.782,1.490,-91.043,0.002,-0.001,5.0
264,1.136,0.782,1.490,-90.900,0.002,-0.001,5.0
265,1.133,0.782,1.490,-90.674,0.003,-0.001,5.0
266,1.129,0.782,1.490,-90.379,0.003,-0.001,5.0
267,1.126,0.782,1.490,-90.014,0.004,-0.001,5.0
268,1.123,0.782,1.490,-89.580,0.005,-0.001,5.0
269,1.120,0.782,1.490,-89.740,0.005,-0.001,5.0
270,1.116,0.783,1.490,-90.035,0.004,-0.002,5.0
271,1.113,0.783,1.490,-90.428,0.002,-0.002,5.0
272,1.110,0.783,1.490,-90.881,0.000,-0.002,5.0
273,1.107,0.783,1.490,-91.373,-0.000,-0.002,5.0
274,1.103,0.783,1.490,-91.257,0.000,-0.001,5.0
275,1.100,0.783,1.490,-91.040,0.001,-0.001,5.0
276,1.097,0.783,1.490,-90.744,0.002,-0.000,5.0
277,1.093,0.783,1.490,-90.388,0.003,-0.000,5.0
278,1.090,0.783,1.490,-90.004,0.003,0.001,5.0
279,1.087,0.783,1.490,-89.590,0.003,0.002,5.0
280,1.084,0.783,1.490,-89.154,0.002,0.002,5.0
281,1.080,0.783,1.490,-89.179,0.001,0.001,5.0
282,1.077,0.783,1.490,-89.293,0.001,-0.000,5.0
283,1.074,0.783,1.490,-89.477,0.001,-0.001,5.0
284,1.070,0.783,1.490,-89.714,0.001,-0.002,5.0
285,1.067,0.783,1.490,-89.993,0.001,-0.002,5.0
286,1.063,0.783,1.490,-90.308,0.001,-0.002,5.0
287,1.060,0.783,1.490,-90.658,0.002,-0.002,5.0
288,1.057,0.783,1.490,-90.580,0.003,-0.001,5.0
289,1.053,0.783,1.490,-90.412,0.003,-0.001,5.0
290,1.050,0.783,1.490,-90.167,0.004,-0.001,5.0
291,1.047,0.783,1.490,-89.864,0.004,-0.000,5.0
292,1.043,0.783,1.490,-89.531,0.004,0.001,5.0
293,1.040,0.783,1.490,-89.155,0.003,0.002,5.0
294,1.037,0.783,1.490,-88.742,0.003,0.002,5.0
295,1.033,0.783,1.490,-88.802,0.002,0.001,5.0
296,1.030,0.783,1.490,-88.969,0.002,-0.001,5.0
297,1.026,0.782,1.490,-89.224,0.002,-0.002,5.0
298,1.023,0.782,1.490,-89.552,0.002,-0.002,5.0
299,1.020,0.782,1.490,-89.945,0.002,-0.002,5.0
300,1.016,0.782,1.490,-90.402,0.002,-0.003,5.0
301,1.013,0.782,1.490,-90.255,0.003,-0.002,5.0
302,1.009,0.782,1.490,-89.975,0.004,-0.002,5.0
303,1.006,0.782,1.490,-89.596,0.004,-0.001,5.0
304,1.003,0.781,1.490,-89.158,0.002,-0.001,5.0
305,0.999,0.781,1.490,-88.680,0.001,-0.001,5.0
306,0.996,0.781,1.490,-88.171,0.000,-0.001,5.0
307,0.992,0.781,1.490,-88.235,-0.000,-0.001,5.0
308,0.989,0.781,1.490,-88.396,-0.001,-0.001,5.0
309,0.986,0.780,1.490,-88.644,-0.001,-0.001,5.0
310,0.982,0.780,1.490,-88.944,-0.001,-0.001,5.0
311,0.979,0.780,1.490,-89.282,-0.001,-0.001,5.0
312,0.975,0.780,1.490,-89.649,-0.001,-0.001,5.0
313,0.972,0.780,1.490,-90.041,-0.000,-0.001,5.0
314,0.969,0.780,1.490,-89.993,0.000,-0.001,5.0
315,0.965,0.779,1.490,-89.859,0.001,-0.002,5.0
316,0.962,0.779,1.490,-89.653,0.001,-0.002,5.0
317,0.958,0.779,1.490,-89.403,0.002,-0.000,5.0
318,0.955,0.779,1.490,-89.116,0.005,0.001,5.0
319,0.951,0.779,1.490,-88.803,0.008,0.002,5.0
320,0.948,0.778,1.490,-88.461,0.009,0.001,5.0
321,0.944,0.778,1.490,-88.517,0.009,0.000,5.0
322,0.941,0.778,1.490,-88.655,0.007,-0.001,5.0
323,0.938,0.777,1.490,-88.858,0.004,-0.002,5.0
324,0.934,0.777,1.490,-89.113,0.001,-0.003,5.0
325,0.931,0.777,1.490,-89.411,-0.001,-0.003,5.0
326,0.927,0.776,1.490,-89.746,-0.005,-0.003,5.0
327,0.924,0.776,1.490,-90.116,-0.008,-0.003,5.0
328,0.920,0.776,1.490,-90.050,-0.009,-0.003,5.0
329,0.917,0.775,1.490,-89.888,-0.006,-0.002,5.0
330,0.913,0.775,1.490,-89.637,-0.002,-0.001,5.0
331,0.910,0.775,1.490,-89.317,0.002,-0.001,5.0
332,0.906,0.775,1.490,-88.936,0.005,-0.001,5.0
333,0.903,0.774,1.490,-88.495,0.007,-0.002,5.0
334,0.900,0.774,1.490,-87.997,0.007,-0.002,5.0
335,0.896,0.774,1.490,-87.436,0.009,-0.002,5.0
336,0.893,0.773,1.490,-87.515,0.010,-0.001,5.0
337,0.889,0.773,1.490,-87.747,0.010,-0.001,5.0
338,0.886,0.773,1.490,-88.084,0.004,0.001,5.0
339,0.882,0.772,1.490,-88.496,0.004,0.002,5.0
340,0.879,0.772,1.490,-88.953,0.005,0.001,5.0
341,0.875,0.771,1.490,-89.523,0.004,0.000,5.0
342,0.872,0.771,1.490,-90.138,-0.001,-0.003,5.0
343,0.868,0.770,1.490,-90.782,-0.006,-0.005,5.0
344,0.865,0.770,1.490,-91.452,-0.009,-0.006,5.0
345,0.861,0.770,1.490,-92.154,-0.008,-0.005,5.0
346,0.858,0.769,1.490,-92.202,-0.004,-0.004,5.0
347,0.854,0.769,1.490,-92.086,0.001,-0.002,5.0
348,0.851,0.768,1.490,-91.826,0.004,-0.001,5.0
349,0.848,0.768,1.490,-91.474,0.004,-0.000,5.0
350,0.844,0.768,1.490,-91.054,0.003,0.000,5.0
351,0.841,0.767,1.490,-90.582,0.002,-0.001,5.0
352,0.837,0.767,1.490,-90.067,0.005,-0.000,5.0
353,0.834,0.766,1.490,-89.521,0.008,-0.000,5.0
354,0.830,0.766,1.490,-88.937,0.009,-0.000,5.0
355,0.827,0.765,1.490,-88.961,0.008,-0.001,5.0
356,0.823,0.765,1.490,-89.127,0.006,-0.002,5.0
357,0.820,0.764,1.490,-89.423,0.002,-0.003,5.0
358,0.816,0.763,1.490,-89.804,-0.003,-0.002,5.0
359,0.813,0.763,1.490,-90.254,-0.010,-0.003,5.0
360,0.809,0.762,1.490,-90.755,-0.014,-0.003,5.0
361,0.806,0.762,1.490,-91.300,-0.013,-0.003,5.0
362,0.802,0.761,1.490,-91.888,-0.010,-0.003,5.0
363,0.799,0.761,1.490,-91.838,-0.003,-0.002,5.0
364,0.796,0.761,1.490,-91.648,0.002,-0.002,5.0
365,0.792,0.760,1.490,-91.338,0.006,-0.002,5.0
366,0.789,0.760,1.490,-90.939,0.008,-0.002,5.0
367,0.785,0.759,1.490,-90.473,0.008,-0.003,5.0
368,0.782,0.759,1.490,-89.954,0.009,-0.002,5.0
369,0.778,0.758,1.490,-89.379,0.012,0.000,5.0
370,0.775,0.758,1.490,-88.756,0.011,0.001,5.0
371,0.771,0.757,1.490,-88.809,0.007,0.001,5.0
372,0.768,0.757,1.490,-89.011,0.002,0.001,5.0
373,0.764,0.756,1.490,-89.343,-0.002,0.001,5.0
374,0.761,0.755,1.490,-89.770,-0.005,0.001,5.0
375,0.757,0.755,1.490,-90.258,-0.011,-0.000,5.0
376,0.754,0.754,1.490,-90.795,-0.015,-0.003,5.0
377,0.750,0.754,1.490,-91.364,-0.016,-0.005,5.0
378,0.747,0.753,1.490,-91.962,-0.013,-0.006,5.0
379,0.743,0.753,1.490,-91.945,-0.008,-0.005,5.0
380,0.740,0.752,1.490,-91.802,-0.003,-0.003,5.0
381,0.736,0.752,1.490,-91.548,0.002,-0.002,5.0
382,0.733,0.751,1.490,-91.211,0.004,-0.001,5.0
383,0.729,0.751,1.490,-90.804,0.005,-0.001,5.0
384,0.726,0.751,1.490,-90.338,0.007,-0.002,5.0
385,0.723,0.750,1.490,-89.811,0.012,-0.002,5.0
386,0.719,0.750,1.490,-89.224,0.016,-0.001,5.0
387,0.716,0.749,1.490,-89.308,0.012,-0.000,5.0
388,0.712,0.749,1.490,-89.522,0.006,-0.001,5.0
389,0.709,0.748,1.490,-89.853,0.001,-0.001,5.0
390,0.705,0.747,1.490,-90.263,-0.002,-0.001,5.0
391,0.702,0.747,1.490,-90.735,-0.005,-0.002,5.0
392,0.698,0.746,1.490,-91.244,-0.009,-0.003,5.0
393,0.695,0.746,1.490,-91.789,-0.014,-0.006,5.0
394,0.691,0.745,1.490,-92.366,-0.018,-0.011,5.0
395,0.688,0.745,1.490,-92.349,-0.018,-0.016,5.0
396,0.684,0.744,1.490,-92.199,-0.014,-0.018,5.0
397,0.681,0.744,1.490,-91.932,-0.009,-0.018,5.0
398,0.678,0.743,1.490,-91.581,-0.004,-0.017,5.0
399,0.674,0.743,1.490,-91.165,-0.000,-0.014,5.0
400,0.671,0.743,1.490,-90.697,0.002,-0.012,5.0
401,0.668,0.742,1.490,-90.189,0.002,-0.011,5.0
402,0.665,0.742,1.490,-89.648,0.006,-0.009,5.0
403,0.662,0.742,1.490,-89.066,0.011,-0.006,5.0
404,0.659,0.741,1.490,-89.087,0.012,-0.003,5.0
405,0.656,0.741,1.490,-89.254,0.008,-0.004,5.0
406,0.653,0.741,1.490,-89.549,0.005,-0.006,5.0
407,0.650,0.740,1.490,-89.938,-0.001,-0.005,5.0
408,0.647,0.740,1.490,-90.383,-0.010,-0.008,5.0
409,0.644,0.739,1.490,-90.866,-0.017,-0.012,5.0
410,0.641,0.739,1.490,-91.376,-0.019,-0.015,5.0
411,0.638,0.738,1.490,-91.905,-0.017,-0.015,5.0
412,0.635,0.738,1.490,-91.900,-0.012,-0.013,5.0
413,0.632,0.738,1.490,-91.790,-0.006,-0.011,5.0
414,0.629,0.738,1.490,-91.590,-0.002,-0.010,5.0
415,0.627,0.737,1.490,-91.322,0.001,-0.009,5.0
416,0.624,0.737,1.490,-90.998,0.002,-0.008,5.0
417,0.621,0.737,1.490,-90.634,0.002,-0.008,5.0
418,0.618,0.737,1.490,-90.241,0.001,-0.007,5.0
419,0.616,0.737,1.490,-89.827,-0.003,-0.007,5.0
420,0.613,0.736,1.490,-89.392,-0.006,-0.007,5.0
421,0.610,0.736,1.490,-88.793,0.003,0.005,5.0
422,0.608,0.736,1.490,-88.143,0.010,0.011,5.0
423,0.605,0.736,1.490,-87.439,0.013,0.007,5.0
424,0.602,0.735,1.490,-87.439,0.008,0.001,5.0
425,0.600,0.735,1.490,-87.595,-0.000,-0.007,5.0
426,0.597,0.735,1.490,-87.885,-0.007,-0.013,5.0
427,0.594,0.734,1.490,-88.272,-0.010,-0.018,5.0
428,0.592,0.734,1.490,-88.731,-0.009,-0.018,5.0
429,0.589,0.734,1.490,-89.235,-0.007,-0.017,5.0
430,0.586,0.734,1.490,-89.757,-0.006,-0.015,5.0
431,0.584,0.734,1.490,-90.271,-0.006,-0.016,5.0
432,0.582,0.733,1.490,-90.753,-0.010,-0.019,5.0
433,0.579,0.733,1.490,-90.885,-0.014,-0.024,5.0
434,0.577,0.733,1.490,-90.969,-0.018,-0.031,5.0
435,0.575,0.733,1.490,-90.779,0.007,-0.024,5.0
436,0.573,0.733,1.490,-90.503,0.026,-0.013,5.0
437,0.571,0.733,1.490,-90.177,0.031,-0.003,5.0
438,0.569,0.733,1.490,-89.820,0.025,0.004,5.0
439,0.566,0.732,1.490,-89.435,0.015,0.008,5.0
440,0.564,0.732,1.490,-89.543,0.005,0.007,5.0
441,0.562,0.732,1.490,-89.746,-0.004,0.002,5.0
442,0.560,0.731,1.490,-90.026,-0.009,-0.005,5.0
443,0.558,0.731,1.490,-90.362,-0.013,-0.009,5.0
444,0.556,0.731,1.490,-90.737,-0.018,-0.014,5.0
445,0.554,0.730,1.490,-91.142,-0.020,-0.017,5.0
446,0.552,0.730,1.490,-91.074,-0.017,-0.017,5.0
447,0.550,0.730,1.490,-90.914,-0.011,-0.014,5.0
448,0.548,0.730,1.490,-90.676,-0.004,-0.009,5.0
449,0.546,0.730,1.490,-90.382,0.001,-0.006,5.0
450,0.544,0.730,1.490,-90.044,0.004,-0.003,5.0
451,0.543,0.730,1.490,-89.671,0.005,-0.002,5.0
452,0.541,0.730,1.490,-89.265,0.004,-0.002,5.0
453,0.539,0.729,1.490,-88.825,0.003,-0.003,5.0
454,0.537,0.729,1.490,-88.867,0.003,-0.004,5.0
455,0.535,0.729,1.490,-89.037,0.003,-0.006,5.0
456,0.533,0.729,1.490,-89.402,0.008,-0.006,5.0
457,0.532,0.729,1.490,-89.889,0.012,-0.004,5.0
458,0.530,0.729,1.490,-90.449,0.011,-0.002,5.0
459,0.528,0.728,1.490,-91.035,0.005,-0.002,5.0
460,0.526,0.728,1.490,-91.612,-0.008,-0.007,5.0
461,0.525,0.728,1.490,-91.641,-0.021,-0.015,5.0
462,0.523,0.728,1.490,-91.591,-0.028,-0.024,5.0
463,0.521,0.727,1.490,-91.286,-0.012,-0.015,5.0
464,0.520,0.727,1.490,-90.876,0.006,-0.005,5.0
465,0.518,0.727,1.490,-90.385,0.021,0.003,5.0
466,0.517,0.727,1.490,-89.840,0.028,0.007,5.0
467,0.515,0.727,1.490,-89.257,0.026,0.006,5.0
468,0.514,0.727,1.490,-88.642,0.019,0.002,5.0
469,0.512,0.726,1.490,-88.678,0.009,-0.003,5.0
470,0.510,0.726,1.490,-88.854,-0.001,-0.008,5.0
471,0.509,0.725,1.490,-89.153,-0.007,-0.011,5.0
472,0.507,0.725,1.490,-89.547,-0.009,-0.011,5.0
473,0.506,0.725,1.490,-90.024,-0.008,-0.010,5.0
474,0.504,0.724,1.490,-90.565,-0.006,-0.007,5.0
475,0.503,0.724,1.490,-91.135,-0.005,-0.003,5.0
476,0.501,0.724,1.490,-91.064,-0.004,0.001,5.0
477,0.500,0.723,1.490,-90.873,-0.000,0.003,5.0
478,0.498,0.723,1.490,-90.585,0.002,0.002,5.0
479,0.497,0.723,1.490,-90.225,0.000,-0.000,5.0
480,0.495,0.722,1.490,-89.809,-0.007,-0.006,5.0
481,0.494,0.722,1.490,-89.348,-0.014,-0.011,5.0
482,0.493,0.722,1.490,-88.846,-0.016,-0.013,5.0
483,0.491,0.722,1.490,-88.920,-0.015,-0.013,5.0
484,0.490,0.722,1.490,-89.103,-0.011,-0.010,5.0
485,0.489,0.722,1.490,-89.373,-0.006,-0.007,5.0
486,0.487,0.722,1.490,-89.709,-0.001,-0.003,5.0
487,0.486,0.721,1.490,-90.101,0.003,-0.001,5.0
488,0.485,0.721,1.490,-90.544,0.004,0.000,5.0
489,0.483,0.721,1.490,-90.415,0.005,0.000,5.0
490,0.482,0.721,1.490,-90.170,0.004,0.001,5.0
491,0.481,0.721,1.490,-89.832,0.004,0.001,5.0
492,0.480,0.721,1.490,-89.419,0.003,0.001,5.0
493,0.478,0.721,1.490,-88.945,0.003,0.001,5.0
494,0.477,0.721,1.490,-88.421,0.003,0.000,5.0
495,0.476,0.720,1.490,-88.515,0.002,-0.002,5.0
496,0.474,0.720,1.490,-88.723,-0.001,-0.005,5.0
497,0.473,0.720,1.490,-89.107,-0.001,-0.014,5.0
498,0.472,0.720,1.490,-89.562,-0.000,-0.023,5.0
499,0.471,0.720,1.490,-90.060,-0.001,-0.029,5.0
500,0.470,0.720,1.490,-90.568,-0.005,-0.032,5.0
501,0.469,0.719,1.490,-91.065,-0.010,-0.029,5.0
502,0.468,0.719,1.490,-91.540,-0.014,-0.022,5.0
503,0.467,0.719,1.490,-91.640,-0.016,-0.015,5.0
504,0.466,0.719,1.490,-91.673,-0.016,-0.009,5.0
505,0.466,0.719,1.490,-91.640,-0.016,-0.004,5.0
506,0.465,0.719,1.490,-91.560,-0.018,-0.002,5.0
507,0.464,0.720,1.490,-91.443,-0.016,-0.002,5.0
508,0.464,0.720,1.490,-91.301,-0.013,-0.005,5.0
509,0.463,0.720,1.490,-91.143,-0.011,-0.009,5.0
510,0.462,0.720,1.490,-90.670,0.029,0.018,5.0
511,0.462,0.721,1.490,-90.109,0.055,0.040,5.0
512,0.461,0.721,1.490,-89.503,0.059,0.044,5.0
513,0.460,0.720,1.490,-88.874,0.047,0.033,5.0
514,0.459,0.720,1.490,-88.223,0.027,0.013,5.0
515,0.458,0.720,1.490,-88.205,0.003,-0.005,5.0
516,0.456,0.719,1.490,-88.333,-0.017,-0.020,5.0
517,0.455,0.719,1.490,-88.587,-0.033,-0.028,5.0
518,0.454,0.718,1.490,-88.928,-0.039,-0.027,5.0
519,0.454,0.718,1.490,-89.334,-0.034,-0.021,5.0
520,0.453,0.718,1.490,-89.786,-0.022,-0.011,5.0
521,0.452,0.718,1.490,-90.270,-0.008,-0.003,5.0
522,0.451,0.718,1.490,-90.780,0.003,0.002,5.0
523,0.450,0.718,1.490,-90.744,0.012,0.005,5.0
524,0.450,0.718,1.490,-90.593,0.021,0.006,5.0
525,0.449,0.718,1.490,-90.340,0.026,0.005,5.0
526,0.448,0.718,1.490,-90.008,0.025,0.003,5.0
527,0.447,0.718,1.490,-89.602,0.020,0.001,5.0
528,0.446,0.718,1.490,-89.126,0.013,-0.000,5.0
529,0.446,0.717,1.490,-88.581,0.006,-0.000,5.0
530,0.445,0.717,1.490,-88.711,-0.001,0.001,5.0
531,0.444,0.717,1.490,-88.977,-0.007,0.002,5.0
532,0.443,0.716,1.490,-89.337,-0.012,-0.000,5.0
533,0.442,0.716,1.490,-89.743,-0.019,-0.003,5.0
534,0.441,0.716,1.490,-90.187,-0.022,-0.005,5.0
535,0.440,0.715,1.490,-90.661,-0.022,-0.007,5.0
536,0.440,0.715,1.490,-91.160,-0.017,-0.009,5.0
537,0.439,0.715,1.490,-91.135,-0.011,-0.009,5.0
538,0.438,0.715,1.490,-91.004,-0.005,-0.009,5.0
539,0.437,0.715,1.490,-90.781,-0.001,-0.008,5.0
540,0.437,0.715,1.490,-90.494,0.001,-0.007,5.0
541,0.436,0.715,1.490,-90.155,0.004,-0.004,5.0
542,0.435,0.715,1.490,-89.771,0.010,0.000,5.0
543,0.435,0.715,1.490,-89.347,0.016,0.003,5.0
544,0.434,0.715,1.490,-88.887,0.018,0.003,5.0
545,0.433,0.715,1.490,-88.385,0.015,0.003,5.0
546,0.433,0.715,1.490,-88.417,0.011,0.002,5.0
547,0.432,0.715,1.490,-88.583,0.006,0.001,5.0
548,0.431,0.714,1.490,-88.868,-0.001,-0.002,5.0
549,0.431,0.714,1.490,-89.238,-0.010,-0.005,5.0
550,0.430,0.714,1.490,-89.677,-0.016,-0.006,5.0
551,0.429,0.714,1.490,-90.174,-0.017,-0.005,5.0
552,0.429,0.714,1.490,-90.724,-0.013,-0.002,5.0
553,0.428,0.714,1.490,-91.326,-0.005,0.001,5.0
554,0.427,0.714,1.490,-91.267,0.003,0.004,5.0
555,0.427,0.714,1.490,-91.076,0.006,0.005,5.0
556,0.426,0.713,1.490,-90.777,0.004,0.002,5.0
557,0.425,0.713,1.490,-90.407,0.000,-0.002,5.0
558,0.425,0.713,1.490,-89.985,-0.004,-0.006,5.0
559,0.424,0.713,1.490,-89.526,-0.006,-0.009,5.0
560,0.423,0.713,1.490,-89.037,-0.007,-0.009,5.0
561,0.423,0.713,1.490,-88.522,-0.006,-0.008,5.0
562,0.422,0.713,1.490,-88.537,-0.004,-0.006,5.0
563,0.421,0.713,1.490,-88.661,-0.002,-0.004,5.0
564,0.421,0.713,1.490,-88.878,-0.000,-0.002,5.0
565,0.420,0.713,1.490,-89.162,0.001,-0.000,5.0
566,0.420,0.713,1.490,-89.501,0.001,0.000,5.0
567,0.419,0.713,1.490,-89.885,0.001,0.000,5.0
568,0.419,0.713,1.490,-90.308,0.001,0.000,5.0
569,0.418,0.713,1.490,-90.772,0.001,0.001,5.0
570,0.418,0.713,1.490,-90.713,0.001,0.001,5.0
571,0.417,0.713,1.490,-90.538,0.005,0.004,5.0
572,0.417,0.713,1.490,-90.257,0.013,0.007,5.0
573,0.416,0.713,1.490,-89.889,0.020,0.009,5.0
574,0.415,0.713,1.490,-89.446,0.022,0.009,5.0
575,0.415,0.713,1.490,-88.941,0.017,0.007,5.0
576,0.414,0.712,1.490,-88.398,0.008,0.003,5.0
577,0.413,0.712,1.490,-88.482,-0.003,-0.005,5.0
578,0.413,0.712,1.490,-88.699,-0.011,-0.013,5.0
579,0.412,0.712,1.490,-89.014,-0.018,-0.020,5.0
580,0.411,0.711,1.490,-89.390,-0.023,-0.022,5.0
581,0.411,0.711,1.490,-89.806,-0.023,-0.019,5.0
582,0.410,0.711,1.490,-90.247,-0.018,-0.014,5.0
583,0.410,0.711,1.490,-90.705,-0.012,-0.008,5.0
584,0.410,0.711,1.490,-90.683,-0.006,-0.004,5.0
585,0.409,0.711,1.490,-90.577,-0.002,-0.001,5.0
586,0.409,0.712,1.490,-90.402,0.000,-0.001,5.0
587,0.409,0.712,1.490,-90.175,0.004,0.001,5.0
588,0.408,0.712,1.490,-89.902,0.011,0.003,5.0
589,0.408,0.712,1.490,-89.589,0.016,0.004,5.0
590,0.408,0.712,1.490,-89.242,0.017,0.004,5.0
591,0.407,0.712,1.490,-88.859,0.014,0.003,5.0
592,0.407,0.712,1.490,-88.915,0.010,0.002,5.0
593,0.406,0.711,1.490,-89.073,0.005,0.001,5.0
594,0.406,0.711,1.490,-89.319,-0.002,-0.002,5.0
595,0.406,0.711,1.490,-89.626,-0.011,-0.006,5.0
596,0.405,0.711,1.490,-89.980,-0.018,-0.007,5.0
597,0.405,0.711,1.490,-90.375,-0.019,-0.006,5.0
598,0.405,0.711,1.490,-90.807,-0.014,-0.004,5.0
599,0.404,0.711,1.490,-90.745,-0.007,-0.001,5.0
600,0.404,0.711,1.490,-90.578,0.000,0.002,5.0
601,0.404,0.711,1.490,-90.314,0.007,0.002,5.0
602,0.403,0.711,1.490,-89.974,0.009,-0.000,5.0
603,0.403,0.711,1.490,-89.572,0.008,-0.002,5.0
604,0.403,0.711,1.490,-89.113,0.005,-0.001,5.0
605,0.402,0.711,1.490,-88.593,0.006,0.002,5.0
606,0.402,0.711,1.490,-88.708,0.012,0.007,5.0
607,0.402,0.711,1.490,-88.963,0.014,0.010,5.0
608,0.401,0.711,1.490,-89.313,0.010,0.009,5.0
609,0.401,0.711,1.490,-89.727,0.006,0.006,5.0
610,0.401,0.711,1.490,-90.190,0.003,0.002,5.0
611,0.400,0.711,1.490,-90.693,0.001,-0.002,5.0
612,0.400,0.710,1.490,-91.231,-0.001,-0.004,5.0
613,0.399,0.710,1.490,-91.186,-0.005,-0.007,5.0
614,0.399,0.710,1.490,-91.035,-0.013,-0.010,5.0
615,0.399,0.710,1.490,-90.799,-0.019,-0.011,5.0
616,0.398,0.710,1.490,-90.503,-0.021,-0.010,5.0
617,0.398,0.710,1.490,-90.157,-0.017,-0.008,5.0
618,0.398,0.710,1.490,-89.770,-0.010,-0.008,5.0
619,0.397,0.710,1.490,-89.348,-0.005,-0.007,5.0
620,0.397,0.710,1.490,-88.903,-0.001,-0.006,5.0
621,0.397,0.710,1.490,-88.934,0.001,-0.005,5.0
622,0.397,0.710,1.490,-89.066,0.004,-0.002,5.0
623,0.397,0.710,1.490,-89.289,0.009,0.001,5.0
624,0.397,0.710,1.490,-89.586,0.015,0.005,5.0
625,0.396,0.710,1.490,-89.944,0.018,0.007,5.0
626,0.396,0.710,1.490,-90.358,0.017,0.008,5.0
627,0.396,0.710,1.490,-90.825,0.014,0.007,5.0
628,0.396,0.710,1.490,-91.347,0.009,0.005,5.0
629,0.395,0.710,1.490,-91.272,0.002,0.002,5.0
630,0.395,0.710,1.490,-91.066,-0.008,-0.002,5.0
631,0.395,0.710,1.490,-90.752,-0.015,-0.004,5.0
632,0.395,0.710,1.490,-90.352,-0.017,-0.003,5.0
633,0.394,0.709,1.490,-89.883,-0.011,-0.000,5.0
634,0.394,0.709,1.490,-89.367,-0.006,0.001,5.0
635,0.394,0.709,1.490,-88.818,-0.003,0.001,5.0
636,0.394,0.709,1.490,-88.875,-0.002,-0.001,5.0
637,0.393,0.709,1.490,-89.054,-0.001,-0.004,5.0
638,0.393,0.710,1.490,-89.329,-0.002,-0.008,5.0
639,0.393,0.710,1.490,-89.672,-0.000,-0.007,5.0
640,0.393,0.710,1.490,-90.072,0.005,-0.003,5.0
641,0.392,0.710,1.490,-90.523,0.011,0.002,5.0
642,0.392,0.710,1.490,-91.022,0.015,0.006,5.0
643,0.392,0.709,1.490,-90.930,0.015,0.007,5.0
644,0.392,0.709,1.490,-90.717,0.012,0.007,5.0
645,0.392,0.709,1.490,-90.404,0.008,0.006,5.0
646,0.391,0.709,1.490,-90.010,0.001,0.003,5.0
647,0.391,0.709,1.490,-89.550,-0.008,-0.002,5.0
648,0.391,0.709,1.490,-89.033,-0.015,-0.005,5.0
649,0.390,0.708,1.490,-89.164,-0.018,-0.006,5.0
650,0.390,0.708,1.490,-89.423,-0.015,-0.007,5.0
651,0.390,0.708,1.490,-89.783,-0.010,-0.007,5.0
652,0.390,0.708,1.490,-90.216,-0.005,-0.007,5.0
653,0.390,0.708,1.490,-90.702,-0.001,-0.005,5.0
654,0.389,0.708,1.490,-91.235,0.001,-0.002,5.0
655,0.389,0.709,1.490,-91.127,0.005,0.001,5.0
656,0.389,0.709,1.490,-90.885,0.012,0.006,5.0
657,0.389,0.709,1.490,-90.539,0.015,0.009,5.0
658,0.389,0.708,1.490,-90.126,0.015,0.009,5.0
659,0.388,0.708,1.490,-89.660,0.012,0.006,5.0
660,0.388,0.708,1.490,-89.146,0.008,0.002,5.0
661,0.388,0.708,1.490,-88.581,0.003,-0.002,5.0
662,0.388,0.708,1.490,-88.658,-0.005,-0.006,5.0
663,0.387,0.708,1.490,-88.871,-0.014,-0.010,5.0
664,0.387,0.707,1.490,-89.198,-0.020,-0.011,5.0
665,0.387,0.707,1.490,-89.604,-0.020,-0.010,5.0
666,0.387,0.707,1.490,-90.069,-0.016,-0.007,5.0
667,0.387,0.707,1.490,-90.580,-0.009,-0.003,5.0
668,0.387,0.708,1.490,-91.128,-0.003,-0.000,5.0
669,0.386,0.708,1.490,-91.715,0.003,0.002,5.0
670,0.386,0.708,1.490,-91.684,0.005,0.003,5.0
671,0.386,0.708,1.490,-91.511,0.006,0.003,5.0
672,0.386,0.708,1.490,-91.210,0.008,0.003,5.0
673,0.386,0.708,1.490,-90.807,0.013,0.005,5.0
674,0.386,0.708,1.490,-90.326,0.015,0.007,5.0
675,0.386,0.708,1.490,-89.798,0.014,0.007,5.0
676,0.385,0.708,1.490,-89.231,0.010,0.005,5.0
677,0.385,0.708,1.490,-88.631,0.005,0.001,5.0
678,0.385,0.707,1.490,-88.666,0.001,-0.002,5.0
679,0.385,0.707,1.490,-88.842,-0.003,-0.005,5.0
680,0.385,0.707,1.490,-89.133,-0.012,-0.008,5.0
681,0.384,0.707,1.490,-89.502,-0.019,-0.010,5.0
682,0.384,0.707,1.490,-89.936,-0.020,-0.009,5.0
683,0.384,0.707,1.490,-90.421,-0.016,-0.008,5.0
684,0.384,0.707,1.490,-90.945,-0.010,-0.006,5.0
685,0.384,0.707,1.490,-91.502,-0.004,-0.003,5.0
686,0.384,0.707,1.490,-91.470,-0.000,-0.001,5.0
687,0.384,0.707,1.490,-91.313,0.002,0.001,5.0
688,0.384,0.707,1.490,-91.048,0.004,0.002,5.0
689,0.384,0.707,1.490,-90.703,0.006,0.003,5.0
690,0.384,0.707,1.490,-90.281,0.012,0.005,5.0
691,0.383,0.707,1.490,-89.791,0.018,0.007,5.0
692,0.383,0.707,1.490,-89.237,0.019,0.008,5.0
693,0.383,0.707,1.490,-88.644,0.013,0.007,5.0
694,0.383,0.707,1.490,-88.696,0.007,0.004,5.0
695,0.383,0.707,1.490,-88.877,0.001,-0.000,5.0
696,0.383,0.707,1.490,-89.171,-0.006,-0.004,5.0
697,0.383,0.707,1.490,-89.539,-0.015,-0.008,5.0
698,0.382,0.707,1.490,-89.964,-0.021,-0.011,5.0
699,0.382,0.707,1.490,-90.428,-0.022,-0.011,5.0
700,0.382,0.707,1.490,-90.922,-0.017,-0.009,5.0
701,0.382,0.707,1.490,-91.441,-0.011,-0.005,5.0
702,0.382,0.707,1.490,-91.425,-0.004,-0.002,5.0
703,0.382,0.707,1.490,-91.298,0.000,0.001,5.0
704,0.382,0.707,1.490,-91.072,0.003,0.001,5.0
705,0.382,0.707,1.490,-90.779,0.003,0.001,5.0
706,0.382,0.708,1.490,-90.426,0.005,-0.000,5.0
707,0.382,0.708,1.490,-89.881,0.007,0.014,5.0
708,0.382,0.708,1.490,-89.269,0.010,0.023,5.0
709,0.382,0.708,1.490,-88.614,0.009,0.025,5.0
710,0.382,0.708,1.490,-87.926,0.007,0.020,5.0
711,0.381,0.708,1.490,-87.207,0.003,0.012,5.0
712,0.381,0.708,1.490,-87.177,-0.000,0.003,5.0
713,0.381,0.708,1.490,-87.306,-0.003,-0.004,5.0
714,0.380,0.708,1.490,-87.571,-0.007,-0.010,5.0
715,0.380,0.708,1.490,-87.930,-0.011,-0.012,5.0
716,0.380,0.708,1.490,-88.367,-0.011,-0.009,5.0
717,0.379,0.708,1.490,-88.869,-0.007,-0.005,5.0
718,0.379,0.708,1.490,-89.422,-0.003,-0.002,5.0
719,0.379,0.708,1.490,-90.018,-0.001,0.001,5.0
720,0.379,0.708,1.490,-89.947,0.000,0.003,5.0
721,0.379,0.709,1.490,-89.741,0.001,0.004,5.0
722,0.378,0.709,1.490,-89.422,0.001,0.004,5.0
723,0.378,0.709,1.490,-89.018,0.001,0.003,5.0
724,0.378,0.709,1.490,-88.543,0.003,0.004,5.0
725,0.377,0.709,1.490,-88.011,0.006,0.004,5.0
726,0.377,0.709,1.490,-87.431,0.008,0.003,5.0
727,0.377,0.709,1.490,-87.521,0.007,0.002,5.0
728,0.377,0.709,1.490,-87.745,0.004,0.000,5.0
729,0.376,0.709,1.490,-88.077,0.002,-0.001,5.0
730,0.376,0.709,1.490,-88.490,-0.000,-0.002,5.0
731,0.376,0.709,1.490,-88.971,-0.004,-0.005,5.0
732,0.375,0.709,1.490,-89.507,-0.008,-0.007,5.0
733,0.375,0.709,1.490,-90.092,-0.010,-0.006,5.0
734,0.375,0.710,1.490,-90.014,-0.009,-0.004,5.0
735,0.375,0.710,1.490,-89.807,-0.008,-0.002,5.0
736,0.374,0.710,1.490,-89.493,-0.005,-0.001,5.0
737,0.374,0.710,1.490,-89.100,-0.002,-0.000,5.0
738,0.374,0.710,1.490,-88.646,0.001,-0.000,5.0
739,0.374,0.710,1.490,-88.142,0.003,-0.001,5.0
740,0.373,0.711,1.490,-87.595,0.003,-0.002,5.0
741,0.373,0.711,1.490,-87.005,0.003,-0.002,5.0
742,0.373,0.711,1.490,-87.047,0.005,0.000,5.0
743,0.373,0.711,1.490,-87.230,0.006,0.001,5.0
744,0.373,0.711,1.490,-87.531,0.004,0.001,5.0
745,0.372,0.711,1.490,-87.926,0.004,0.004,5.0
746,0.372,0.711,1.490,-88.389,0.004,0.006,5.0
747,0.372,0.711,1.490,-88.901,0.002,0.003,5.0
748,0.372,0.712,1.490,-89.538,-0.036,-0.055,5.0
749,0.372,0.712,1.490,-90.213,-0.060,-0.092,5.0
750,0.372,0.712,1.490,-90.917,-0.062,-0.096,5.0
751,0.372,0.713,1.490,-91.635,-0.048,-0.074,5.0
752,0.373,0.713,1.490,-91.705,-0.027,-0.038,5.0
753,0.374,0.714,1.490,-91.621,-0.008,-0.005,5.0
754,0.375,0.715,1.490,-91.394,0.005,0.017,5.0
755,0.376,0.716,1.490,-91.055,0.011,0.025,5.0
756,0.377,0.717,1.490,-90.624,0.013,0.022,5.0
757,0.378,0.718,1.490,-90.123,0.010,0.012,5.0
758,0.378,0.719,1.490,-89.567,0.005,0.000,5.0
759,0.379,0.719,1.490,-88.964,-0.001,-0.008,5.0
760,0.380,0.720,1.490,-88.320,-0.005,-0.011,5.0
761,0.381,0.721,1.490,-88.352,-0.005,-0.009,5.0
762,0.382,0.722,1.490,-88.524,-0.001,-0.002,5.0
763,0.383,0.722,1.490,-88.815,0.005,0.006,5.0
764,0.383,0.723,1.490,-89.196,0.010,0.011,5.0
765,0.384,0.724,1.490,-89.651,0.012,0.012,5.0
766,0.385,0.725,1.490,-90.166,0.011,0.010,5.0
767,0.386,0.725,1.490,-90.731,0.008,0.006,5.0
768,0.386,0.726,1.490,-91.345,0.005,0.002,5.0
769,0.387,0.727,1.490,-91.282,-0.001,-0.003,5.0
770,0.388,0.727,1.490,-91.074,-0.006,-0.006,5.0
771,0.389,0.728,1.490,-90.751,-0.008,-0.006,5.0
772,0.389,0.729,1.490,-90.346,-0.006,-0.005,5.0
773,0.390,0.729,1.490,-89.878,-0.003,-0.002,5.0
774,0.391,0.730,1.490,-89.352,-0.000,0.001,5.0
775,0.392,0.731,1.490,-88.778,0.002,0.005,5.0
776,0.392,0.731,1.490,-88.156,0.003,0.007,5.0
777,0.393,0.732,1.490,-88.206,0.004,0.007,5.0
778,0.394,0.733,1.490,-88.403,0.004,0.007,5.0
779,0.395,0.734,1.490,-88.722,0.006,0.008,5.0
780,0.395,0.734,1.490,-89.129,0.009,0.008,5.0
781,0.396,0.735,1.490,-89.605,0.010,0.007,5.0
782,0.396,0.735,1.490,-90.139,0.009,0.005,5.0
783,0.397,0.736,1.490,-90.720,0.006,0.003,5.0
784,0.398,0.737,1.490,-91.345,0.004,0.001,5.0
785,0.398,0.737,1.490,-91.296,-0.001,-0.002,5.0
786,0.399,0.738,1.490,-91.100,-0.005,-0.004,5.0
787,0.400,0.738,1.490,-90.780,-0.007,-0.004,5.0
788,0.400,0.739,1.490,-90.374,-0.005,-0.002,5.0
789,0.401,0.739,1.490,-89.902,-0.002,-0.000,5.0
790,0.401,0.740,1.490,-89.378,0.001,0.002,5.0
791,0.402,0.741,1.490,-88.805,0.002,0.003,5.0
792,0.403,0.741,1.490,-88.186,0.003,0.005,5.0
793,0.403,0.742,1.490,-88.235,0.003,0.005,5.0
794,0.404,0.742,1.490,-88.428,0.003,0.005,5.0
795,0.404,0.743,1.490,-88.741,0.005,0.007,5.0
796,0.405,0.744,1.490,-89.142,0.008,0.008,5.0
797,0.406,0.744,1.490,-89.612,0.009,0.007,5.0
798,0.406,0.745,1.490,-90.139,0.008,0.005,5.0
799,0.407,0.745,1.490,-90.715,0.006,0.003,5.0
800,0.407,0.745,1.490,-91.336,0.004,0.001,5.0
801,0.407,0.746,1.490,-91.287,0.002,-0.000,5.0
802,0.408,0.746,1.490,-91.091,-0.002,-0.003,5.0
803,0.408,0.747,1.490,-90.772,-0.006,-0.005,5.0
804,0.409,0.747,1.490,-90.362,-0.007,-0.004,5.0
805,0.409,0.748,1.490,-89.881,-0.005,-0.002,5.0
806,0.410,0.748,1.490,-89.344,-0.002,0.001,5.0
807,0.411,0.749,1.490,-88.765,0.002,0.003,5.0
808,0.411,0.749,1.490,-88.145,0.003,0.004,5.0
809,0.412,0.750,1.490,-88.190,0.004,0.004,5.0
810,0.412,0.750,1.490,-88.380,0.003,0.004,5.0
811,0.413,0.751,1.490,-88.692,0.002,0.004,5.0
812,0.413,0.751,1.490,-89.092,0.001,0.003,5.0
813,0.413,0.752,1.490,-89.562,0.001,0.003,5.0
814,0.414,0.752,1.490,-90.088,0.001,0.003,5.0
815,0.414,0.753,1.490,-90.664,0.001,0.002,5.0
816,0.415,0.753,1.490,-90.565,0.002,0.002,5.0
817,0.415,0.753,1.490,-90.336,0.002,0.002,5.0
818,0.416,0.754,1.490,-90.007,0.003,0.001,5.0
819,0.416,0.754,1.490,-89.606,0.005,0.002,5.0
820,0.416,0.755,1.490,-89.142,0.007,0.005,5.0
821,0.417,0.755,1.490,-88.625,0.008,0.007,5.0
822,0.417,0.756,1.490,-88.054,0.007,0.007,5.0
823,0.418,0.756,1.490,-88.146,0.005,0.006,5.0
824,0.418,0.756,1.490,-88.382,0.004,0.005,5.0
825,0.418,0.757,1.490,-88.740,0.002,0.003,5.0
826,0.418,0.757,1.490,-89.183,0.001,0.001,5.0
827,0.419,0.757,1.490,-89.693,-0.003,-0.003,5.0
828,0.419,0.757,1.490,-90.257,-0.006,-0.006,5.0
829,0.419,0.758,1.490,-90.865,-0.006,-0.006,5.0
830,0.420,0.758,1.490,-90.795,-0.005,-0.005,5.0
831,0.420,0.759,1.490,-90.585,-0.003,-0.001,5.0
832,0.421,0.759,1.490,-90.264,-0.001,0.001,5.0
833,0.421,0.759,1.490,-89.864,0.002,0.003,5.0
834,0.421,0.760,1.490,-89.403,0.003,0.003,5.0
835,0.422,0.760,1.490,-88.885,0.003,0.002,5.0
836,0.422,0.760,1.490,-88.316,0.002,0.001,5.0
837,0.422,0.761,1.490,-88.408,0.003,0.002,5.0
838,0.423,0.761,1.490,-88.633,0.005,0.006,5.0
839,0.423,0.761,1.490,-88.969,0.006,0.008,5.0
840,0.423,0.762,1.490,-89.387,0.006,0.008,5.0
841,0.424,0.762,1.490,-89.871,0.004,0.006,5.0
842,0.424,0.762,1.490,-90.409,0.002,0.003,5.0
843,0.424,0.763,1.490,-90.999,-0.001,-0.002,5.0
844,0.424,0.763,1.490,-90.914,-0.005,-0.006,5.0
845,0.425,0.763,1.490,-90.692,-0.006,-0.007,5.0
846,0.425,0.763,1.490,-90.358,-0.005,-0.006,5.0
847,0.425,0.764,1.490,-89.941,-0.003,-0.003,5.0
848,0.426,0.764,1.490,-89.455,-0.000,0.000,5.0
849,0.426,0.764,1.490,-88.912,0.002,0.003,5.0
850,0.426,0.765,1.490,-88.325,0.003,0.004,5.0
851,0.426,0.765,1.490,-88.404,0.003,0.003,5.0
852,0.427,0.765,1.490,-88.618,0.002,0.002,5.0
853,0.427,0.766,1.490,-88.942,0.001,0.001,5.0
854,0.427,0.766,1.490,-89.345,0.003,0.003,5.0
855,0.428,0.766,1.490,-89.813,0.005,0.005,5.0
856,0.428,0.767,1.490,-90.336,0.005,0.007,5.0
857,0.428,0.767,1.490,-90.910,0.005,0.006,5.0
858,0.428,0.767,1.490,-90.821,0.004,0.004,5.0
859,0.429,0.767,1.490,-90.598,0.002,0.002,5.0
860,0.429,0.767,1.490,-90.264,-0.002,-0.003,5.0
861,0.429,0.768,1.490,-89.850,-0.005,-0.007,5.0
862,0.429,0.768,1.490,-89.369,-0.005,-0.008,5.0
863,0.429,0.768,1.490,-88.833,-0.004,-0.006,5.0
864,0.430,0.768,1.490,-88.245,-0.002,-0.002,5.0
865,0.430,0.769,1.490,-88.335,0.000,0.001,5.0
866,0.430,0.769,1.490,-88.565,0.002,0.004,5.0
867,0.431,0.769,1.490,-88.910,0.002,0.005,5.0
868,0.431,0.770,1.490,-89.330,0.003,0.005,5.0
869,0.431,0.770,1.490,-89.811,0.002,0.003,5.0
870,0.431,0.770,1.490,-90.342,0.002,-0.000,5.0
871,0.431,0.770,1.490,-90.910,0.002,-0.002,5.0
872,0.432,0.771,1.490,-90.841,0.002,-0.001,5.0
873,0.432,0.771,1.490,-90.647,0.003,0.000,5.0
874,0.432,0.771,1.490,-90.349,0.003,0.002,5.0
875,0.432,0.771,1.490,-89.980,0.005,0.006,5.0
876,0.433,0.771,1.490,-89.552,0.006,0.010,5.0
877,0.433,0.772,1.490,-89.075,0.006,0.011,5.0
878,0.433,0.772,1.490,-88.552,0.004,0.010,5.0
879,0.433,0.772,1.490,-88.637,0.001,0.007,5.0
880,0.433,0.772,1.490,-88.847,-0.001,0.003,5.0
881,0.433,0.772,1.490,-89.159,-0.002,-0.000,5.0
882,0.433,0.772,1.490,-89.555,-0.004,-0.005,5.0
883,0.433,0.772,1.490,-90.023,-0.006,-0.009,5.0
884,0.433,0.773,1.490,-90.554,-0.006,-0.011,5.0
885,0.434,0.773,1.490,-91.136,-0.004,-0.010,5.0
886,0.434,0.773,1.490,-91.051,-0.001,-0.006,5.0
887,0.434,0.773,1.490,-90.829,0.002,-0.001,5.0
888,0.434,0.773,1.490,-90.498,0.004,0.003,5.0
889,0.434,0.774,1.490,-90.096,0.004,0.004,5.0
890,0.435,0.774,1.490,-89.633,0.003,0.004,5.0
891,0.435,0.774,1.490,-89.117,0.001,0.002,5.0
892,0.435,0.774,1.490,-88.557,-0.000,0.001,5.0
893,0.435,0.774,1.490,-87.951,0.001,0.002,5.0
894,0.435,0.774,1.490,-87.995,0.002,0.005,5.0
895,0.436,0.775,1.490,-88.197,-0.001,0.004,5.0
896,0.436,0.775,1.490,-88.527,-0.002,0.000,5.0
897,0.436,0.775,1.490,-88.944,-0.002,-0.003,5.0
898,0.436,0.775,1.490,-89.428,-0.001,-0.003,5.0
899,0.436,0.775,1.490,-89.962,0.000,-0.003,5.0
900,0.436,0.775,1.490,-90.540,0.002,-0.001,5.0
901,0.437,0.776,1.490,-91.161,0.002,0.000,5.0
902,0.437,0.776,1.490,-91.121,0.001,0.001,5.0
903,0.437,0.776,1.490,-90.943,0.001,0.000,5.0
904,0.437,0.776,1.490,-90.640,0.001,-0.000,5.0
905,0.437,0.776,1.490,-90.249,0.002,0.001,5.0
906,0.437,0.776,1.490,-89.791,0.003,0.003,5.0
907,0.438,0.777,1.490,-89.279,0.003,0.005,5.0
908,0.438,0.777,1.490,-88.721,0.002,0.006,5.0
909,0.438,0.777,1.490,-88.118,0.002,0.006,5.0
910,0.438,0.777,1.490,-88.173,0.001,0.005,5.0
911,0.438,0.777,1.490,-88.377,-0.002,0.000,5.0
912,0.438,0.777,1.490,-88.706,-0.003,-0.005,5.0
913,0.438,0.777,1.490,-89.122,-0.003,-0.008,5.0
914,0.438,0.778,1.490,-89.605,-0.002,-0.007,5.0
915,0.439,0.778,1.490,-90.144,-0.000,-0.005,5.0
916,0.439,0.778,1.490,-90.732,0.001,-0.002,5.0
917,0.439,0.778,1.490,-91.370,0.001,-0.000,5.0
918,0.439,0.778,1.490,-91.320,0.001,0.001,5.0
919,0.439,0.778,1.490,-91.134,0.001,0.001,5.0
920,0.439,0.778,1.490,-90.818,0.000,-0.001,5.0
921,0.440,0.779,1.490,-90.417,0.001,-0.002,5.0
922,0.440,0.779,1.490,-89.948,0.001,-0.002,5.0
923,0.440,0.779,1.490,-89.424,0.001,-0.001,5.0
924,0.440,0.779,1.490,-88.854,0.001,0.000,5.0
925,0.440,0.779,1.490,-88.239,0.001,0.002,5.0
926,0.441,0.779,1.490,-88.289,0.000,0.003,5.0
927,0.441,0.779,1.490,-88.487,-0.001,0.003,5.0
928,0.441,0.780,1.490,-88.806,-0.001,0.003,5.0
929,0.441,0.780,1.490,-89.212,0.001,0.004,5.0
930,0.441,0.780,1.490,-89.685,0.002,0.007,5.0
931,0.441,0.780,1.490,-90.216,0.003,0.008,5.0
932,0.442,0.780,1.490,-90.796,0.002,0.007,5.0
933,0.442,0.780,1.490,-90.700,0.002,0.005,5.0
934,0.442,0.780,1.490,-90.472,0.001,0.002,5.0
935,0.442,0.780,1.490,-90.141,-0.001,-0.003,5.0
936,0.442,0.781,1.490,-89.741,-0.002,-0.008,5.0
937,0.442,0.781,1.490,-89.275,-0.002,-0.010,5.0
938,0.442,0.781,1.490,-88.752,-0.001,-0.009,5.0
939,0.442,0.781,1.490,-88.177,-0.001,-0.006,5.0
940,0.442,0.781,1.490,-88.270,0.000,-0.002,5.0
941,0.442,0.781,1.490,-88.508,0.001,0.002,5.0
942,0.443,0.781,1.490,-88.865,0.001,0.004,5.0
943,0.443,0.781,1.490,-89.304,0.001,0.004,5.0
944,0.443,0.782,1.490,-89.808,0.000,0.002,5.0
945,0.443,0.782,1.490,-90.365,0.000,0.000,5.0
946,0.443,0.782,1.490,-90.965,0.000,-0.002,5.0
947,0.443,0.782,1.490,-90.894,0.000,-0.003,5.0
948,0.444,0.782,1.490,-90.689,0.000,-0.003,5.0
949,0.444,0.782,1.490,-90.377,0.000,-0.002,5.0
950,0.444,0.782,1.490,-89.983,0.000,-0.001,5.0
951,0.444,0.782,1.490,-89.525,0.000,-0.000,5.0
952,0.444,0.782,1.490,-89.009,0.000,0.000,5.0
953,0.444,0.783,1.490,-88.443,0.001,0.003,5.0
954,0.445,0.783,1.490,-88.539,0.002,0.007,5.0
955,0.445,0.783,1.490,-88.771,0.002,0.010,5.0
956,0.445,0.783,1.490,-89.113,0.002,0.010,5.0
957,0.445,0.783,1.490,-89.528,0.002,0.008,5.0
958,0.445,0.783,1.490,-89.998,0.002,0.004,5.0
959,0.445,0.783,1.490,-90.515,0.002,-0.002,5.0
960,0.445,0.783,1.490,-91.073,0.002,-0.005,5.0
961,0.445,0.783,1.490,-91.007,0.002,-0.006,5.0
962,0.445,0.783,1.490,-90.820,0.002,-0.004,5.0
963,0.445,0.783,1.490,-90.531,0.001,-0.003,5.0
964,0.445,0.783,1.490,-90.166,-0.000,-0.001,5.0
965,0.446,0.783,1.490,-89.737,-0.001,-0.000,5.0
966,0.446,0.784,1.490,-89.251,-0.002,-0.000,5.0
967,0.446,0.784,1.490,-88.712,-0.002,-0.000,5.0
968,0.446,0.784,1.490,-88.811,-0.003,-0.001,5.0
969,0.446,0.784,1.490,-89.050,-0.003,-0.001,5.0
970,0.446,0.784,1.490,-89.396,-0.002,-0.002,5.0
971,0.446,0.784,1.490,-89.818,-0.001,-0.002,5.0
972,0.446,0.784,1.490,-90.298,0.001,-0.001,5.0
973,0.447,0.784,1.490,-90.822,0.002,0.000,5.0
974,0.447,0.784,1.490,-91.388,0.003,0.000,5.0
975,0.447,0.784,1.490,-91.322,0.002,-0.000,5.0
976,0.447,0.784,1.490,-91.123,0.002,-0.001,5.0
977,0.447,0.784,1.490,-90.811,0.000,-0.002,5.0
978,0.447,0.784,1.490,-90.416,-0.000,0.000,5.0
979,0.447,0.784,1.490,-89.951,-0.001,0.004,5.0
980,0.448,0.785,1.490,-89.425,-0.002,0.006,5.0
981,0.448,0.785,1.490,-88.846,-0.002,0.007,5.0
982,0.448,0.785,1.490,-88.218,-0.002,0.004,5.0
983,0.448,0.785,1.490,-88.262,-0.001,-0.000,5.0
984,0.448,0.785,1.490,-88.452,0.000,-0.003,5.0
985,0.448,0.785,1.490,-88.761,0.001,-0.003,5.0
986,0.448,0.785,1.490,-89.150,0.002,-0.002,5.0
987,0.448,0.785,1.490,-89.613,0.002,-0.002,5.0
988,0.448,0.785,1.490,-90.133,0.001,-0.001,5.0
989,0.448,0.785,1.490,-90.704,-0.001,-0.001,5.0
990,0.449,0.785,1.490,-91.327,-0.002,-0.001,5.0
991,0.449,0.785,1.490,-91.275,-0.002,-0.002,5.0
992,0.449,0.785,1.490,-91.087,-0.001,-0.002,5.0
993,0.449,0.785,1.490,-90.785,0.000,-0.001,5.0
994,0.449,0.786,1.490,-90.400,0.001,-0.000,5.0
995,0.449,0.786,1.490,-89.950,0.001,0.001,5.0
996,0.449,0.786,1.490,-89.444,0.001,0.000,5.0
997,0.450,0.786,1.490,-88.884,0.000,-0.000,5.0
998,0.450,0.786,1.490,-88.989,-0.000,-0.001,5.0
999,0.450,0.786,1.490,-89.225,-0.000,-0.001,5.0
1000,0.450,0.786,1.490,-89.569,0.000,-0.001,5.0
1001,0.450,0.786,1.490,-89.988,0.000,-0.001,5.0
1002,0.450,0.786,1.490,-90.474,0.000,-0.001,5.0
1003,0.450,0.786,1.490,-91.014,0.000,-0.002,5.0
1004,0.451,0.786,1.490,-91.593,0.001,-0.002,5.0
1005,0.451,0.786,1.490,-91.532,0.003,-0.001,5.0
1006,0.451,0.786,1.490,-91.347,0.004,0.000,5.0
1007,0.451,0.786,1.490,-91.059,0.004,0.001,5.0
1008,0.451,0.787,1.490,-90.700,0.005,0.004,5.0
1009,0.452,0.787,1.490,-90.283,0.005,0.008,5.0
1010,0.452,0.787,1.490,-89.817,0.003,0.011,5.0
1011,0.452,0.787,1.490,-89.310,0.002,0.012,5.0
1012,0.452,0.787,1.490,-88.762,-0.001,0.008,5.0
1013,0.452,0.787,1.490,-88.803,-0.002,0.001,5.0
1014,0.452,0.786,1.490,-88.971,-0.003,-0.004,5.0
1015,0.452,0.786,1.490,-89.239,-0.002,-0.006,5.0
1016,0.452,0.787,1.490,-89.591,-0.002,-0.006,5.0
1017,0.452,0.787,1.490,-90.011,-0.002,-0.005,5.0
1018,0.452,0.787,1.490,-90.496,-0.002,-0.004,5.0
1019,0.452,0.787,1.490,-91.040,-0.003,-0.003,5.0
1020,0.452,0.787,1.490,-91.642,-0.003,-0.003,5.0
1021,0.453,0.787,1.490,-91.576,-0.002,-0.003,5.0
1022,0.453,0.787,1.490,-91.382,0.000,-0.002,5.0
1023,0.453,0.787,1.490,-91.095,0.004,0.000,5.0
1024,0.453,0.787,1.490,-90.742,0.006,0.002,5.0
1025,0.453,0.787,1.490,-90.343,0.007,0.004,5.0
1026,0.453,0.787,1.490,-89.911,0.007,0.005,5.0
1027,0.453,0.787,1.490,-89.450,0.006,0.005,5.0
1028,0.453,0.787,1.490,-88.962,0.004,0.004,5.0
1029,0.453,0.787,1.490,-88.985,0.003,0.002,5.0
1030,0.454,0.787,1.490,-89.122,0.001,0.001,5.0
1031,0.454,0.787,1.490,-89.359,0.001,0.000,5.0
1032,0.454,0.787,1.490,-89.665,0.000,-0.001,5.0
1033,0.454,0.786,1.490,-90.024,0.000,-0.001,5.0
1034,0.454,0.786,1.490,-90.423,0.000,-0.002,5.0
1035,0.454,0.786,1.490,-90.853,0.000,-0.002,5.0
1036,0.454,0.786,1.490,-91.310,0.000,-0.002,5.0
1037,0.454,0.786,1.490,-91.797,-0.000,-0.002,5.0
1038,0.454,0.786,1.490,-91.795,-0.001,-0.003,5.0
1039,0.454,0.786,1.490,-91.677,-0.002,-0.003,5.0
1040,0.454,0.786,1.490,-91.459,-0.002,-0.004,5.0
1041,0.455,0.786,1.490,-91.164,-0.003,-0.004,5.0
1042,0.455,0.786,1.490,-90.803,-0.004,-0.004,5.0
1043,0.455,0.786,1.490,-90.384,-0.004,-0.005,5.0
1044,0.455,0.786,1.490,-89.912,-0.004,-0.005,5.0
1045,0.455,0.786,1.490,-89.384,-0.005,-0.005,5.0
1046,0.456,0.786,1.490,-89.471,-0.005,-0.005,5.0
1047,0.456,0.786,1.490,-89.703,-0.005,-0.005,5.0
1048,0.456,0.786,1.490,-90.049,-0.005,-0.005,5.0
1049,0.456,0.786,1.490,-90.468,-0.002,-0.005,5.0
1050,0.457,0.786,1.490,-90.940,0.001,-0.002,5.0
1051,0.457,0.786,1.490,-91.449,0.004,0.000,5.0
1052,0.457,0.786,1.490,-91.990,0.005,0.003,5.0
1053,0.457,0.786,1.490,-91.943,0.006,0.004,5.0
1054,0.458,0.786,1.490,-91.780,0.005,0.004,5.0
1055,0.458,0.786,1.490,-91.522,0.003,0.003,5.0
1056,0.458,0.786,1.490,-91.197,0.002,0.001,5.0
1057,0.458,0.786,1.490,-90.818,0.000,0.000,5.0
1058,0.459,0.786,1.490,-90.393,-0.001,-0.000,5.0
1059,0.459,0.786,1.490,-89.927,-0.001,-0.001,5.0
1060,0.459,0.786,1.490,-90.011,-0.001,-0.001,5.0
1061,0.459,0.786,1.490,-90.208,-0.001,-0.000,5.0
1062,0.460,0.786,1.490,-90.498,-0.001,-0.000,5.0
1063,0.460,0.786,1.490,-90.214,0.001,0.011,5.0
1064,0.460,0.786,1.490,-89.819,0.001,0.020,5.0
1065,0.460,0.786,1.490,-89.331,0.000,0.022,5.0
1066,0.460,0.786,1.490,-88.778,-0.001,0.021,5.0
1067,0.460,0.786,1.490,-88.169,-0.003,0.017,5.0
1068,0.460,0.786,1.490,-87.512,-0.003,0.013,5.0
1069,0.460,0.786,1.490,-87.537,-0.002,0.009,5.0
1070,0.460,0.786,1.490,-87.695,0.000,0.009,5.0
1071,0.460,0.786,1.490,-87.970,0.002,0.010,5.0
1072,0.460,0.786,1.490,-88.331,0.004,0.011,5.0
1073,0.460,0.786,1.490,-88.759,0.004,0.012,5.0
1074,0.459,0.786,1.490,-89.241,0.004,0.011,5.0
1075,0.459,0.786,1.490,-89.766,0.003,0.009,5.0
1076,0.459,0.786,1.490,-90.329,0.001,0.006,5.0
1077,0.458,0.786,1.490,-90.930,0.000,0.003,5.0
1078,0.458,0.786,1.490,-90.917,-0.000,-0.000,5.0
1079,0.458,0.786,1.490,-90.763,-0.001,-0.003,5.0
1080,0.457,0.786,1.490,-90.485,-0.001,-0.004,5.0
1081,0.457,0.786,1.490,-90.115,-0.001,-0.005,5.0
1082,0.457,0.786,1.490,-89.666,-0.002,-0.005,5.0
1083,0.456,0.786,1.490,-89.151,-0.002,-0.005,5.0
1084,0.456,0.785,1.490,-88.583,-0.002,-0.005,5.0
1085,0.456,0.785,1.490,-87.978,0.000,-0.004,5.0
1086,0.455,0.785,1.490,-88.025,0.002,-0.002,5.0
1087,0.455,0.785,1.490,-88.201,0.003,0.001,5.0
1088,0.455,0.785,1.490,-88.481,0.003,0.002,5.0
1089,0.455,0.785,1.490,-88.839,0.003,0.003,5.0
1090,0.454,0.785,1.490,-89.261,0.002,0.003,5.0
1091,0.454,0.785,1.490,-89.740,0.000,0.001,5.0
1092,0.454,0.785,1.490,-90.273,-0.001,0.000,5.0
1093,0.453,0.785,1.490,-90.160,-0.002,-0.001,5.0
1094,0.453,0.785,1.490,-89.908,-0.002,-0.002,5.0
1095,0.453,0.785,1.490,-89.544,-0.002,-0.002,5.0
1096,0.453,0.785,1.490,-89.105,-0.001,-0.001,5.0
1097,0.452,0.785,1.490,-88.608,0.001,0.001,5.0
1098,0.452,0.785,1.490,-88.062,0.002,0.003,5.0
1099,0.452,0.785,1.490,-87.472,0.002,0.005,5.0
1100,0.451,0.785,1.490,-87.536,0.002,0.005,5.0
1101,0.451,0.785,1.490,-87.739,0.001,0.005,5.0
1102,0.451,0.785,1.490,-88.057,-0.001,0.004,5.0
1103,0.450,0.785,1.490,-88.461,-0.001,0.002,5.0
1104,0.450,0.784,1.490,-88.929,-0.001,0.001,5.0
1105,0.450,0.784,1.490,-89.451,-0.001,-0.000,5.0
1106,0.449,0.784,1.490,-90.022,-0.000,-0.001,5.0
1107,0.449,0.784,1.490,-89.930,0.000,-0.001,5.0
1108,0.448,0.784,1.490,-89.702,0.000,-0.001,5.0
1109,0.448,0.784,1.490,-89.365,0.000,-0.001,5.0
1110,0.448,0.784,1.490,-88.949,0.001,-0.001,5.0
1111,0.447,0.784,1.490,-88.468,0.001,-0.001,5.0
1112,0.447,0.784,1.490,-88.669,-0.007,-0.013,5.0
1113,0.447,0.784,1.490,-89.010,-0.011,-0.021,5.0
1114,0.446,0.784,1.490,-89.475,-0.011,-0.024,5.0
1115,0.446,0.784,1.490,-90.013,-0.009,-0.023,5.0
1116,0.446,0.784,1.490,-90.604,-0.005,-0.020,5.0
1117,0.446,0.784,1.490,-91.233,-0.002,-0.017,5.0
1118,0.446,0.784,1.490,-91.896,-0.000,-0.013,5.0
1119,0.446,0.784,1.490,-91.886,0.001,-0.011,5.0
1120,0.447,0.784,1.490,-91.729,0.001,-0.009,5.0
1121,0.447,0.785,1.490,-91.444,0.001,-0.008,5.0
1122,0.447,0.785,1.490,-91.060,0.001,-0.007,5.0
1123,0.447,0.785,1.490,-90.597,0.000,-0.005,5.0
1124,0.447,0.785,1.490,-90.071,0.000,-0.004,5.0
1125,0.448,0.785,1.490,-89.495,0.000,-0.002,5.0
1126,0.448,0.785,1.490,-88.875,-0.000,0.000,5.0
1127,0.448,0.785,1.490,-88.214,-0.000,0.002,5.0
1128,0.448,0.785,1.490,-88.229,-0.000,0.004,5.0
1129,0.449,0.785,1.490,-88.395,-0.000,0.005,5.0
1130,0.449,0.785,1.490,-88.691,-0.000,0.006,5.0
1131,0.449,0.785,1.490,-89.081,-0.000,0.006,5.0
1132,0.449,0.785,1.490,-89.546,0.000,0.006,5.0
1133,0.449,0.786,1.490,-90.071,0.000,0.005,5.0
1134,0.450,0.786,1.490,-90.644,0.000,0.004,5.0
1135,0.450,0.786,1.490,-91.262,0.001,0.003,5.0
1136,0.450,0.786,1.490,-91.206,0.001,0.002,5.0
1137,0.450,0.786,1.490,-91.013,0.001,0.001,5.0
1138,0.450,0.786,1.490,-90.707,0.000,0.001,5.0
1139,0.450,0.786,1.490,-90.319,0.000,0.000,5.0
1140,0.450,0.786,1.490,-89.863,0.000,0.000,5.0
1141,0.450,0.786,1.490,-89.351,0.000,0.000,5.0
1142,0.450,0.786,1.490,-88.786,0.000,0.001,5.0
1143,0.450,0.786,1.490,-88.889,0.000,0.001,5.0
1144,0.451,0.786,1.490,-89.128,0.000,0.001,5.0
1145,0.451,0.786,1.490,-89.477,0.000,0.000,5.0
1146,0.451,0.786,1.490,-89.905,0.000,-0.000,5.0
1147,0.451,0.787,1.490,-90.396,0.000,-0.001,5.0
1148,0.451,0.787,1.490,-90.940,0.000,-0.002,5.0
1149,0.451,0.787,1.490,-91.532,0.000,-0.002,5.0
1150,0.451,0.787,1.490,-91.454,0.000,-0.002,5.0
1151,0.451,0.787,1.490,-91.237,0.000,-0.002,5.0
1152,0.451,0.787,1.490,-90.903,0.000,-0.002,5.0
1153,0.452,0.787,1.490,-90.486,0.000,-0.001,5.0
1154,0.452,0.787,1.490,-90.003,0.000,-0.001,5.0
1155,0.452,0.787,1.490,-89.464,0.000,0.001,5.0
1156,0.452,0.787,1.490,-88.879,0.000,0.001,5.0
1157,0.452,0.787,1.490,-88.245,0.000,0.002,5.0
1158,0.452,0.787,1.490,-88.290,0.000,0.002,5.0
1159,0.452,0.787,1.490,-88.488,0.000,0.002,5.0
1160,0.452,0.787,1.490,-88.816,0.000,0.002,5.0
1161,0.453,0.787,1.490,-89.236,0.000,0.002,5.0
1162,0.453,0.787,1.490,-89.727,0.000,0.001,5.0
1163,0.453,0.788,1.490,-90.274,0.000,0.001,5.0
1164,0.453,0.788,1.490,-90.865,0.000,0.000,5.0
1165,0.453,0.788,1.490,-91.499,0.000,-0.000,5.0
1166,0.453,0.788,1.490,-91.458,0.000,-0.001,5.0
1167,0.453,0.788,1.490,-91.274,0.000,-0.001,5.0
1168,0.453,0.788,1.490,-90.971,0.000,-0.001,5.0
1169,0.453,0.788,1.490,-90.579,0.000,-0.001,5.0
1170,0.453,0.788,1.490,-90.117,0.000,-0.000,5.0
1171,0.454,0.788,1.490,-89.598,0.000,0.001,5.0
1172,0.454,0.788,1.490,-89.030,0.000,0.001,5.0
1173,0.454,0.788,1.490,-88.414,0.000,0.001,5.0
1174,0.454,0.788,1.490,-88.472,0.000,0.002,5.0
1175,0.454,0.788,1.490,-88.678,0.000,0.002,5.0
1176,0.454,0.788,1.490,-89.009,0.000,0.001,5.0
1177,0.454,0.788,1.490,-89.428,0.000,0.001,5.0
1178,0.454,0.788,1.490,-89.916,0.000,0.001,5.0
1179,0.454,0.788,1.490,-90.458,0.000,-0.000,5.0
1180,0.454,0.788,1.490,-91.047,0.000,-0.001,5.0
1181,0.454,0.789,1.490,-91.679,0.000,-0.001,5.0
1182,0.454,0.789,1.490,-91.636,0.000,-0.001,5.0
1183,0.455,0.789,1.490,-91.446,0.000,-0.001,5.0
1184,0.455,0.789,1.490,-91.130,0.000,-0.001,5.0
1185,0.455,0.789,1.490,-90.725,0.000,-0.001,5.0
1186,0.455,0.789,1.490,-90.249,0.000,-0.000,5.0
1187,0.455,0.789,1.490,-89.717,0.000,0.001,5.0
1188,0.455,0.789,1.490,-89.137,0.000,0.001,5.0
1189,0.455,0.789,1.490,-88.513,0.000,0.002,5.0
1190,0.455,0.789,1.490,-88.562,0.000,0.002,5.0
1191,0.455,0.789,1.490,-88.757,0.000,0.002,5.0
1192,0.455,0.789,1.490,-89.073,0.000,0.002,5.0
1193,0.455,0.789,1.490,-89.478,0.000,0.001,5.0
1194,0.455,0.789,1.490,-89.953,0.000,0.001,5.0
1195,0.455,0.789,1.490,-90.483,0.000,0.000,5.0
1196,0.456,0.789,1.490,-91.061,0.000,-0.000,5.0
1197,0.456,0.789,1.490,-91.686,0.000,-0.001,5.0
1198,0.456,0.789,1.490,-91.635,0.000,-0.001,5.0
1199,0.456,0.789,1.490,-91.438,0.000,-0.001,5.0
1200,0.456,0.789,1.490,-91.115,0.000,-0.001,5.0
1201,0.456,0.789,1.490,-90.705,0.000,-0.001,5.0
1202,0.456,0.789,1.490,-90.224,0.000,-0.000,5.0
1203,0.456,0.789,1.490,-89.688,0.000,0.000,5.0
1204,0.456,0.789,1.490,-89.105,0.000,0.001,5.0
1205,0.456,0.790,1.490,-88.478,0.000,0.001,5.0
1206,0.456,0.790,1.490,-88.524,0.000,0.002,5.0
1207,0.456,0.790,1.490,-88.718,0.000,0.002,5.0
1208,0.456,0.790,1.490,-89.035,0.000,0.002,5.0
1209,0.456,0.790,1.490,-89.441,0.000,0.001,5.0
1210,0.457,0.790,1.490,-89.917,0.000,0.001,5.0
1211,0.457,0.790,1.490,-90.449,0.000,-0.000,5.0
1212,0.457,0.790,1.490,-91.028,0.000,-0.001,5.0
1213,0.457,0.790,1.490,-91.653,0.000,-0.001,5.0
1214,0.457,0.790,1.490,-91.604,0.000,-0.001,5.0
1215,0.457,0.790,1.490,-91.408,0.000,-0.001,5.0
1216,0.457,0.790,1.490,-91.088,0.000,-0.001,5.0
1217,0.457,0.790,1.490,-90.681,0.000,-0.001,5.0
1218,0.457,0.790,1.490,-90.203,0.000,-0.000,5.0
1219,0.457,0.790,1.490,-89.670,0.000,0.000,5.0
1220,0.457,0.790,1.490,-89.089,0.000,0.001,5.0
1221,0.457,0.790,1.490,-88.463,0.000,0.001,5.0
1222,0.457,0.790,1.490,-88.512,0.000,0.002,5.0
1223,0.457,0.790,1.490,-88.707,0.000,0.002,5.0
1224,0.457,0.790,1.490,-89.026,0.000,0.002,5.0
1225,0.457,0.790,1.490,-89.434,0.000,0.001,5.0
1226,0.457,0.790,1.490,-89.913,0.000,0.001,5.0
1227,0.457,0.790,1.490,-90.446,0.000,-0.000,5.0
1228,0.458,0.790,1.490,-91.027,0.000,-0.001,5.0
1229,0.458,0.790,1.490,-91.653,0.000,-0.001,5.0
1230,0.458,0.790,1.490,-91.605,0.000,-0.001,5.0
1231,0.458,0.790,1.490,-91.410,0.000,-0.001,5.0
1232,0.458,0.790,1.490,-91.092,0.000,-0.001,5.0
1233,0.458,0.790,1.490,-90.685,0.000,-0.001,5.0
1234,0.458,0.790,1.490,-90.208,0.000,-0.000,5.0
1235,0.458,0.790,1.490,-89.675,0.000,0.000,5.0
1236,0.458,0.791,1.490,-89.095,0.000,0.001,5.0
1237,0.458,0.791,1.490,-88.470,0.000,0.001,5.0
1238,0.458,0.791,1.490,-88.519,0.000,0.002,5.0
1239,0.458,0.791,1.490,-88.715,0.000,0.002,5.0
1240,0.458,0.791,1.490,-89.034,0.000,0.002,5.0
1241,0.458,0.791,1.490,-89.442,0.000,0.001,5.0
1242,0.458,0.791,1.490,-89.920,0.000,0.001,5.0
1243,0.458,0.791,1.490,-90.453,0.000,-0.000,5.0
1244,0.458,0.791,1.490,-91.034,0.000,-0.001,5.0
1245,0.458,0.791,1.490,-91.660,0.000,-0.001,5.0
1246,0.458,0.791,1.490,-91.612,0.000,-0.001,5.0
1247,0.458,0.791,1.490,-91.417,0.000,-0.001,5.0
1248,0.458,0.791,1.490,-91.098,0.000,-0.001,5.0
1249,0.458,0.791,1.490,-90.690,0.000,-0.001,5.0
1250,0.459,0.791,1.490,-90.212,0.000,-0.000,5.0
1251,0.459,0.791,1.490,-89.679,0.000,0.000,5.0
1252,0.459,0.791,1.490,-89.099,0.000,0.001,5.0
1253,0.459,0.791,1.490,-88.473,0.000,0.001,5.0
1254,0.459,0.791,1.490,-88.522,0.000,0.002,5.0
1255,0.459,0.791,1.490,-88.717,0.000,0.002,5.0
1256,0.459,0.791,1.490,-89.035,0.000,0.002,5.0
1257,0.459,0.791,1.490,-89.443,0.000,0.001,5.0
1258,0.459,0.791,1.490,-89.920,0.000,0.001,5.0
1259,0.459,0.791,1.490,-90.453,0.000,-0.000,5.0
1260,0.459,0.791,1.490,-91.034,0.000,-0.001,5.0
1261,0.459,0.791,1.490,-91.659,0.000,-0.001,5.0
1262,0.459,0.791,1.490,-91.610,0.000,-0.001,5.0
1263,0.459,0.791,1.490,-91.415,0.000,-0.001,5.0
1264,0.459,0.791,1.490,-91.096,0.000,-0.001,5.0
1265,0.459,0.791,1.490,-90.688,0.000,-0.001,5.0
1266,0.459,0.791,1.490,-90.210,0.000,-0.000,5.0
1267,0.459,0.791,1.490,-89.677,0.000,0.000,5.0
1268,0.459,0.791,1.490,-89.096,0.000,0.001,5.0
1269,0.459,0.791,1.490,-88.470,0.000,0.001,5.0
1270,0.459,0.791,1.490,-88.519,0.000,0.002,5.0
1271,0.459,0.791,1.490,-88.713,0.000,0.002,5.0
1272,0.459,0.791,1.490,-89.032,0.000,0.002,5.0
1273,0.459,0.791,1.490,-89.439,0.000,0.001,5.0
1274,0.459,0.791,1.490,-89.916,0.000,0.001,5.0
1275,0.459,0.791,1.490,-90.449,0.000,-0.000,5.0
1276,0.459,0.791,1.490,-91.029,0.000,-0.001,5.0
1277,0.459,0.791,1.490,-91.655,0.000,-0.001,5.0
1278,0.459,0.791,1.490,-91.606,0.000,-0.001,5.0
1279,0.460,0.791,1.490,-91.410,0.000,-0.001,5.0
1280,0.460,0.791,1.490,-91.090,0.000,-0.001,5.0
1281,0.460,0.791,1.490,-90.682,0.000,-0.001,5.0
1282,0.460,0.791,1.490,-90.204,0.000,-0.000,5.0
1283,0.460,0.791,1.490,-89.670,0.000,0.000,5.0
1284,0.460,0.792,1.490,-89.089,0.000,0.001,5.0
1285,0.460,0.792,1.490,-88.463,0.000,0.001,5.0
1286,0.460,0.792,1.490,-88.511,0.000,0.002,5.0
1287,0.460,0.792,1.490,-88.706,0.000,0.002,5.0
1288,0.460,0.792,1.490,-89.024,0.000,0.002,5.0
1289,0.460,0.792,1.490,-89.430,0.000,0.001,5.0
1290,0.460,0.792,1.490,-89.907,0.000,0.001,5.0
1291,0.460,0.792,1.490,-90.440,0.000,-0.000,5.0
1292,0.460,0.792,1.490,-91.019,0.000,-0.001,5.0
1293,0.460,0.792,1.490,-91.645,0.000,-0.001,5.0
1294,0.460,0.792,1.490,-91.595,0.000,-0.001,5.0
1295,0.460,0.792,1.490,-91.399,0.000,-0.001,5.0
1296,0.460,0.792,1.490,-91.080,0.000,-0.001,5.0
1297,0.460,0.792,1.490,-90.671,0.000,-0.001,5.0
1298,0.460,0.792,1.490,-90.192,0.000,-0.000,5.0
1299,0.460,0.792,1.490,-89.658,0.000,0.000,5.0
1300,0.460,0.792,1.490,-89.077,0.000,0.001,5.0
1301,0.460,0.792,1.490,-88.451,0.000,0.001,5.0
1302,0.460,0.792,1.490,-88.499,0.000,0.002,5.0
1303,0.460,0.792,1.490,-88.693,0.000,0.002,5.0
1304,0.460,0.792,1.490,-89.012,0.000,0.002,5.0
1305,0.460,0.792,1.490,-89.418,0.000,0.001,5.0
1306,0.460,0.792,1.490,-89.895,0.000,0.001,5.0
1307,0.460,0.792,1.490,-90.428,0.000,-0.000,5.0
1308,0.460,0.792,1.490,-91.008,0.000,-0.001,5.0
1309,0.460,0.792,1.490,-91.633,0.000,-0.001,5.0
1310,0.460,0.792,1.490,-91.584,-0.000,-0.001,5.0
1311,0.460,0.792,1.490,-91.389,-0.000,-0.001,5.0
1312,0.460,0.792,1.490,-91.069,-0.000,-0.001,5.0
1313,0.460,0.792,1.490,-90.661,-0.000,-0.001,5.0
1314,0.460,0.792,1.490,-90.184,0.000,-0.000,5.0
1315,0.460,0.792,1.490,-89.650,0.000,0.000,5.0
1316,0.460,0.792,1.490,-89.070,0.000,0.001,5.0
1317,0.460,0.792,1.490,-88.444,0.000,0.001,5.0
1318,0.460,0.792,1.490,-88.492,0.000,0.002,5.0
1319,0.460,0.792,1.490,-88.687,0.000,0.002,5.0
1320,0.460,0.792,1.490,-89.006,0.000,0.002,5.0
1321,0.460,0.792,1.490,-89.414,0.000,0.001,5.0
1322,0.460,0.792,1.490,-89.891,0.000,0.001,5.0
1323,0.460,0.792,1.490,-90.425,0.000,-0.000,5.0
1324,0.460,0.792,1.490,-91.005,0.000,-0.001,5.0
1325,0.460,0.792,1.490,-91.631,-0.000,-0.001,5.0
1326,0.460,0.792,1.490,-91.582,-0.000,-0.001,5.0
1327,0.460,0.792,1.490,-91.387,-0.000,-0.001,5.0
1328,0.460,0.792,1.490,-91.069,-0.000,-0.001,5.0
1329,0.460,0.792,1.490,-90.661,-0.000,-0.001,5.0
1330,0.460,0.792,1.490,-90.184,-0.000,-0.000,5.0
1331,0.460,0.792,1.490,-89.651,0.000,0.000,5.0
1332,0.461,0.792,1.490,-89.071,0.000,0.001,5.0
1333,0.461,0.792,1.490,-88.445,0.000,0.001,5.0
1334,0.461,0.792,1.490,-88.494,0.000,0.001,5.0
1335,0.461,0.792,1.490,-88.690,0.000,0.002,5.0
1336,0.461,0.792,1.490,-89.009,0.000,0.001,5.0
1337,0.461,0.792,1.490,-89.416,0.000,0.001,5.0
1338,0.461,0.792,1.490,-89.894,0.000,0.001,5.0
1339,0.461,0.792,1.490,-90.428,0.000,-0.000,5.0
1340,0.461,0.792,1.490,-91.009,0.000,-0.001,5.0
1341,0.461,0.792,1.490,-91.634,-0.000,-0.001,5.0
1342,0.461,0.792,1.490,-91.586,-0.000,-0.001,5.0
1343,0.461,0.792,1.490,-91.391,-0.000,-0.001,5.0
1344,0.461,0.792,1.490,-91.072,-0.000,-0.001,5.0
1345,0.461,0.792,1.490,-90.665,-0.000,-0.001,5.0
1346,0.461,0.792,1.490,-90.188,-0.000,-0.000,5.0
1347,0.461,0.792,1.490,-89.655,0.000,0.000,5.0
1348,0.461,0.792,1.490,-89.075,0.000,0.001,5.0
1349,0.461,0.792,1.490,-88.449,0.000,0.001,5.0
1350,0.461,0.792,1.490,-88.498,0.000,0.001,5.0
1351,0.461,0.792,1.490,-88.693,0.000,0.002,5.0
1352,0.461,0.792,1.490,-89.013,0.000,0.001,5.0
1353,0.461,0.792,1.490,-89.420,0.000,0.001,5.0
1354,0.461,0.792,1.490,-89.898,0.000,0.001,5.0
1355,0.461,0.792,1.490,-90.432,0.000,-0.000,5.0
1356,0.461,0.792,1.490,-91.012,-0.000,-0.001,5.0
1357,0.461,0.792,1.490,-91.638,-0.000,-0.001,5.0
1358,0.461,0.792,1.490,-91.590,-0.000,-0.001,5.0
1359,0.461,0.792,1.490,-91.395,-0.000,-0.001,5.0
1360,0.461,0.792,1.490,-91.076,-0.000,-0.001,5.0
1361,0.461,0.792,1.490,-90.668,-0.000,-0.001,5.0
1362,0.461,0.792,1.490,-90.191,-0.000,-0.000,5.0
1363,0.461,0.792,1.490,-89.658,0.000,0.000,5.0
1364,0.461,0.792,1.490,-89.078,0.000,0.001,5.0
1365,0.461,0.792,1.490,-88.453,0.000,0.001,5.0
1366,0.461,0.792,1.490,-88.501,0.000,0.001,5.0
1367,0.461,0.792,1.490,-88.697,0.000,0.002,5.0
1368,0.461,0.792,1.490,-89.016,0.000,0.001,5.0
1369,0.461,0.792,1.490,-89.423,0.000,0.001,5.0
1370,0.461,0.792,1.490,-89.901,0.000,0.001,5.0
1371,0.461,0.792,1.490,-90.434,0.000,-0.000,5.0
1372,0.461,0.792,1.490,-91.015,-0.000,-0.001,5.0
1373,0.461,0.792,1.490,-91.641,-0.000,-0.001,5.0
1374,0.461,0.792,1.490,-91.592,-0.000,-0.001,5.0
1375,0.461,0.792,1.490,-91.397,-0.000,-0.001,5.0
1376,0.461,0.792,1.490,-91.079,-0.000,-0.001,5.0
1377,0.461,0.792,1.490,-90.671,-0.000,-0.001,5.0
1378,0.461,0.792,1.490,-90.194,-0.000,-0.000,5.0
1379,0.461,0.792,1.490,-89.661,-0.000,0.000,5.0
1380,0.461,0.792,1.490,-89.081,0.000,0.001,5.0
1381,0.461,0.792,1.490,-88.455,0.000,0.001,5.0
1382,0.461,0.792,1.490,-88.504,0.000,0.001,5.0
1383,0.461,0.792,1.490,-88.699,0.000,0.002,5.0
1384,0.461,0.792,1.490,-89.018,0.000,0.001,5.0
1385,0.461,0.792,1.490,-89.426,0.000,0.001,5.0
1386,0.461,0.792,1.490,-89.903,0.000,0.001,5.0
1387,0.461,0.792,1.490,-90.437,0.000,-0.000,5.0
1388,0.461,0.792,1.490,-91.017,-0.000,-0.001,5.0
1389,0.461,0.792,1.490,-91.643,-0.000,-0.001,5.0
1390,0.461,0.792,1.490,-91.595,-0.000,-0.001,5.0
1391,0.461,0.792,1.490,-91.400,-0.000,-0.001,5.0
1392,0.461,0.792,1.490,-91.081,-0.000,-0.001,5.0
1393,0.461,0.792,1.490,-90.673,-0.000,-0.001,5.0
1394,0.461,0.792,1.490,-90.196,-0.000,-0.000,5.0
1395,0.461,0.792,1.490,-89.663,-0.000,0.000,5.0
1396,0.461,0.792,1.490,-89.083,0.000,0.001,5.0
1397,0.461,0.792,1.490,-88.457,0.000,0.001,5.0
1398,0.461,0.792,1.490,-88.506,0.000,0.001,5.0
1399,0.461,0.792,1.490,-88.701,0.000,0.002,5.0
1400,0.461,0.792,1.490,-89.020,0.000,0.001,5.0
1401,0.461,0.792,1.490,-89.428,0.000,0.001,5.0
1402,0.461,0.792,1.490,-89.906,0.000,0.001,5.0
1403,0.461,0.792,1.490,-90.439,0.000,-0.000,5.0
1404,0.461,0.792,1.490,-91.020,-0.000,-0.001,5.0
1405,0.461,0.792,1.490,-91.645,-0.000,-0.001,5.0
1406,0.461,0.792,1.490,-91.597,-0.000,-0.001,5.0
1407,0.461,0.792,1.490,-91.402,-0.000,-0.001,5.0
1408,0.461,0.792,1.490,-91.083,-0.000,-0.001,5.0
1409,0.461,0.792,1.490,-90.675,-0.000,-0.001,5.0
1410,0.461,0.792,1.490,-90.198,-0.000,-0.000,5.0
1411,0.461,0.792,1.490,-89.665,-0.000,0.000,5.0
1412,0.461,0.792,1.490,-89.085,0.000,0.001,5.0
1413,0.461,0.792,1.490,-88.459,0.000,0.001,5.0
1414,0.461,0.792,1.490,-88.508,0.000,0.001,5.0
1415,0.461,0.792,1.490,-88.703,0.000,0.002,5.0
1416,0.461,0.792,1.490,-89.022,0.000,0.001,5.0
1417,0.461,0.792,1.490,-89.429,0.000,0.001,5.0
1418,0.461,0.792,1.490,-89.907,0.000,0.001,5.0
1419,0.461,0.792,1.490,-90.440,0.000,-0.000,5.0
1420,0.461,0.792,1.490,-91.021,-0.000,-0.001,5.0
1421,0.461,0.792,1.490,-91.647,-0.000,-0.001,5.0
1422,0.461,0.792,1.490,-91.598,-0.000,-0.001,5.0
1423,0.461,0.792,1.490,-91.403,-0.000,-0.001,5.0
1424,0.461,0.792,1.490,-91.084,-0.000,-0.001,5.0
1425,0.461,0.792,1.490,-90.677,-0.000,-0.001,5.0
1426,0.461,0.792,1.490,-90.199,-0.000,-0.000,5.0
1427,0.461,0.792,1.490,-89.666,-0.000,0.000,5.0
1428,0.461,0.792,1.490,-89.086,0.000,0.001,5.0
1429,0.461,0.792,1.490,-88.460,0.000,0.001,5.0
1430,0.461,0.792,1.490,-88.509,0.000,0.001,5.0
1431,0.461,0.792,1.490,-88.704,0.000,0.002,5.0
1432,0.461,0.792,1.490,-89.023,0.000,0.001,5.0
1433,0.461,0.792,1.490,-89.430,0.000,0.001,5.0
1434,0.461,0.792,1.490,-89.908,0.000,0.001,5.0
1435,0.461,0.792,1.490,-90.441,0.000,-0.000,5.0
1436,0.461,0.792,1.490,-91.021,-0.000,-0.001,5.0
1437,0.461,0.792,1.490,-91.647,-0.000,-0.001,5.0
1438,0.461,0.792,1.490,-91.598,-0.000,-0.001,5.0
1439,0.461,0.792,1.490,-91.403,-0.000,-0.001,5.0
1440,0.461,0.792,1.490,-91.084,-0.000,-0.001,5.0
1441,0.461,0.792,1.490,-90.677,-0.000,-0.001,5.0
1442,0.461,0.792,1.490,-90.199,-0.000,-0.000,5.0
1443,0.461,0.793,1.490,-89.666,-0.000,0.000,5.0
1444,0.461,0.793,1.490,-89.086,0.000,0.001,5.0
1445,0.461,0.793,1.490,-88.460,-0.000,0.001,5.0
1446,0.461,0.793,1.490,-88.509,0.000,0.001,5.0
1447,0.461,0.793,1.490,-88.704,0.000,0.002,5.0
1448,0.461,0.793,1.490,-89.022,0.000,0.001,5.0
1449,0.461,0.793,1.490,-89.430,0.000,0.001,5.0
1450,0.461,0.793,1.490,-89.907,0.000,0.001,5.0
1451,0.461,0.793,1.490,-90.440,0.000,-0.000,5.0
1452,0.461,0.793,1.490,-91.021,-0.000,-0.001,5.0
1453,0.461,0.793,1.490,-91.647,-0.000,-0.001,5.0
1454,0.461,0.793,1.490,-91.598,-0.000,-0.001,5.0
1455,0.461,0.793,1.490,-91.403,-0.000,-0.001,5.0
1456,0.461,0.793,1.490,-91.084,-0.000,-0.001,5.0
1457,0.461,0.793,1.490,-90.676,-0.000,-0.001,5.0
1458,0.461,0.793,1.490,-90.198,-0.000,-0.000,5.0
1459,0.461,0.793,1.490,-89.665,-0.000,0.000,5.0
1460,0.461,0.793,1.490,-89.085,0.000,0.001,5.0
1461,0.461,0.793,1.490,-88.459,-0.000,0.001,5.0
1462,0.461,0.793,1.490,-88.507,0.000,0.001,5.0
1463,0.462,0.793,1.490,-88.702,0.000,0.002,5.0
1464,0.462,0.793,1.490,-89.021,0.000,0.001,5.0
1465,0.461,0.793,1.490,-89.429,0.000,0.001,5.0
1466,0.461,0.793,1.490,-89.906,0.000,0.001,5.0
1467,0.461,0.793,1.490,-90.439,0.000,-0.000,5.0
1468,0.461,0.793,1.490,-91.019,-0.000,-0.001,5.0
1469,0.461,0.793,1.490,-91.645,-0.000,-0.001,5.0
1470,0.461,0.793,1.490,-91.596,-0.000,-0.001,5.0
1471,0.461,0.793,1.490,-91.401,-0.000,-0.001,5.0
1472,0.461,0.793,1.490,-91.082,-0.000,-0.001,5.0
1473,0.461,0.793,1.490,-90.674,-0.000,-0.001,5.0
1474,0.461,0.793,1.490,-90.196,-0.000,-0.000,5.0
1475,0.462,0.793,1.490,-89.663,-0.000,0.000,5.0
1476,0.462,0.793,1.490,-89.083,0.000,0.001,5.0
1477,0.462,0.793,1.490,-88.457,-0.000,0.001,5.0
1478,0.462,0.793,1.490,-88.505,0.000,0.001,5.0
1479,0.462,0.793,1.490,-88.700,0.000,0.002,5.0
1480,0.462,0.793,1.490,-89.019,0.000,0.001,5.0
1481,0.462,0.793,1.490,-89.426,0.000,0.001,5.0
1482,0.462,0.793,1.490,-89.904,0.000,0.001,5.0
1483,0.462,0.793,1.490,-90.437,0.000,-0.000,5.0
1484,0.462,0.793,1.490,-91.017,-0.000,-0.001,5.0
1485,0.461,0.793,1.490,-91.643,-0.000,-0.001,5.0
1486,0.461,0.793,1.490,-91.594,-0.000,-0.001,5.0
1487,0.461,0.793,1.490,-91.399,-0.000,-0.001,5.0
1488,0.461,0.793,1.490,-91.079,-0.000,-0.001,5.0
1489,0.462,0.793,1.490,-90.671,-0.000,-0.001,5.0
1490,0.462,0.793,1.490,-90.194,-0.000,-0.000,5.0
1491,0.462,0.793,1.490,-89.660,-0.000,0.000,5.0
1492,0.462,0.793,1.490,-89.080,0.000,0.001,5.0
1493,0.462,0.793,1.490,-88.454,-0.000,0.001,5.0
1494,0.462,0.793,1.490,-88.503,0.000,0.001,5.0
1495,0.462,0.793,1.490,-88.697,0.000,0.002,5.0
1496,0.462,0.793,1.490,-89.016,0.000,0.001,5.0
1497,0.462,0.793,1.490,-89.423,0.000,0.001,5.0
1498,0.462,0.793,1.490,-89.900,0.000,0.001,5.0
1499,0.462,0.793,1.490,-90.434,0.000,-0.000,5.0
1500,0.462,0.793,1.490,-91.014,-0.000,-0.001,5.0
1501,0.462,0.793,1.490,-91.639,-0.000,-0.001,5.0
1502,0.462,0.793,1.490,-91.591,-0.000,-0.001,5.0
1503,0.462,0.793,1.490,-91.395,-0.000,-0.001,5.0
1504,0.462,0.793,1.490,-91.076,-0.000,-0.001,5.0
1505,0.462,0.793,1.490,-90.668,-0.000,-0.001,5.0
1506,0.462,0.793,1.490,-90.190,-0.000,-0.000,5.0
1507,0.462,0.793,1.490,-89.657,-0.000,0.000,5.0
1508,0.462,0.793,1.490,-89.076,0.000,0.001,5.0
1509,0.462,0.793,1.490,-88.450,-0.000,0.001,5.0
1510,0.462,0.793,1.490,-88.499,0.000,0.001,5.0
1511,0.462,0.793,1.490,-88.694,0.000,0.002,5.0
1512,0.462,0.793,1.490,-89.012,0.000,0.001,5.0
1513,0.462,0.793,1.490,-89.419,0.000,0.001,5.0
1514,0.462,0.793,1.490,-89.897,0.000,0.001,5.0
1515,0.462,0.793,1.490,-90.430,0.000,-0.000,5.0
1516,0.462,0.793,1.490,-91.010,-0.000,-0.001,5.0
1517,0.462,0.793,1.490,-91.635,-0.000,-0.001,5.0
1518,0.462,0.793,1.490,-91.587,-0.000,-0.001,5.0
1519,0.461,0.793,1.490,-91.391,-0.000,-0.001,5.0
1520,0.462,0.793,1.490,-91.072,-0.000,-0.001,5.0
1521,0.462,0.793,1.490,-90.664,-0.000,-0.001,5.0
1522,0.462,0.793,1.490,-90.186,-0.000,-0.000,5.0
1523,0.462,0.793,1.490,-89.653,-0.000,0.000,5.0
1524,0.462,0.793,1.490,-89.072,0.000,0.001,5.0
1525,0.462,0.793,1.490,-88.446,-0.000,0.001,5.0
1526,0.462,0.793,1.490,-88.495,0.000,0.001,5.0
1527,0.462,0.793,1.490,-88.689,0.000,0.002,5.0
1528,0.462,0.793,1.490,-89.008,0.000,0.001,5.0
1529,0.462,0.793,1.490,-89.415,0.000,0.001,5.0
1530,0.462,0.793,1.490,-89.892,0.000,0.001,5.0
1531,0.462,0.793,1.490,-90.425,0.000,-0.000,5.0
1532,0.461,0.793,1.490,-91.005,-0.000,-0.001,5.0
1533,0.461,0.793,1.490,-91.631,-0.000,-0.001,5.0
1534,0.461,0.793,1.490,-91.582,-0.000,-0.001,5.0
1535,0.461,0.793,1.490,-91.387,-0.000,-0.001,5.0
1536,0.461,0.793,1.490,-91.067,-0.000,-0.001,5.0
1537,0.461,0.793,1.490,-90.659,-0.000,-0.001,5.0
1538,0.461,0.793,1.490,-90.181,-0.000,-0.000,5.0
1539,0.462,0.793,1.490,-89.648,-0.000,0.000,5.0
1540,0.462,0.793,1.490,-89.067,-0.000,0.001,5.0
1541,0.462,0.793,1.490,-88.441,-0.000,0.001,5.0
1542,0.462,0.793,1.490,-88.490,0.000,0.001,5.0
1543,0.462,0.793,1.490,-88.685,0.000,0.002,5.0
1544,0.462,0.793,1.490,-89.003,0.000,0.001,5.0
1545,0.462,0.793,1.490,-89.410,0.000,0.001,5.0
1546,0.461,0.793,1.490,-89.887,0.000,0.001,5.0
1547,0.461,0.793,1.490,-90.420,0.000,-0.000,5.0
1548,0.461,0.793,1.490,-91.000,-0.000,-0.001,5.0
1549,0.461,0.793,1.490,-91.626,-0.000,-0.001,5.0
1550,0.461,0.793,1.490,-91.577,-0.000,-0.001,5.0
1551,0.461,0.793,1.490,-91.382,-0.000,-0.001,5.0
1552,0.461,0.793,1.490,-91.062,-0.000,-0.001,5.0
1553,0.461,0.793,1.490,-90.654,-0.000,-0.001,5.0
1554,0.461,0.793,1.490,-90.176,-0.000,-0.000,5.0
1555,0.461,0.793,1.490,-89.643,-0.000,0.000,5.0
1556,0.461,0.793,1.490,-89.062,-0.000,0.001,5.0
1557,0.461,0.793,1.490,-88.436,-0.000,0.001,5.0
1558,0.461,0.793,1.490,-88.485,0.000,0.001,5.0
1559,0.461,0.793,1.490,-88.679,0.000,0.002,5.0
1560,0.461,0.793,1.490,-88.998,0.000,0.001,5.0
1561,0.461,0.793,1.490,-89.405,0.000,0.001,5.0
1562,0.461,0.793,1.490,-89.882,0.000,0.001,5.0
1563,0.461,0.793,1.490,-90.415,-0.000,-0.000,5.0
1564,0.461,0.793,1.490,-90.995,-0.000,-0.001,5.0
1565,0.461,0.793,1.490,-91.621,-0.000,-0.001,5.0
1566,0.461,0.793,1.490,-91.572,-0.000,-0.001,5.0
1567,0.461,0.793,1.490,-91.376,-0.000,-0.001,5.0
1568,0.461,0.793,1.490,-91.057,-0.000,-0.001,5.0
1569,0.461,0.793,1.490,-90.649,-0.000,-0.001,5.0
1570,0.461,0.793,1.490,-90.171,-0.000,-0.000,5.0
1571,0.461,0.793,1.490,-89.637,-0.000,0.000,5.0
1572,0.461,0.793,1.490,-89.057,-0.000,0.001,5.0
1573,0.461,0.793,1.490,-88.431,-0.000,0.001,5.0
1574,0.461,0.793,1.490,-88.479,0.000,0.001,5.0
1575,0.461,0.793,1.490,-88.674,0.000,0.002,5.0
1576,0.461,0.793,1.490,-88.993,0.000,0.001,5.0
1577,0.461,0.793,1.490,-89.400,0.000,0.001,5.0
1578,0.461,0.793,1.490,-89.877,0.000,0.001,5.0
1579,0.461,0.793,1.490,-90.410,-0.000,-0.000,5.0
1580,0.461,0.793,1.490,-90.990,-0.000,-0.001,5.0
1581,0.461,0.793,1.490,-91.615,-0.000,-0.001,5.0
1582,0.461,0.793,1.490,-91.566,-0.000,-0.001,5.0
1583,0.461,0.793,1.490,-91.371,-0.000,-0.001,5.0
1584,0.461,0.793,1.490,-91.052,-0.000,-0.001,5.0
1585,0.461,0.793,1.490,-90.644,-0.000,-0.001,5.0
1586,0.461,0.793,1.490,-90.166,-0.000,-0.000,5.0
1587,0.461,0.793,1.490,-89.632,-0.000,0.000,5.0
1588,0.461,0.793,1.490,-89.051,-0.000,0.001,5.0
1589,0.461,0.793,1.490,-88.426,-0.000,0.001,5.0
1590,0.461,0.793,1.490,-88.474,0.000,0.001,5.0
1591,0.461,0.793,1.490,-88.669,0.000,0.002,5.0
1592,0.461,0.793,1.490,-88.987,0.000,0.001,5.0
1593,0.461,0.793,1.490,-89.394,0.000,0.001,5.0
1594,0.461,0.793,1.490,-89.871,0.000,0.001,5.0
1595,0.461,0.793,1.490,-90.404,-0.000,-0.000,5.0
1596,0.461,0.792,1.490,-90.984,-0.000,-0.001,5.0
1597,0.461,0.792,1.490,-91.610,-0.000,-0.001,5.0
1598,0.461,0.792,1.490,-91.561,-0.000,-0.001,5.0
1599,0.461,0.792,1.490,-91.365,-0.000,-0.002,5.0
1600,0.461,0.792,1.490,-91.046,-0.000,-0.001,5.0
1601,0.461,0.792,1.490,-90.638,-0.000,-0.001,5.0
1602,0.461,0.792,1.490,-90.160,-0.000,-0.000,5.0
1603,0.461,0.792,1.490,-89.627,-0.000,0.000,5.0
1604,0.461,0.792,1.490,-89.046,-0.000,0.001,5.0
1605,0.461,0.792,1.490,-88.420,-0.000,0.001,5.0
1606,0.461,0.792,1.490,-88.469,0.000,0.001,5.0
1607,0.461,0.792,1.490,-88.663,0.000,0.002,5.0
1608,0.461,0.792,1.490,-88.982,0.000,0.001,5.0
1609,0.461,0.792,1.490,-89.389,0.000,0.001,5.0
1610,0.461,0.792,1.490,-89.866,0.000,0.001,5.0
1611,0.461,0.792,1.490,-90.399,-0.000,-0.000,5.0
1612,0.461,0.792,1.490,-90.979,-0.000,-0.001,5.0
1613,0.461,0.792,1.490,-91.604,-0.000,-0.001,5.0
1614,0.461,0.792,1.490,-91.556,-0.000,-0.001,5.0
1615,0.461,0.792,1.490,-91.360,-0.000,-0.002,5.0
1616,0.461,0.792,1.490,-91.041,-0.000,-0.001,5.0
1617,0.461,0.792,1.490,-90.633,-0.000,-0.001,5.0
1618,0.461,0.792,1.490,-90.155,-0.000,-0.000,5.0
1619,0.461,0.792,1.490,-89.621,-0.000,0.000,5.0
1620,0.461,0.792,1.490,-89.041,-0.000,0.001,5.0
1621,0.461,0.792,1.490,-88.415,-0.000,0.001,5.0
1622,0.461,0.792,1.490,-88.463,-0.000,0.001,5.0
1623,0.461,0.792,1.490,-88.658,0.000,0.002,5.0
1624,0.461,0.792,1.490,-88.976,0.000,0.001,5.0
1625,0.461,0.792,1.490,-89.384,0.000,0.001,5.0
1626,0.461,0.792,1.490,-89.861,0.000,0.001,5.0
1627,0.461,0.792,1.490,-90.394,-0.000,-0.000,5.0
1628,0.461,0.792,1.490,-90.974,-0.000,-0.001,5.0
1629,0.461,0.792,1.490,-91.599,-0.000,-0.001,5.0
1630,0.461,0.792,1.490,-91.550,-0.000,-0.001,5.0
1631,0.461,0.792,1.490,-91.355,-0.000,-0.002,5.0
1632,0.461,0.792,1.490,-91.036,-0.000,-0.001,5.0
1633,0.461,0.792,1.490,-90.628,-0.000,-0.001,5.0
1634,0.461,0.792,1.490,-90.150,-0.000,-0.000,5.0
1635,0.461,0.792,1.490,-89.616,-0.000,0.000,5.0
1636,0.461,0.792,1.490,-89.036,-0.000,0.001,5.0
1637,0.461,0.792,1.490,-88.410,-0.000,0.001,5.0
1638,0.461,0.792,1.490,-88.458,-0.000,0.001,5.0
1639,0.461,0.792,1.490,-88.653,0.000,0.002,5.0
1640,0.461,0.792,1.490,-88.971,0.000,0.001,5.0
1641,0.461,0.792,1.490,-89.379,0.000,0.001,5.0
1642,0.461,0.792,1.490,-89.856,0.000,0.000,5.0
1643,0.461,0.792,1.490,-90.389,-0.000,-0.000,5.0
1644,0.461,0.792,1.490,-90.969,-0.000,-0.001,5.0
1645,0.461,0.792,1.490,-91.594,-0.000,-0.001,5.0
1646,0.461,0.792,1.490,-91.545,-0.000,-0.001,5.0
1647,0.461,0.792,1.490,-91.350,-0.000,-0.002,5.0
1648,0.461,0.792,1.490,-91.031,-0.000,-0.001,5.0
1649,0.461,0.792,1.490,-90.623,-0.000,-0.001,5.0
1650,0.461,0.792,1.490,-90.145,-0.000,-0.000,5.0
1651,0.461,0.792,1.490,-89.611,-0.000,0.000,5.0
1652,0.461,0.792,1.490,-89.031,-0.000,0.001,5.0
1653,0.461,0.792,1.490,-88.405,-0.000,0.001,5.0
1654,0.461,0.792,1.490,-88.453,-0.000,0.001,5.0
1655,0.461,0.792,1.490,-88.648,0.000,0.002,5.0
1656,0.461,0.792,1.490,-88.967,0.000,0.001,5.0
1657,0.461,0.792,1.490,-89.374,0.000,0.001,5.0
1658,0.461,0.792,1.490,-89.851,0.000,0.000,5.0
1659,0.461,0.792,1.490,-90.384,-0.000,-0.000,5.0
1660,0.461,0.792,1.490,-90.964,-0.000,-0.001,5.0
1661,0.461,0.792,1.490,-91.590,-0.000,-0.001,5.0
1662,0.461,0.792,1.490,-91.541,-0.000,-0.001,5.0
1663,0.461,0.792,1.490,-91.345,-0.000,-0.002,5.0
1664,0.461,0.792,1.490,-91.026,-0.000,-0.001,5.0
1665,0.461,0.792,1.490,-90.618,-0.000,-0.001,5.0
1666,0.461,0.792,1.490,-90.140,-0.000,-0.000,5.0
1667,0.461,0.792,1.490,-89.607,-0.000,0.000,5.0
1668,0.461,0.792,1.490,-89.026,-0.000,0.001,5.0
1669,0.461,0.792,1.490,-88.400,-0.000,0.001,5.0
1670,0.461,0.792,1.490,-88.449,-0.000,0.001,5.0
1671,0.461,0.792,1.490,-88.644,-0.000,0.002,5.0
1672,0.461,0.792,1.490,-88.962,0.000,0.001,5.0
1673,0.461,0.792,1.490,-89.369,0.000,0.001,5.0
1674,0.461,0.792,1.490,-89.847,-0.000,0.000,5.0
1675,0.461,0.792,1.490,-90.380,-0.000,-0.000,5.0
1676,0.461,0.792,1.490,-90.960,-0.000,-0.001,5.0
1677,0.461,0.792,1.490,-91.585,-0.000,-0.001,5.0
1678,0.461,0.792,1.490,-91.536,-0.000,-0.001,5.0
1679,0.461,0.792,1.490,-91.341,-0.000,-0.002,5.0
1680,0.461,0.792,1.490,-91.022,-0.000,-0.001,5.0
1681,0.461,0.792,1.490,-90.614,-0.000,-0.001,5.0
1682,0.461,0.792,1.490,-90.136,-0.000,-0.001,5.0
1683,0.461,0.792,1.490,-89.603,-0.000,0.000,5.0
1684,0.461,0.792,1.490,-89.022,-0.000,0.001,5.0
1685,0.461,0.792,1.490,-88.396,-0.000,0.001,5.0
1686,0.461,0.792,1.490,-88.445,-0.000,0.001,5.0
1687,0.461,0.792,1.490,-88.640,-0.000,0.002,5.0
1688,0.461,0.792,1.490,-88.958,0.000,0.001,5.0
1689,0.461,0.792,1.490,-89.365,0.000,0.001,5.0
1690,0.461,0.792,1.490,-89.843,-0.000,0.000,5.0
1691,0.461,0.792,1.490,-90.376,-0.000,-0.000,5.0
1692,0.461,0.792,1.490,-90.956,-0.000,-0.001,5.0
1693,0.461,0.792,1.490,-91.581,-0.000,-0.001,5.0
1694,0.461,0.792,1.490,-91.533,-0.000,-0.001,5.0
1695,0.461,0.792,1.490,-91.337,-0.000,-0.002,5.0
1696,0.460,0.792,1.490,-91.018,-0.000,-0.001,5.0
1697,0.460,0.792,1.490,-90.610,-0.000,-0.001,5.0
1698,0.461,0.792,1.490,-90.132,-0.000,-0.001,5.0
1699,0.461,0.792,1.490,-89.599,-0.000,0.000,5.0
1700,0.461,0.792,1.490,-89.018,-0.000,0.001,5.0
1701,0.461,0.792,1.490,-88.393,-0.000,0.001,5.0
1702,0.461,0.792,1.490,-88.441,-0.000,0.001,5.0
1703,0.461,0.792,1.490,-88.636,-0.000,0.002,5.0
1704,0.461,0.792,1.490,-88.954,0.000,0.001,5.0
1705,0.460,0.792,1.490,-89.362,0.000,0.001,5.0
1706,0.460,0.792,1.490,-89.839,-0.000,0.000,5.0
1707,0.460,0.792,1.490,-90.372,-0.000,-0.000,5.0
1708,0.460,0.792,1.490,-90.952,-0.000,-0.001,5.0
1709,0.460,0.792,1.490,-91.578,-0.000,-0.001,5.0
1710,0.460,0.792,1.490,-91.529,-0.000,-0.001,5.0
1711,0.460,0.792,1.490,-91.334,-0.000,-0.002,5.0
1712,0.460,0.792,1.490,-91.015,-0.000,-0.001,5.0
1713,0.460,0.792,1.490,-90.607,-0.000,-0.001,5.0
1714,0.460,0.792,1.490,-90.129,-0.000,-0.001,5.0
1715,0.460,0.792,1.490,-89.596,-0.000,0.000,5.0
1716,0.460,0.792,1.490,-89.015,-0.000,0.001,5.0
1717,0.460,0.792,1.490,-88.389,-0.000,0.001,5.0
1718,0.460,0.792,1.490,-88.438,-0.000,0.001,5.0
1719,0.460,0.792,1.490,-88.633,-0.000,0.002,5.0
1720,0.460,0.792,1.490,-88.951,-0.000,0.001,5.0
1721,0.460,0.792,1.490,-89.359,0.000,0.001,5.0
1722,0.460,0.792,1.490,-89.836,-0.000,0.000,5.0
1723,0.460,0.792,1.490,-90.369,-0.000,-0.000,5.0
1724,0.460,0.792,1.490,-90.949,-0.000,-0.001,5.0
1725,0.460,0.792,1.490,-91.575,-0.000,-0.001,5.0
1726,0.460,0.792,1.490,-91.526,-0.000,-0.001,5.0
1727,0.460,0.792,1.490,-91.331,-0.000,-0.002,5.0
1728,0.460,0.792,1.490,-91.011,-0.000,-0.001,5.0
1729,0.460,0.792,1.490,-90.604,-0.000,-0.001,5.0
1730,0.460,0.792,1.490,-90.126,-0.000,-0.001,5.0
1731,0.460,0.792,1.490,-89.593,-0.000,0.000,5.0
1732,0.460,0.792,1.490,-89.012,-0.000,0.001,5.0
1733,0.460,0.792,1.490,-88.386,-0.000,0.001,5.0
1734,0.460,0.792,1.490,-88.435,-0.000,0.001,5.0
1735,0.460,0.792,1.490,-88.630,-0.000,0.002,5.0
1736,0.460,0.792,1.490,-88.948,-0.000,0.001,5.0
1737,0.460,0.792,1.490,-89.356,0.000,0.001,5.0
1738,0.460,0.792,1.490,-89.833,-0.000,0.000,5.0
1739,0.460,0.792,1.490,-90.366,-0.000,-0.000,5.0
1740,0.460,0.792,1.490,-90.946,-0.000,-0.001,5.0
1741,0.460,0.792,1.490,-91.572,-0.000,-0.001,5.0
1742,0.460,0.792,1.490,-91.523,-0.000,-0.001,5.0
1743,0.460,0.792,1.490,-91.328,-0.000,-0.002,5.0
1744,0.460,0.792,1.490,-91.009,-0.000,-0.001,5.0
1745,0.460,0.792,1.490,-90.601,-0.000,-0.001,5.0
1746,0.460,0.792,1.490,-90.123,-0.000,-0.001,5.0
1747,0.460,0.792,1.490,-89.590,-0.000,0.000,5.0
1748,0.460,0.792,1.490,-89.010,-0.000,0.001,5.0
1749,0.460,0.792,1.490,-88.384,-0.000,0.001,5.0
1750,0.460,0.792,1.490,-88.432,-0.000,0.001,5.0
1751,0.460,0.792,1.490,-88.627,-0.000,0.002,5.0
1752,0.460,0.792,1.490,-88.946,-0.000,0.001,5.0
1753,0.460,0.792,1.490,-89.353,0.000,0.001,5.0
1754,0.460,0.792,1.490,-89.831,-0.000,0.000,5.0
1755,0.460,0.792,1.490,-90.364,-0.000,-0.000,5.0
1756,0.460,0.792,1.490,-90.944,-0.000,-0.001,5.0
1757,0.460,0.792,1.490,-91.570,-0.000,-0.001,5.0
1758,0.460,0.792,1.490,-91.521,-0.000,-0.001,5.0
1759,0.460,0.792,1.490,-91.326,-0.000,-0.002,5.0
1760,0.460,0.792,1.490,-91.007,-0.000,-0.001,5.0
1761,0.460,0.792,1.490,-90.599,-0.000,-0.001,5.0
1762,0.460,0.792,1.490,-90.121,-0.000,-0.001,5.0
1763,0.460,0.792,1.490,-89.588,-0.000,0.000,5.0
1764,0.460,0.792,1.490,-89.007,-0.000,0.001,5.0
1765,0.460,0.792,1.490,-88.382,-0.000,0.001,5.0
1766,0.460,0.792,1.490,-88.430,-0.000,0.001,5.0
1767,0.460,0.792,1.490,-88.625,-0.000,0.002,5.0
1768,0.460,0.792,1.490,-88.944,-0.000,0.001,5.0
1769,0.460,0.792,1.490,-89.351,0.000,0.001,5.0
1770,0.460,0.792,1.490,-89.829,-0.000,0.000,5.0
1771,0.460,0.792,1.490,-90.362,-0.000,-0.000,5.0
1772,0.460,0.792,1.490,-90.942,-0.000,-0.001,5.0
1773,0.460,0.792,1.490,-91.568,-0.000,-0.001,5.0
1774,0.460,0.792,1.490,-91.519,-0.000,-0.001,5.0
1775,0.460,0.792,1.490,-91.324,-0.000,-0.002,5.0
1776,0.460,0.792,1.490,-91.005,-0.000,-0.001,5.0
1777,0.460,0.792,1.490,-90.597,-0.000,-0.001,5.0
1778,0.460,0.792,1.490,-90.119,-0.000,-0.001,5.0
1779,0.460,0.792,1.490,-89.586,-0.000,0.000,5.0
1780,0.460,0.792,1.490,-89.006,-0.000,0.001,5.0
1781,0.460,0.792,1.490,-88.380,-0.000,0.001,5.0
1782,0.460,0.792,1.490,-88.429,-0.000,0.001,5.0
1783,0.460,0.792,1.490,-88.624,-0.000,0.001,5.0
1784,0.460,0.792,1.490,-88.942,0.000,0.001,5.0
1785,0.460,0.792,1.490,-89.350,0.000,0.001,5.0
1786,0.460,0.792,1.490,-89.827,-0.000,0.000,5.0
1787,0.460,0.792,1.490,-90.360,-0.000,-0.000,5.0
1788,0.460,0.792,1.490,-90.941,-0.000,-0.001,5.0
1789,0.460,0.792,1.490,-91.566,-0.000,-0.001,5.0
1790,0.460,0.792,1.490,-91.517,-0.000,-0.001,5.0
1791,0.460,0.792,1.490,-91.322,-0.000,-0.002,5.0
1792,0.460,0.792,1.490,-91.003,-0.000,-0.001,5.0
1793,0.460,0.792,1.490,-90.596,-0.000,-0.001,5.0
1794,0.460,0.792,1.490,-90.118,-0.000,-0.001,5.0
1795,0.460,0.792,1.490,-89.585,-0.000,0.000,5.0
1796,0.460,0.792,1.490,-89.004,-0.000,0.001,5.0
1797,0.460,0.792,1.490,-88.379,-0.000,0.001,5.0
1798,0.460,0.792,1.490,-88.427,-0.000,0.001,5.0
1799,0.460,0.792,1.490,-88.622,-0.000,0.001,5.0
1800,0.460,0.792,1.490,-88.941,0.000,0.001,5.0
1801,0.460,0.792,1.490,-89.348,0.000,0.001,5.0
1802,0.460,0.792,1.490,-89.826,-0.000,0.000,5.0
1803,0.460,0.792,1.490,-90.359,-0.000,-0.000,5.0
1804,0.460,0.792,1.490,-90.939,-0.000,-0.001,5.0
1805,0.460,0.792,1.490,-91.565,-0.000,-0.001,5.0
1806,0.460,0.792,1.490,-91.516,-0.000,-0.001,5.0
1807,0.460,0.792,1.490,-91.321,-0.000,-0.002,5.0
1808,0.460,0.792,1.490,-91.002,-0.000,-0.001,5.0
1809,0.460,0.792,1.490,-90.594,-0.000,-0.001,5.0
1810,0.460,0.792,1.490,-90.117,-0.000,-0.001,5.0
1811,0.460,0.792,1.490,-89.583,-0.000,0.000,5.0
1812,0.460,0.792,1.490,-89.003,-0.000,0.001,5.0
1813,0.460,0.792,1.490,-88.378,-0.000,0.001,5.0
1814,0.460,0.792,1.490,-88.426,-0.000,0.001,5.0
1815,0.460,0.792,1.490,-88.621,-0.000,0.002,5.0
1816,0.460,0.792,1.490,-88.940,0.000,0.001,5.0
1817,0.460,0.792,1.490,-89.347,0.000,0.001,5.0
1818,0.460,0.792,1.490,-89.825,-0.000,0.000,5.0
1819,0.460,0.792,1.490,-90.358,-0.000,-0.000,5.0
1820,0.460,0.792,1.490,-90.938,-0.000,-0.001,5.0
1821,0.460,0.792,1.490,-91.564,-0.000,-0.001,5.0
1822,0.460,0.792,1.490,-91.515,-0.000,-0.001,5.0
1823,0.460,0.792,1.490,-91.320,-0.000,-0.002,5.0
1824,0.460,0.792,1.490,-91.001,-0.000,-0.001,5.0
1825,0.460,0.792,1.490,-90.593,-0.000,-0.001,5.0
1826,0.460,0.792,1.490,-90.116,-0.000,-0.001,5.0
1827,0.460,0.792,1.490,-89.583,-0.000,0.000,5.0
1828,0.460,0.792,1.490,-89.002,-0.000,0.001,5.0
1829,0.460,0.792,1.490,-88.377,-0.000,0.001,5.0
1830,0.460,0.792,1.490,-88.425,-0.000,0.001,5.0
1831,0.460,0.792,1.490,-88.620,-0.000,0.002,5.0
1832,0.460,0.792,1.490,-88.939,0.000,0.001,5.0
1833,0.460,0.792,1.490,-89.346,0.000,0.001,5.0
1834,0.460,0.792,1.490,-89.824,-0.000,0.000,5.0
1835,0.460,0.792,1.490,-90.357,-0.000,-0.000,5.0
1836,0.460,0.792,1.490,-90.938,-0.000,-0.001,5.0
1837,0.460,0.792,1.490,-91.563,-0.000,-0.001,5.0
1838,0.460,0.792,1.490,-91.514,-0.000,-0.001,5.0
1839,0.460,0.792,1.490,-91.319,-0.000,-0.002,5.0
1840,0.460,0.792,1.490,-91.000,-0.000,-0.001,5.0
1841,0.460,0.792,1.490,-90.593,-0.000,-0.001,5.0
1842,0.460,0.792,1.490,-90.115,-0.000,-0.001,5.0
1843,0.460,0.792,1.490,-89.582,-0.000,0.000,5.0
1844,0.460,0.792,1.490,-89.002,-0.000,0.001,5.0
1845,0.460,0.792,1.490,-88.376,-0.000,0.001,5.0
1846,0.460,0.792,1.490,-88.425,-0.000,0.001,5.0
1847,0.460,0.792,1.490,-88.620,-0.000,0.002,5.0
1848,0.460,0.792,1.490,-88.938,0.000,0.001,5.0
1849,0.460,0.792,1.490,-89.346,0.000,0.001,5.0
1850,0.460,0.792,1.490,-89.823,-0.000,0.000,5.0
1851,0.460,0.792,1.490,-90.357,-0.000,-0.000,5.0
1852,0.460,0.792,1.490,-90.937,-0.000,-0.001,5.0
1853,0.460,0.792,1.490,-91.563,-0.000,-0.001,5.0
1854,0.460,0.792,1.490,-91.514,-0.000,-0.001,5.0
1855,0.460,0.792,1.490,-91.319,-0.000,-0.002,5.0
1856,0.460,0.792,1.490,-91.000,-0.000,-0.001,5.0
1857,0.460,0.792,1.490,-90.592,-0.000,-0.001,5.0
1858,0.460,0.792,1.490,-90.115,-0.000,-0.001,5.0
1859,0.460,0.792,1.490,-89.581,-0.000,0.000,5.0
1860,0.460,0.792,1.490,-89.001,-0.000,0.001,5.0
1861,0.460,0.792,1.490,-88.376,-0.000,0.001,5.0
1862,0.460,0.792,1.490,-88.424,-0.000,0.001,5.0
1863,0.460,0.792,1.490,-88.619,0.000,0.002,5.0
1864,0.460,0.792,1.490,-88.938,0.000,0.001,5.0
1865,0.460,0.792,1.490,-89.345,0.000,0.001,5.0
1866,0.460,0.792,1.490,-89.823,-0.000,0.000,5.0
1867,0.460,0.792,1.490,-90.356,-0.000,-0.000,5.0
1868,0.460,0.792,1.490,-90.937,-0.000,-0.001,5.0
1869,0.460,0.792,1.490,-91.562,-0.000,-0.001,5.0
1870,0.460,0.792,1.490,-91.514,-0.000,-0.001,5.0
1871,0.460,0.792,1.490,-91.319,-0.000,-0.002,5.0
1872,0.460,0.792,1.490,-91.000,-0.000,-0.001,5.0
1873,0.460,0.792,1.490,-90.592,-0.000,-0.001,5.0
1874,0.460,0.792,1.490,-90.114,-0.000,-0.001,5.0
1875,0.460,0.792,1.490,-89.581,-0.000,0.000,5.0
1876,0.460,0.792,1.490,-89.001,-0.000,0.001,5.0
1877,0.460,0.792,1.490,-88.375,-0.000,0.001,5.0
1878,0.460,0.792,1.490,-88.424,-0.000,0.001,5.0
1879,0.460,0.792,1.490,-88.619,0.000,0.002,5.0
1880,0.460,0.792,1.490,-88.938,0.000,0.001,5.0
1881,0.460,0.792,1.490,-89.345,0.000,0.001,5.0
1882,0.460,0.792,1.490,-89.823,0.000,0.000,5.0
1883,0.460,0.792,1.490,-90.356,-0.000,-0.000,5.0
1884,0.460,0.792,1.490,-90.936,-0.000,-0.001,5.0
1885,0.460,0.792,1.490,-91.562,-0.000,-0.001,5.0
1886,0.460,0.792,1.490,-91.513,-0.000,-0.001,5.0
1887,0.459,0.792,1.490,-91.318,-0.000,-0.002,5.0
1888,0.460,0.792,1.490,-90.999,-0.000,-0.001,5.0
1889,0.460,0.792,1.490,-90.592,-0.000,-0.001,5.0
1890,0.460,0.792,1.490,-90.114,-0.000,-0.001,5.0
1891,0.460,0.792,1.490,-89.581,-0.000,0.000,5.0
1892,0.460,0.792,1.490,-89.001,-0.000,0.001,5.0
1893,0.460,0.792,1.490,-88.375,-0.000,0.001,5.0
1894,0.460,0.792,1.490,-88.424,-0.000,0.001,5.0
1895,0.460,0.792,1.490,-88.619,0.000,0.002,5.0
1896,0.460,0.792,1.490,-88.938,0.000,0.001,5.0
1897,0.460,0.792,1.490,-89.345,0.000,0.001,5.0
1898,0.460,0.792,1.490,-89.823,0.000,0.000,5.0
1899,0.460,0.792,1.490,-90.356,-0.000,-0.000,5.0
1900,0.459,0.792,1.490,-90.936,-0.000,-0.001,5.0
1901,0.459,0.792,1.490,-91.562,-0.000,-0.001,5.0
1902,0.459,0.792,1.490,-91.513,-0.000,-0.001,5.0
1903,0.459,0.792,1.490,-91.318,-0.000,-0.002,5.0
1904,0.459,0.792,1.490,-90.999,-0.000,-0.001,5.0
1905,0.459,0.792,1.490,-90.592,-0.000,-0.001,5.0
1906,0.459,0.792,1.490,-90.114,-0.000,-0.001,5.0
1907,0.459,0.792,1.490,-89.581,-0.000,0.000,5.0
1908,0.460,0.792,1.490,-89.001,-0.000,0.001,5.0
1909,0.460,0.792,1.490,-88.375,-0.000,0.001,5.0
1910,0.460,0.792,1.490,-88.424,-0.000,0.001,5.0
1911,0.460,0.792,1.490,-88.619,0.000,0.002,5.0
1912,0.460,0.792,1.490,-88.938,0.000,0.001,5.0
1913,0.460,0.792,1.490,-89.345,0.000,0.001,5.0
1914,0.459,0.792,1.490,-89.823,0.000,0.000,5.0
1915,0.459,0.792,1.490,-90.356,-0.000,-0.000,5.0
1916,0.459,0.792,1.490,-90.936,-0.000,-0.001,5.0
1917,0.459,0.792,1.490,-91.562,-0.000,-0.001,5.0
1918,0.459,0.792,1.490,-91.513,-0.000,-0.001,5.0
1919,0.459,0.792,1.490,-91.318,-0.000,-0.002,5.0
1920,0.459,0.792,1.490,-90.999,-0.000,-0.001,5.0
1921,0.459,0.792,1.490,-90.592,-0.000,-0.001,5.0
1922,0.459,0.792,1.490,-90.114,-0.000,-0.001,5.0
1923,0.459,0.792,1.490,-89.581,-0.000,0.000,5.0
1924,0.459,0.792,1.490,-89.001,-0.000,0.001,5.0
1925,0.459,0.792,1.490,-88.375,-0.000,0.001,5.0
1926,0.459,0.792,1.490,-88.424,-0.000,0.001,5.0
1927,0.459,0.792,1.490,-88.619,0.000,0.002,5.0
1928,0.459,0.792,1.490,-88.938,0.000,0.001,5.0
1929,0.459,0.792,1.490,-89.345,0.000,0.001,5.0
1930,0.459,0.792,1.490,-89.823,0.000,0.000,5.0
1931,0.459,0.792,1.490,-90.356,-0.000,-0.000,5.0
1932,0.459,0.792,1.490,-90.937,-0.000,-0.001,5.0
1933,0.459,0.792,1.490,-91.562,-0.000,-0.001,5.0
1934,0.459,0.792,1.490,-91.514,-0.000,-0.001,5.0
1935,0.459,0.792,1.490,-91.318,-0.000,-0.002,5.0
1936,0.459,0.792,1.490,-90.999,-0.000,-0.001,5.0
1937,0.459,0.792,1.490,-90.592,-0.000,-0.001,5.0
1938,0.459,0.792,1.490,-90.114,-0.000,-0.001,5.0
1939,0.459,0.792,1.490,-89.581,-0.000,0.000,5.0
1940,0.459,0.792,1.490,-89.001,-0.000,0.001,5.0
1941,0.459,0.792,1.490,-88.375,-0.000,0.001,5.0
1942,0.459,0.792,1.490,-88.424,-0.000,0.001,5.0
1943,0.459,0.792,1.490,-88.619,0.000,0.002,5.0
1944,0.459,0.792,1.490,-88.938,0.000,0.001,5.0
1945,0.459,0.792,1.490,-89.345,0.000,0.001,5.0
1946,0.459,0.792,1.490,-89.823,0.000,0.000,5.0
1947,0.459,0.792,1.490,-90.356,-0.000,-0.000,5.0
1948,0.459,0.792,1.490,-90.937,-0.000,-0.001,5.0
1949,0.459,0.792,1.490,-91.562,-0.000,-0.001,5.0
1950,0.459,0.792,1.490,-91.514,-0.000,-0.001,5.0
1951,0.459,0.792,1.490,-91.319,-0.000,-0.002,5.0
1952,0.459,0.792,1.490,-91.000,-0.000,-0.001,5.0
1953,0.459,0.792,1.490,-90.592,-0.000,-0.001,5.0
1954,0.459,0.792,1.490,-90.115,-0.000,-0.001,5.0
1955,0.459,0.792,1.490,-89.581,-0.000,0.000,5.0
1956,0.459,0.792,1.490,-89.001,-0.000,0.001,5.0
1957,0.459,0.792,1.490,-88.376,-0.000,0.001,5.0
1958,0.459,0.792,1.490,-88.424,-0.000,0.001,5.0
1959,0.459,0.792,1.490,-88.619,0.000,0.002,5.0
1960,0.459,0.792,1.490,-88.938,0.000,0.001,5.0
1961,0.459,0.792,1.490,-89.346,0.000,0.001,5.0
1962,0.459,0.792,1.490,-89.823,0.000,0.000,5.0
1963,0.459,0.792,1.490,-90.356,-0.000,-0.000,5.0
1964,0.459,0.792,1.490,-90.937,-0.000,-0.001,5.0
1965,0.459,0.792,1.490,-91.563,-0.000,-0.001,5.0
1966,0.459,0.792,1.490,-91.514,-0.000,-0.001,5.0
1967,0.459,0.792,1.490,-91.319,-0.000,-0.002,5.0
1968,0.459,0.792,1.490,-91.000,-0.000,-0.001,5.0
1969,0.459,0.792,1.490,-90.592,-0.000,-0.001,5.0
1970,0.459,0.792,1.490,-90.115,-0.000,-0.000,5.0
1971,0.459,0.792,1.490,-89.582,-0.000,0.000,5.0
1972,0.459,0.792,1.490,-89.001,-0.000,0.001,5.0
1973,0.459,0.792,1.490,-88.376,-0.000,0.001,5.0
1974,0.459,0.792,1.490,-88.424,-0.000,0.001,5.0
1975,0.459,0.792,1.490,-88.619,0.000,0.002,5.0
1976,0.459,0.792,1.490,-88.938,0.000,0.001,5.0
1977,0.459,0.792,1.490,-89.346,0.000,0.001,5.0
1978,0.459,0.792,1.490,-89.823,0.000,0.000,5.0
1979,0.459,0.792,1.490,-90.357,-0.000,-0.000,5.0
1980,0.459,0.792,1.490,-90.937,-0.000,-0.001,5.0
1981,0.459,0.792,1.490,-91.563,-0.000,-0.001,5.0
1982,0.459,0.792,1.490,-91.514,-0.000,-0.001,5.0
1983,0.459,0.792,1.490,-91.319,-0.000,-0.002,5.0
1984,0.459,0.792,1.490,-91.000,-0.000,-0.001,5.0
1985,0.459,0.792,1.490,-90.593,-0.000,-0.001,5.0
1986,0.459,0.792,1.490,-90.115,-0.000,-0.000,5.0
1987,0.459,0.792,1.490,-89.582,-0.000,0.000,5.0
1988,0.459,0.792,1.490,-89.001,-0.000,0.001,5.0
1989,0.459,0.792,1.490,-88.376,-0.000,0.001,5.0
1990,0.459,0.792,1.490,-88.425,-0.000,0.001,5.0
1991,0.459,0.792,1.490,-88.620,0.000,0.002,5.0
1992,0.459,0.792,1.490,-88.939,0.000,0.001,5.0
1993,0.459,0.792,1.490,-89.346,0.000,0.001,5.0
1994,0.459,0.792,1.490,-89.824,0.000,0.000,5.0
1995,0.459,0.792,1.490,-90.357,-0.000,-0.000,5.0
1996,0.459,0.792,1.490,-90.937,-0.000,-0.001,5.0
1997,0.459,0.792,1.490,-91.563,-0.000,-0.001,5.0
1998,0.459,0.792,1.490,-91.514,-0.000,-0.001,5.0
1999,0.459,0.792,1.490,-91.319,-0.000,-0.002,5.0
2000,0.459,0.792,1.490,-91.000,-0.000,-0.001,5.0
2001,0.459,0.792,1.490,-90.593,-0.000,-0.001,5.0
2002,0.459,0.792,1.490,-90.115,-0.000,-0.000,5.0
2003,0.459,0.792,1.490,-89.582,-0.000,0.000,5.0
2004,0.459,0.792,1.490,-89.002,-0.000,0.001,5.0
2005,0.459,0.792,1.490,-88.376,-0.000,0.001,5.0
2006,0.459,0.792,1.490,-88.425,-0.000,0.001,5.0
2007,0.459,0.792,1.490,-88.620,0.000,0.002,5.0
2008,0.459,0.792,1.490,-88.939,0.000,0.001,5.0
2009,0.459,0.792,1.490,-89.346,0.000,0.001,5.0
2010,0.459,0.792,1.490,-89.824,0.000,0.000,5.0
2011,0.459,0.792,1.490,-90.357,-0.000,-0.000,5.0
2012,0.459,0.792,1.490,-90.938,-0.000,-0.001,5.0
2013,0.459,0.792,1.490,-91.563,-0.000,-0.001,5.0
2014,0.459,0.792,1.490,-91.515,-0.000,-0.001,5.0
2015,0.459,0.792,1.490,-91.319,-0.000,-0.002,5.0
2016,0.459,0.792,1.490,-91.001,-0.000,-0.001,5.0
2017,0.459,0.792,1.490,-90.593,-0.000,-0.001,5.0
2018,0.459,0.792,1.490,-90.115,-0.000,-0.000,5.0
2019,0.459,0.792,1.490,-89.582,-0.000,0.000,5.0
2020,0.459,0.792,1.490,-89.002,-0.000,0.001,5.0
2021,0.459,0.792,1.490,-88.376,-0.000,0.001,5.0
2022,0.459,0.792,1.490,-88.425,-0.000,0.001,5.0
2023,0.459,0.792,1.490,-88.620,0.000,0.002,5.0
2024,0.459,0.792,1.490,-88.939,0.000,0.001,5.0
2025,0.459,0.792,1.490,-89.346,0.000,0.001,5.0
2026,0.459,0.792,1.490,-89.824,0.000,0.000,5.0
2027,0.459,0.792,1.490,-90.357,-0.000,-0.000,5.0
2028,0.459,0.792,1.490,-90.938,-0.000,-0.001,5.0
2029,0.459,0.792,1.490,-91.563,-0.000,-0.001,5.0
2030,0.459,0.792,1.490,-91.515,-0.000,-0.001,5.0
2031,0.459,0.792,1.490,-91.320,-0.000,-0.002,5.0
2032,0.459,0.792,1.490,-91.001,-0.000,-0.001,5.0
2033,0.459,0.792,1.490,-90.593,-0.000,-0.001,5.0
2034,0.459,0.792,1.490,-90.116,-0.000,-0.000,5.0
2035,0.459,0.792,1.490,-89.582,-0.000,0.000,5.0
2036,0.459,0.792,1.490,-89.002,-0.000,0.001,5.0
2037,0.459,0.792,1.490,-88.377,-0.000,0.001,5.0
2038,0.459,0.792,1.490,-88.425,-0.000,0.001,5.0
2039,0.459,0.792,1.490,-88.620,0.000,0.002,5.0
2040,0.459,0.792,1.490,-88.939,0.000,0.001,5.0
2041,0.459,0.792,1.490,-89.347,0.000,0.001,5.0
2042,0.459,0.792,1.490,-89.824,0.000,0.000,5.0
2043,0.459,0.792,1.490,-90.357,-0.000,-0.000,5.0
2044,0.459,0.792,1.490,-90.938,-0.000,-0.001,5.0
2045,0.459,0.792,1.490,-91.564,-0.000,-0.001,5.0
2046,0.459,0.792,1.490,-91.515,-0.000,-0.001,5.0
2047,0.459,0.792,1.490,-91.320,-0.000,-0.002,5.0
2048,0.459,0.792,1.490,-91.001,-0.000,-0.001,5.0
2049,0.459,0.792,1.490,-90.593,-0.000,-0.001,5.0
2050,0.459,0.792,1.490,-90.116,-0.000,-0.000,5.0
2051,0.459,0.792,1.490,-89.583,-0.000,0.000,5.0
2052,0.459,0.792,1.490,-89.002,-0.000,0.001,5.0
2053,0.459,0.792,1.490,-88.377,-0.000,0.001,5.0
2054,0.459,0.792,1.490,-88.425,0.000,0.001,5.0
2055,0.459,0.792,1.490,-88.621,0.000,0.002,5.0
2056,0.459,0.792,1.490,-88.939,0.000,0.001,5.0
2057,0.459,0.792,1.490,-89.347,0.000,0.001,5.0
2058,0.459,0.792,1.490,-89.824,0.000,0.000,5.0
2059,0.459,0.792,1.490,-90.358,-0.000,-0.000,5.0
2060,0.459,0.792,1.490,-90.938,-0.000,-0.001,5.0
2061,0.459,0.792,1.490,-91.564,-0.000,-0.001,5.0
2062,0.459,0.792,1.490,-91.515,-0.000,-0.001,5.0
2063,0.459,0.792,1.490,-91.320,-0.000,-0.002,5.0
2064,0.459,0.792,1.490,-91.001,-0.000,-0.001,5.0
2065,0.459,0.792,1.490,-90.594,-0.000,-0.001,5.0
2066,0.459,0.792,1.490,-90.116,-0.000,-0.000,5.0
2067,0.459,0.792,1.490,-89.583,-0.000,0.000,5.0
2068,0.459,0.792,1.490,-89.003,-0.000,0.001,5.0
2069,0.459,0.792,1.490,-88.377,-0.000,0.001,5.0
2070,0.459,0.792,1.490,-88.426,0.000,0.001,5.0
2071,0.459,0.792,1.490,-88.621,0.000,0.002,5.0
2072,0.459,0.792,1.490,-88.940,0.000,0.001,5.0
2073,0.459,0.792,1.490,-89.347,0.000,0.001,5.0
2074,0.459,0.792,1.490,-89.825,0.000,0.000,5.0
2075,0.459,0.792,1.490,-90.358,-0.000,-0.000,5.0
2076,0.459,0.792,1.490,-90.938,-0.000,-0.001,5.0
2077,0.459,0.792,1.490,-91.564,-0.000,-0.001,5.0
2078,0.459,0.792,1.490,-91.515,-0.000,-0.001,5.0
2079,0.459,0.792,1.490,-91.320,-0.000,-0.002,5.0
2080,0.459,0.792,1.490,-91.001,-0.000,-0.001,5.0
2081,0.459,0.792,1.490,-90.594,-0.000,-0.001,5.0
2082,0.459,0.792,1.490,-90.116,-0.000,-0.000,5.0
2083,0.459,0.792,1.490,-89.583,-0.000,0.000,5.0
2084,0.459,0.792,1.490,-89.003,-0.000,0.001,5.0
2085,0.459,0.792,1.490,-88.377,-0.000,0.001,5.0
2086,0.459,0.792,1.490,-88.426,0.000,0.001,5.0
2087,0.459,0.792,1.490,-88.621,0.000,0.002,5.0
2088,0.459,0.792,1.490,-88.940,0.000,0.001,5.0
2089,0.459,0.792,1.490,-89.347,0.000,0.001,5.0
2090,0.459,0.792,1.490,-89.825,0.000,0.000,5.0
2091,0.459,0.792,1.490,-90.358,-0.000,-0.000,5.0
2092,0.459,0.792,1.490,-90.938,-0.000,-0.001,5.0
2093,0.459,0.792,1.490,-91.564,-0.000,-0.001,5.0
2094,0.459,0.792,1.490,-91.516,-0.000,-0.001,5.0
2095,0.459,0.792,1.490,-91.320,-0.000,-0.002,5.0
2096,0.459,0.792,1.490,-91.001,-0.000,-0.001,5.0
2097,0.459,0.792,1.490,-90.594,-0.000,-0.001,5.0
2098,0.459,0.792,1.490,-90.116,-0.000,-0.000,5.0
2099,0.459,0.792,1.490,-89.583,-0.000,0.000,5.0
2100,0.459,0.792,1.490,-89.003,-0.000,0.001,5.0
2101,0.459,0.792,1.490,-88.377,-0.000,0.001,5.0
2102,0.459,0.792,1.490,-88.426,0.000,0.001,5.0
2103,0.459,0.792,1.490,-88.621,0.000,0.002,5.0
2104,0.459,0.792,1.490,-88.940,0.000,0.001,5.0
2105,0.459,0.792,1.490,-89.347,0.000,0.001,5.0
2106,0.459,0.792,1.490,-89.825,0.000,0.000,5.0
2107,0.459,0.792,1.490,-90.358,-0.000,-0.000,5.0
2108,0.459,0.792,1.490,-90.939,-0.000,-0.001,5.0
2109,0.459,0.792,1.490,-91.564,-0.000,-0.001,5.0
2110,0.459,0.792,1.490,-91.516,-0.000,-0.001,5.0
2111,0.459,0.792,1.490,-91.321,-0.000,-0.002,5.0
2112,0.459,0.792,1.490,-91.002,-0.000,-0.001,5.0
2113,0.459,0.792,1.490,-90.594,-0.000,-0.001,5.0
2114,0.459,0.792,1.490,-90.116,-0.000,-0.000,5.0
2115,0.459,0.792,1.490,-89.583,-0.000,0.000,5.0
2116,0.459,0.792,1.490,-89.003,-0.000,0.001,5.0
2117,0.459,0.792,1.490,-88.377,-0.000,0.001,5.0
2118,0.459,0.792,1.490,-88.426,0.000,0.001,5.0
2119,0.459,0.792,1.490,-88.621,0.000,0.002,5.0
2120,0.459,0.792,1.490,-88.940,0.000,0.001,5.0
2121,0.459,0.792,1.490,-89.347,0.000,0.001,5.0
2122,0.459,0.792,1.490,-89.825,0.000,0.000,5.0
2123,0.459,0.792,1.490,-90.358,-0.000,-0.000,5.0
2124,0.459,0.792,1.490,-90.939,-0.000,-0.001,5.0
2125,0.459,0.792,1.490,-91.564,-0.000,-0.001,5.0
2126,0.459,0.792,1.490,-91.516,-0.000,-0.001,5.0
2127,0.459,0.792,1.490,-91.321,-0.000,-0.002,5.0
2128,0.459,0.792,1.490,-91.002,-0.000,-0.001,5.0
2129,0.459,0.792,1.490,-90.594,-0.000,-0.001,5.0
2130,0.459,0.792,1.490,-90.117,-0.000,-0.000,5.0
2131,0.459,0.792,1.490,-89.583,-0.000,0.000,5.0
2132,0.459,0.792,1.490,-89.003,-0.000,0.001,5.0
2133,0.459,0.792,1.490,-88.378,-0.000,0.001,5.0
2134,0.459,0.792,1.490,-88.426,0.000,0.001,5.0
2135,0.459,0.792,1.490,-88.621,0.000,0.002,5.0
2136,0.459,0.792,1.490,-88.940,0.000,0.001,5.0
2137,0.459,0.792,1.490,-89.347,0.000,0.001,5.0
2138,0.459,0.792,1.490,-89.825,0.000,0.000,5.0
2139,0.459,0.792,1.490,-90.358,-0.000,-0.000,5.0
2140,0.459,0.792,1.490,-90.939,-0.000,-0.001,5.0
2141,0.459,0.792,1.490,-91.564,-0.000,-0.001,5.0
2142,0.459,0.792,1.490,-91.516,-0.000,-0.001,5.0
2143,0.459,0.792,1.490,-91.321,-0.000,-0.002,5.0
2144,0.459,0.792,1.490,-91.002,-0.000,-0.001,5.0
2145,0.459,0.792,1.490,-90.594,-0.000,-0.001,5.0
2146,0.459,0.792,1.490,-90.117,-0.000,-0.000,5.0
2147,0.459,0.792,1.490,-89.583,-0.000,0.000,5.0
2148,0.459,0.792,1.490,-89.003,-0.000,0.001,5.0
2149,0.459,0.792,1.490,-88.378,-0.000,0.001,5.0
2150,0.459,0.792,1.490,-88.426,0.000,0.001,5.0
2151,0.459,0.792,1.490,-88.621,0.000,0.002,5.0
2152,0.459,0.792,1.490,-88.940,0.000,0.001,5.0
2153,0.459,0.792,1.490,-89.348,0.000,0.001,5.0
2154,0.459,0.792,1.490,-89.825,0.000,0.000,5.0
2155,0.459,0.792,1.490,-90.358,-0.000,-0.000,5.0
2156,0.459,0.792,1.490,-90.939,-0.000,-0.001,5.0
2157,0.459,0.792,1.490,-91.564,-0.000,-0.001,5.0
2158,0.459,0.792,1.490,-91.516,-0.000,-0.001,5.0
2159,0.459,0.792,1.490,-91.321,-0.000,-0.002,5.0
2160,0.459,0.792,1.490,-91.002,-0.000,-0.001,5.0
2161,0.459,0.792,1.490,-90.594,-0.000,-0.001,5.0
2162,0.459,0.792,1.490,-90.117,-0.000,-0.000,5.0
2163,0.459,0.792,1.490,-89.583,-0.000,0.000,5.0
2164,0.459,0.792,1.490,-89.003,-0.000,0.001,5.0
2165,0.459,0.792,1.490,-88.378,-0.000,0.001,5.0
2166,0.459,0.792,1.490,-88.426,0.000,0.001,5.0
2167,0.459,0.792,1.490,-88.621,0.000,0.002,5.0
2168,0.459,0.792,1.490,-88.940,0.000,0.001,5.0
2169,0.459,0.792,1.490,-89.348,0.000,0.001,5.0
2170,0.459,0.792,1.490,-89.825,0.000,0.000,5.0
2171,0.459,0.792,1.490,-90.358,-0.000,-0.000,5.0
2172,0.459,0.792,1.490,-90.939,-0.000,-0.001,5.0
2173,0.459,0.792,1.490,-91.564,-0.000,-0.001,5.0
2174,0.459,0.792,1.490,-91.516,-0.000,-0.001,5.0
2175,0.459,0.792,1.490,-91.321,-0.000,-0.002,5.0
2176,0.459,0.792,1.490,-91.002,-0.000,-0.001,5.0
2177,0.459,0.792,1.490,-90.594,-0.000,-0.001,5.0
2178,0.459,0.792,1.490,-90.117,-0.000,-0.000,5.0
2179,0.459,0.792,1.490,-89.583,-0.000,0.000,5.0
2180,0.459,0.792,1.490,-89.003,-0.000,0.001,5.0
2181,0.459,0.792,1.490,-88.378,-0.000,0.001,5.0
2182,0.459,0.792,1.490,-88.426,0.000,0.001,5.0
2183,0.459,0.792,1.490,-88.621,0.000,0.002,5.0
2184,0.459,0.792,1.490,-88.940,0.000,0.001,5.0
2185,0.459,0.792,1.490,-89.348,0.000,0.001,5.0
2186,0.459,0.792,1.490,-89.825,0.000,0.000,5.0
2187,0.459,0.792,1.490,-90.358,-0.000,-0.000,5.0
2188,0.459,0.792,1.490,-90.939,-0.000,-0.001,5.0
2189,0.459,0.792,1.490,-91.564,-0.000,-0.001,5.0
2190,0.459,0.792,1.490,-91.516,-0.000,-0.001,5.0
2191,0.459,0.792,1.490,-91.321,-0.000,-0.002,5.0
2192,0.459,0.792,1.490,-91.002,-0.000,-0.001,5.0
2193,0.459,0.792,1.490,-90.594,-0.000,-0.001,5.0
2194,0.459,0.792,1.490,-90.117,-0.000,-0.000,5.0
2195,0.459,0.792,1.490,-89.583,-0.000,0.000,5.0
2196,0.459,0.792,1.490,-89.003,-0.000,0.001,5.0
2197,0.459,0.792,1.490,-88.378,-0.000,0.001,5.0
2198,0.459,0.792,1.490,-88.426,0.000,0.001,5.0
2199,0.459,0.792,1.490,-88.621,0.000,0.002,5.0
2200,0.459,0.792,1.490,-88.940,0.000,0.001,5.0
2201,0.459,0.792,1.490,-89.348,0.000,0.001,5.0
2202,0.459,0.792,1.490,-89.825,0.000,0.000,5.0
2203,0.459,0.792,1.490,-90.358,-0.000,-0.000,5.0
2204,0.459,0.792,1.490,-90.939,-0.000,-0.001,5.0
2205,0.459,0.792,1.490,-91.564,-0.000,-0.001,5.0
2206,0.459,0.792,1.490,-91.516,-0.000,-0.001,5.0
2207,0.459,0.792,1.490,-91.321,-0.000,-0.002,5.0
2208,0.459,0.792,1.490,-91.002,-0.000,-0.001,5.0
2209,0.459,0.792,1.490,-90.594,-0.000,-0.001,5.0
2210,0.459,0.792,1.490,-90.117,-0.000,-0.000,5.0
2211,0.459,0.792,1.490,-89.583,-0.000,0.000,5.0
2212,0.459,0.792,1.490,-89.003,-0.000,0.001,5.0
2213,0.459,0.792,1.490,-88.378,-0.000,0.001,5.0
2214,0.459,0.792,1.490,-88.426,0.000,0.001,5.0
2215,0.459,0.792,1.490,-88.621,0.000,0.002,5.0
2216,0.459,0.792,1.490,-88.940,0.000,0.001,5.0
2217,0.459,0.792,1.490,-89.348,0.000,0.001,5.0
2218,0.459,0.792,1.490,-89.825,0.000,0.000,5.0
2219,0.459,0.792,1.490,-90.358,-0.000,-0.000,5.0
2220,0.459,0.792,1.490,-90.939,-0.000,-0.001,5.0
2221,0.459,0.792,1.490,-91.564,-0.000,-0.001,5.0
2222,0.459,0.792,1.490,-91.516,-0.000,-0.001,5.0
2223,0.459,0.792,1.490,-91.321,-0.000,-0.002,5.0
2224,0.459,0.792,1.490,-91.002,-0.000,-0.001,5.0
2225,0.459,0.792,1.490,-90.594,-0.000,-0.001,5.0
2226,0.459,0.792,1.490,-90.117,-0.000,-0.000,5.0
2227,0.459,0.792,1.490,-89.583,-0.000,0.000,5.0
2228,0.459,0.792,1.490,-89.003,-0.000,0.001,5.0
2229,0.459,0.792,1.490,-88.378,-0.000,0.001,5.0
2230,0.459,0.792,1.490,-88.426,0.000,0.001,5.0
2231,0.459,0.792,1.490,-88.621,0.000,0.002,5.0
2232,0.459,0.792,1.490,-88.940,0.000,0.001,5.0
2233,0.459,0.792,1.490,-89.348,0.000,0.001,5.0
2234,0.459,0.792,1.490,-89.825,0.000,0.000,5.0
2235,0.459,0.792,1.490,-90.358,-0.000,-0.000,5.0
2236,0.459,0.792,1.490,-90.939,-0.000,-0.001,5.0
2237,0.459,0.792,1.490,-91.564,-0.000,-0.001,5.0
2238,0.459,0.792,1.490,-91.516,-0.000,-0.001,5.0
2239,0.459,0.792,1.490,-91.321,-0.000,-0.002,5.0
2240,0.459,0.792,1.490,-91.002,-0.000,-0.001,5.0
2241,0.459,0.792,1.490,-90.594,-0.000,-0.001,5.0
2242,0.459,0.792,1.490,-90.117,-0.000,-0.000,5.0
2243,0.459,0.792,1.490,-89.583,-0.000,0.000,5.0
2244,0.459,0.792,1.490,-89.003,-0.000,0.001,5.0
2245,0.459,0.792,1.490,-88.378,-0.000,0.001,5.0
2246,0.459,0.792,1.490,-88.426,0.000,0.001,5.0
2247,0.459,0.792,1.490,-88.621,0.000,0.002,5.0
2248,0.459,0.792,1.490,-88.940,0.000,0.001,5.0
2249,0.459,0.792,1.490,-89.347,0.000,0.001,5.0
2250,0.459,0.792,1.490,-89.825,0.000,0.000,5.0
2251,0.459,0.792,1.490,-90.358,-0.000,-0.000,5.0
2252,0.459,0.792,1.490,-90.939,-0.000,-0.001,5.0
2253,0.459,0.792,1.490,-91.564,-0.000,-0.001,5.0
2254,0.459,0.792,1.490,-91.516,-0.000,-0.001,5.0
2255,0.459,0.792,1.490,-91.321,-0.000,-0.002,5.0
2256,0.459,0.792,1.490,-91.002,-0.000,-0.001,5.0
2257,0.459,0.792,1.490,-90.594,-0.000,-0.001,5.0
2258,0.459,0.792,1.490,-90.117,-0.000,-0.000,5.0
2259,0.459,0.792,1.490,-89.583,-0.000,0.000,5.0
2260,0.459,0.792,1.490,-89.003,-0.000,0.001,5.0
2261,0.459,0.792,1.490,-88.377,-0.000,0.001,5.0
2262,0.459,0.792,1.490,-88.426,0.000,0.001,5.0
2263,0.459,0.792,1.490,-88.621,0.000,0.002,5.0
2264,0.459,0.792,1.490,-88.940,0.000,0.001,5.0
2265,0.459,0.792,1.490,-89.347,0.000,0.001,5.0
2266,0.459,0.792,1.490,-89.825,0.000,0.000,5.0
2267,0.459,0.792,1.490,-90.358,-0.000,-0.000,5.0
2268,0.459,0.792,1.490,-90.939,-0.000,-0.001,5.0
2269,0.459,0.792,1.490,-91.564,-0.000,-0.001,5.0
2270,0.459,0.792,1.490,-91.516,-0.000,-0.001,5.0
2271,0.459,0.792,1.490,-91.321,-0.000,-0.002,5.0
2272,0.459,0.792,1.490,-91.002,-0.000,-0.001,5.0
2273,0.459,0.792,1.490,-90.594,-0.000,-0.001,5.0
2274,0.459,0.792,1.490,-90.116,-0.000,-0.000,5.0
2275,0.459,0.792,1.490,-89.583,-0.000,0.000,5.0
2276,0.459,0.792,1.490,-89.003,-0.000,0.001,5.0
2277,0.459,0.792,1.490,-88.377,-0.000,0.001,5.0
2278,0.459,0.792,1.490,-88.426,0.000,0.001,5.0
2279,0.459,0.792,1.490,-88.621,0.000,0.002,5.0
2280,0.459,0.792,1.490,-88.940,0.000,0.001,5.0
2281,0.459,0.792,1.490,-89.347,0.000,0.001,5.0
2282,0.459,0.792,1.490,-89.825,0.000,0.000,5.0
2283,0.459,0.792,1.490,-90.358,-0.000,-0.000,5.0
2284,0.459,0.792,1.490,-90.939,-0.000,-0.001,5.0
2285,0.459,0.792,1.490,-91.564,-0.000,-0.001,5.0
2286,0.459,0.792,1.490,-91.516,-0.000,-0.001,5.0
2287,0.459,0.792,1.490,-91.321,-0.000,-0.002,5.0
2288,0.459,0.792,1.490,-91.002,-0.000,-0.001,5.0
2289,0.459,0.792,1.490,-90.594,-0.000,-0.001,5.0
2290,0.459,0.792,1.490,-90.116,-0.000,-0.000,5.0
2291,0.459,0.792,1.490,-89.583,-0.000,0.000,5.0
2292,0.459,0.792,1.490,-89.003,-0.000,0.001,5.0
2293,0.459,0.792,1.490,-88.377,-0.000,0.001,5.0
2294,0.459,0.792,1.490,-88.426,0.000,0.001,5.0
2295,0.459,0.792,1.490,-88.621,0.000,0.002,5.0
2296,0.459,0.792,1.490,-88.940,0.000,0.001,5.0
2297,0.459,0.792,1.490,-89.347,0.000,0.001,5.0
2298,0.459,0.792,1.490,-89.825,0.000,0.000,5.0
2299,0.459,0.792,1.490,-90.358,-0.000,-0.000,5.0
2300,0.459,0.792,1.490,-90.939,-0.000,-0.001,5.0
2301,0.459,0.792,1.490,-91.564,-0.000,-0.001,5.0
2302,0.459,0.792,1.490,-91.516,-0.000,-0.001,5.0
2303,0.459,0.792,1.490,-91.320,-0.000,-0.002,5.0
2304,0.459,0.792,1.490,-91.002,-0.000,-0.001,5.0
2305,0.459,0.792,1.490,-90.594,-0.000,-0.001,5.0
2306,0.459,0.792,1.490,-90.116,-0.000,-0.000,5.0
2307,0.459,0.792,1.490,-89.583,-0.000,0.000,5.0
2308,0.459,0.792,1.490,-89.003,-0.000,0.001,5.0
2309,0.459,0.792,1.490,-88.377,-0.000,0.001,5.0
2310,0.459,0.792,1.490,-88.426,0.000,0.001,5.0
2311,0.459,0.792,1.490,-88.621,0.000,0.002,5.0
2312,0.459,0.792,1.490,-88.940,0.000,0.001,5.0
2313,0.459,0.792,1.490,-89.347,0.000,0.001,5.0
2314,0.459,0.792,1.490,-89.825,0.000,0.000,5.0
2315,0.459,0.792,1.490,-90.358,-0.000,-0.000,5.0
2316,0.459,0.792,1.490,-90.939,-0.000,-0.001,5.0
2317,0.459,0.792,1.490,-91.564,-0.000,-0.001,5.0
2318,0.459,0.792,1.490,-91.516,-0.000,-0.001,5.0
2319,0.459,0.792,1.490,-91.320,-0.000,-0.002,5.0
2320,0.459,0.792,1.490,-91.001,-0.000,-0.001,5.0
2321,0.459,0.792,1.490,-90.594,-0.000,-0.001,5.0
2322,0.459,0.792,1.490,-90.116,-0.000,-0.000,5.0
2323,0.459,0.792,1.490,-89.583,-0.000,0.000,5.0
2324,0.459,0.792,1.490,-89.003,-0.000,0.001,5.0
2325,0.459,0.792,1.490,-88.377,-0.000,0.001,5.0
2326,0.459,0.792,1.490,-88.426,0.000,0.001,5.0
2327,0.459,0.792,1.490,-88.621,0.000,0.002,5.0
2328,0.459,0.792,1.490,-88.940,0.000,0.001,5.0
2329,0.459,0.792,1.490,-89.347,0.000,0.001,5.0
2330,0.459,0.792,1.490,-89.825,0.000,0.000,5.0
2331,0.459,0.792,1.490,-90.358,-0.000,-0.000,5.0
2332,0.459,0.792,1.490,-90.938,-0.000,-0.001,5.0
2333,0.459,0.792,1.490,-91.564,-0.000,-0.001,5.0
2334,0.459,0.792,1.490,-91.515,-0.000,-0.001,5.0
2335,0.459,0.792,1.490,-91.320,-0.000,-0.002,5.0
2336,0.459,0.792,1.490,-91.001,-0.000,-0.001,5.0
2337,0.459,0.792,1.490,-90.594,-0.000,-0.001,5.0
2338,0.459,0.792,1.490,-90.116,-0.000,-0.000,5.0
2339,0.459,0.792,1.490,-89.583,-0.000,0.000,5.0
2340,0.459,0.792,1.490,-89.003,-0.000,0.001,5.0
2341,0.459,0.792,1.490,-88.377,-0.000,0.001,5.0
2342,0.459,0.792,1.490,-88.426,0.000,0.001,5.0
2343,0.459,0.792,1.490,-88.621,0.000,0.002,5.0
2344,0.459,0.792,1.490,-88.940,0.000,0.001,5.0
2345,0.459,0.792,1.490,-89.347,0.000,0.001,5.0
2346,0.459,0.792,1.490,-89.825,0.000,0.000,5.0
2347,0.459,0.792,1.490,-90.358,-0.000,-0.000,5.0
2348,0.459,0.792,1.490,-90.938,-0.000,-0.001,5.0
2349,0.459,0.792,1.490,-91.564,-0.000,-0.001,5.0
2350,0.459,0.792,1.490,-91.515,-0.000,-0.001,5.0
2351,0.459,0.792,1.490,-91.320,-0.000,-0.002,5.0
2352,0.459,0.792,1.490,-91.001,-0.000,-0.001,5.0
2353,0.459,0.792,1.490,-90.594,-0.000,-0.001,5.0
2354,0.459,0.792,1.490,-90.116,-0.000,-0.000,5.0
2355,0.459,0.792,1.490,-89.583,-0.000,0.000,5.0
2356,0.459,0.792,1.490,-89.003,-0.000,0.001,5.0
2357,0.459,0.792,1.490,-88.377,-0.000,0.001,5.0
2358,0.459,0.792,1.490,-88.426,0.000,0.001,5.0
2359,0.459,0.792,1.490,-88.621,0.000,0.002,5.0
2360,0.459,0.792,1.490,-88.940,0.000,0.001,5.0
2361,0.459,0.792,1.490,-89.347,0.000,0.001,5.0
2362,0.459,0.792,1.490,-89.825,0.000,0.000,5.0
2363,0.459,0.792,1.490,-90.358,-0.000,-0.000,5.0
2364,0.459,0.792,1.490,-90.938,-0.000,-0.001,5.0
2365,0.459,0.792,1.490,-91.564,-0.000,-0.001,5.0
2366,0.459,0.792,1.490,-91.515,-0.000,-0.001,5.0
2367,0.459,0.792,1.490,-91.320,-0.000,-0.002,5.0
2368,0.459,0.792,1.490,-91.001,-0.000,-0.001,5.0
2369,0.459,0.792,1.490,-90.594,-0.000,-0.001,5.0
2370,0.459,0.792,1.490,-90.116,-0.000,-0.000,5.0
2371,0.459,0.792,1.490,-89.583,-0.000,0.000,5.0
2372,0.459,0.792,1.490,-89.003,-0.000,0.001,5.0
2373,0.459,0.792,1.490,-88.377,-0.000,0.001,5.0
2374,0.459,0.792,1.490,-88.426,0.000,0.001,5.0
2375,0.459,0.792,1.490,-88.621,0.000,0.002,5.0
2376,0.459,0.792,1.490,-88.940,0.000,0.001,5.0
2377,0.459,0.792,1.490,-89.347,0.000,0.001,5.0
2378,0.459,0.792,1.490,-89.825,0.000,0.000,5.0
2379,0.459,0.792,1.490,-90.358,-0.000,-0.000,5.0
2380,0.459,0.792,1.490,-90.938,-0.000,-0.001,5.0
2381,0.459,0.792,1.490,-91.564,-0.000,-0.001,5.0
2382,0.459,0.792,1.490,-91.515,-0.000,-0.001,5.0
2383,0.459,0.792,1.490,-91.320,-0.000,-0.002,5.0
2384,0.459,0.792,1.490,-91.001,-0.000,-0.001,5.0
2385,0.459,0.792,1.490,-90.594,-0.000,-0.001,5.0
2386,0.459,0.792,1.490,-90.116,-0.000,-0.000,5.0
2387,0.459,0.792,1.490,-89.583,-0.000,0.000,5.0
2388,0.459,0.792,1.490,-89.003,-0.000,0.001,5.0
2389,0.459,0.792,1.490,-88.377,-0.000,0.001,5.0
2390,0.459,0.792,1.490,-88.426,0.000,0.001,5.0
2391,0.459,0.792,1.490,-88.621,0.000,0.002,5.0
2392,0.459,0.792,1.490,-88.939,0.000,0.001,5.0
2393,0.459,0.792,1.490,-89.347,0.000,0.001,5.0
2394,0.459,0.792,1.490,-89.824,0.000,0.000,5.0
2395,0.459,0.792,1.490,-90.358,-0.000,-0.000,5.0
2396,0.459,0.792,1.490,-90.938,-0.000,-0.001,5.0
2397,0.459,0.792,1.490,-91.564,-0.000,-0.001,5.0
2398,0.459,0.792,1.490,-91.515,-0.000,-0.001,5.0
2399,0.459,0.792,1.490,-91.320,-0.000,-0.002,5.0
2400,0.459,0.792,1.490,-91.001,-0.000,-0.001,5.0
2401,0.459,0.792,1.490,-90.594,-0.000,-0.001,5.0
2402,0.459,0.792,1.490,-90.116,-0.000,-0.000,5.0
2403,0.459,0.792,1.490,-89.583,-0.000,0.000,5.0
2404,0.459,0.792,1.490,-89.002,-0.000,0.001,5.0
2405,0.459,0.792,1.490,-88.377,-0.000,0.001,5.0
2406,0.459,0.792,1.490,-88.426,0.000,0.001,5.0
2407,0.459,0.792,1.490,-88.621,0.000,0.002,5.0
2408,0.459,0.792,1.490,-88.939,0.000,0.001,5.0
2409,0.459,0.792,1.490,-89.347,0.000,0.001,5.0
2410,0.459,0.792,1.490,-89.824,0.000,0.000,5.0
2411,0.459,0.792,1.490,-90.358,-0.000,-0.000,5.0
2412,0.459,0.792,1.490,-90.938,-0.000,-0.001,5.0
2413,0.459,0.792,1.490,-91.564,-0.000,-0.001,5.0
2414,0.459,0.792,1.490,-91.515,-0.000,-0.001,5.0
2415,0.459,0.792,1.490,-91.320,-0.000,-0.002,5.0
2416,0.459,0.792,1.490,-91.001,-0.000,-0.001,5.0
2417,0.459,0.792,1.490,-90.594,-0.000,-0.001,5.0
2418,0.459,0.792,1.490,-90.116,-0.000,-0.000,5.0
2419,0.459,0.792,1.490,-89.583,-0.000,0.000,5.0
2420,0.459,0.792,1.490,-89.002,-0.000,0.001,5.0
2421,0.459,0.792,1.490,-88.377,-0.000,0.001,5.0
2422,0.459,0.792,1.490,-88.426,0.000,0.001,5.0
2423,0.459,0.792,1.490,-88.621,0.000,0.002,5.0
2424,0.459,0.792,1.490,-88.939,0.000,0.001,5.0
2425,0.459,0.792,1.490,-89.347,0.000,0.001,5.0
2426,0.459,0.792,1.490,-89.824,0.000,0.000,5.0
2427,0.459,0.792,1.490,-90.358,-0.000,-0.000,5.0
2428,0.459,0.792,1.490,-90.938,-0.000,-0.001,5.0
2429,0.459,0.792,1.490,-91.564,-0.000,-0.001,5.0
2430,0.459,0.792,1.490,-91.515,-0.000,-0.001,5.0
2431,0.459,0.792,1.490,-91.320,-0.000,-0.002,5.0
2432,0.459,0.792,1.490,-91.001,-0.000,-0.001,5.0
2433,0.459,0.792,1.490,-90.593,-0.000,-0.001,5.0
2434,0.459,0.792,1.490,-90.116,-0.000,-0.000,5.0
2435,0.459,0.792,1.490,-89.583,-0.000,0.000,5.0
2436,0.459,0.792,1.490,-89.002,-0.000,0.001,5.0
2437,0.459,0.792,1.490,-88.377,-0.000,0.001,5.0
2438,0.459,0.792,1.490,-88.425,0.000,0.001,5.0
2439,0.459,0.792,1.490,-88.621,0.000,0.002,5.0
2440,0.459,0.792,1.490,-88.939,0.000,0.001,5.0
2441,0.459,0.792,1.490,-89.347,0.000,0.001,5.0
2442,0.459,0.792,1.490,-89.824,0.000,0.000,5.0
2443,0.459,0.792,1.490,-90.358,-0.000,-0.000,5.0
2444,0.459,0.792,1.490,-90.938,-0.000,-0.001,5.0
2445,0.459,0.792,1.490,-91.564,-0.000,-0.001,5.0
2446,0.459,0.792,1.490,-91.515,-0.000,-0.001,5.0
2447,0.459,0.792,1.490,-91.320,-0.000,-0.002,5.0
2448,0.459,0.792,1.490,-91.001,-0.000,-0.001,5.0
2449,0.459,0.792,1.490,-90.593,-0.000,-0.001,5.0
2450,0.459,0.792,1.490,-90.116,-0.000,-0.000,5.0
2451,0.459,0.792,1.490,-89.583,-0.000,0.000,5.0
2452,0.459,0.792,1.490,-89.002,-0.000,0.001,5.0
2453,0.459,0.792,1.490,-88.377,-0.000,0.001,5.0
2454,0.459,0.792,1.490,-88.425,0.000,0.001,5.0
2455,0.459,0.792,1.490,-88.620,0.000,0.002,5.0
2456,0.459,0.792,1.490,-88.939,0.000,0.001,5.0
2457,0.459,0.792,1.490,-89.347,0.000,0.001,5.0
2458,0.459,0.792,1.490,-89.824,0.000,0.000,5.0
2459,0.459,0.792,1.490,-90.358,-0.000,-0.000,5.0
2460,0.459,0.792,1.490,-90.938,-0.000,-0.001,5.0
2461,0.459,0.792,1.490,-91.564,-0.000,-0.001,5.0
2462,0.459,0.792,1.490,-91.515,-0.000,-0.001,5.0
2463,0.459,0.792,1.490,-91.320,-0.000,-0.002,5.0
2464,0.459,0.792,1.490,-91.001,-0.000,-0.001,5.0
2465,0.459,0.792,1.490,-90.593,-0.000,-0.001,5.0
2466,0.459,0.792,1.490,-90.116,-0.000,-0.000,5.0
2467,0.459,0.792,1.490,-89.583,-0.000,0.000,5.0
2468,0.459,0.792,1.490,-89.002,-0.000,0.001,5.0
2469,0.459,0.792,1.490,-88.377,-0.000,0.001,5.0
2470,0.459,0.792,1.490,-88.425,0.000,0.001,5.0
2471,0.459,0.792,1.490,-88.620,0.000,0.002,5.0
2472,0.459,0.792,1.490,-88.939,0.000,0.001,5.0
2473,0.459,0.792,1.490,-89.347,0.000,0.001,5.0
2474,0.459,0.792,1.490,-89.824,0.000,0.000,5.0
2475,0.459,0.792,1.490,-90.357,-0.000,-0.000,5.0
2476,0.459,0.792,1.490,-90.938,-0.000,-0.001,5.0
2477,0.459,0.792,1.490,-91.564,-0.000,-0.001,5.0
2478,0.459,0.792,1.490,-91.515,-0.000,-0.001,5.0
2479,0.459,0.792,1.490,-91.320,-0.000,-0.002,5.0
2480,0.459,0.792,1.490,-91.001,-0.000,-0.001,5.0
2481,0.459,0.792,1.490,-90.593,-0.000,-0.001,5.0
2482,0.459,0.792,1.490,-90.116,-0.000,-0.000,5.0
2483,0.459,0.792,1.490,-89.583,-0.000,0.000,5.0
2484,0.459,0.792,1.490,-89.002,-0.000,0.001,5.0
2485,0.459,0.792,1.490,-88.377,-0.000,0.001,5.0
2486,0.459,0.792,1.490,-88.425,0.000,0.001,5.0
2487,0.459,0.792,1.490,-88.620,0.000,0.002,5.0
2488,0.459,0.792,1.490,-88.939,0.000,0.001,5.0
2489,0.459,0.792,1.490,-89.347,0.000,0.001,5.0
2490,0.459,0.792,1.490,-89.824,0.000,0.000,5.0
2491,0.459,0.792,1.490,-90.357,-0.000,-0.000,5.0
2492,0.459,0.792,1.490,-90.938,-0.000,-0.001,5.0
2493,0.459,0.792,1.490,-91.564,-0.000,-0.001,5.0
2494,0.459,0.792,1.490,-91.515,-0.000,-0.001,5.0
2495,0.459,0.792,1.490,-91.320,-0.000,-0.002,5.0
2496,0.459,0.792,1.490,-91.001,-0.000,-0.001,5.0
2497,0.459,0.792,1.490,-90.593,-0.000,-0.001,5.0
2498,0.459,0.792,1.490,-90.116,-0.000,-0.000,5.0
2499,0.459,0.792,1.490,-89.583,-0.000,0.000,5.0
2500,0.459,0.792,1.490,-89.002,-0.000,0.001,5.0
