1,0.720,-0.093,0.153,0.000,0.000,0.000,1
2,0.720,-0.093,0.473,0.000,0.000,0.000,1
3,0.720,-0.093,0.808,0.000,0.000,0.000,1
4,0.720,-0.093,1.088,0.000,0.000,0.000,1
5,0.720,-0.093,1.290,0.000,0.000,0.000,-1
6,0.720,-0.093,1.420,0.000,0.000,0.000,-1
7,0.720,-0.093,1.493,0.000,-0.138,-0.118,2.0
8,0.720,-0.093,1.522,0.000,-0.224,-0.192,2.0
9,0.718,-0.091,1.534,0.000,-0.228,-0.195,2.0
10,0.716,-0.090,1.533,0.042,-0.169,-0.143,2.0
11,0.714,-0.087,1.527,-0.017,-0.082,-0.067,2.0
12,0.710,-0.085,1.519,-0.098,-0.000,0.003,2.0
13,0.707,-0.082,1.512,-0.172,0.054,0.049,2.0
14,0.704,-0.079,1.506,-0.223,0.072,0.063,2.0
15,0.701,-0.077,1.507,-0.245,0.061,0.051,2.0
16,0.699,-0.075,1.507,-0.242,0.032,0.024,2.0
17,0.696,-0.073,1.507,-0.223,-0.000,-0.004,2.0
18,0.694,-0.071,1.508,-0.197,-0.024,-0.024,2.0
19,0.691,-0.069,1.508,-0.174,-0.035,-0.032,2.0
20,0.689,-0.066,1.509,-0.154,-0.033,-0.028,2.0
21,0.686,-0.064,1.509,-0.138,-0.022,-0.016,2.0
22,0.683,-0.062,1.509,-0.123,-0.007,-0.003,2.0
23,0.680,-0.059,1.509,-0.110,0.005,0.007,2.0
24,0.677,-0.057,1.510,-0.107,0.013,0.013,2.0
25,0.675,-0.054,1.510,-0.111,0.014,0.013,2.0
26,0.672,-0.052,1.510,-0.122,0.011,0.009,2.0
27,0.669,-0.050,1.504,-0.140,0.006,0.003,2.0
28,0.666,-0.047,1.503,-0.164,0.000,-0.001,2.0
29,0.664,-0.045,1.502,-0.190,-0.003,-0.004,2.0
30,0.661,-0.043,1.501,-0.218,-0.005,-0.004,2.0
31,0.658,-0.040,1.500,-0.246,-0.004,-0.003,2.0
32,0.655,-0.038,1.499,-0.275,-0.002,-0.001,2.0
33,0.652,-0.035,1.499,-0.305,0.001,0.002,2.0
34,0.650,-0.033,1.498,-0.337,0.003,0.003,2.0
35,0.647,-0.031,1.498,-0.340,0.004,0.004,2.0
36,0.644,-0.028,1.497,-0.334,0.004,0.003,2.0
37,0.641,-0.026,1.497,-0.335,0.003,0.002,2.0
38,0.638,-0.024,1.496,-0.326,0.002,0.001,2.0
39,0.636,-0.021,1.496,-0.317,0.001,0.001,2.0
40,0.633,-0.019,1.495,-0.307,0.000,0.001,2.0
41,0.630,-0.017,1.495,-0.298,0.000,0.001,2.0
42,0.627,-0.014,1.495,-0.290,0.000,0.001,2.0
43,0.624,-0.012,1.494,-0.290,0.001,0.001,2.0
44,0.621,-0.009,1.494,-0.291,0.001,0.002,2.0
45,0.619,-0.007,1.494,-0.295,0.002,0.002,2.0
46,0.616,-0.005,1.494,-0.300,0.002,0.002,2.0
47,0.613,-0.002,1.494,-0.307,0.002,0.001,2.0
48,0.610,-0.000,1.493,-0.316,0.002,0.001,2.0
49,0.607,0.002,1.493,-0.326,0.002,0.001,2.0
50,0.605,0.005,1.493,-0.337,0.001,0.001,2.0
51,0.602,0.007,1.493,-0.350,0.001,0.001,2.0
52,0.599,0.009,1.493,-0.364,0.001,0.001,2.0
53,0.596,0.012,1.493,-0.380,0.001,0.001,2.0
54,0.593,0.014,1.493,-0.396,0.001,0.001,2.0
55,0.591,0.016,1.492,-0.414,0.002,0.001,2.0
56,0.588,0.019,1.492,-0.434,0.002,0.001,2.0
57,0.585,0.021,1.492,-0.441,0.002,0.001,2.0
58,0.582,0.024,1.492,-0.442,0.002,0.001,2.0
59,0.579,0.026,1.492,-0.442,0.001,0.001,2.0
60,0.577,0.028,1.492,-0.441,0.001,0.002,2.0
61,0.574,0.031,1.492,-0.440,0.001,0.001,2.0
62,0.571,0.033,1.492,-0.437,0.001,0.001,2.0
63,0.568,0.035,1.492,-0.433,0.001,0.001,2.0
64,0.565,0.038,1.492,-0.429,0.002,0.001,2.0
65,0.562,0.040,1.492,-0.424,0.002,0.001,2.0
66,0.560,0.042,1.492,-0.417,0.002,0.001,2.0
67,0.557,0.045,1.492,-0.409,0.002,0.001,2.0
68,0.554,0.047,1.492,-0.410,0.002,0.001,2.0
69,0.551,0.050,1.492,-0.413,0.001,0.001,2.0
70,0.548,0.052,1.492,-0.415,0.001,0.001,2.0
71,0.546,0.054,1.492,-0.420,0.001,0.001,2.0
72,0.543,0.057,1.492,-0.425,0.001,0.001,2.0
73,0.540,0.059,1.492,-0.433,0.002,0.001,2.0
74,0.537,0.061,1.492,-0.441,0.002,0.001,2.0
75,0.534,0.064,1.492,-0.437,0.002,0.001,2.0
76,0.532,0.066,1.492,-0.430,0.002,0.001,2.0
77,0.529,0.068,1.492,-0.420,0.002,0.001,2.0
78,0.526,0.071,1.492,-0.430,0.002,0.001,2.0
79,0.523,0.073,1.492,-0.445,0.002,0.000,2.0
80,0.520,0.075,1.492,-0.463,0.002,0.000,2.0
81,0.518,0.078,1.492,-0.484,0.002,0.001,2.0
82,0.515,0.080,1.492,-0.506,0.002,0.001,2.0
83,0.512,0.083,1.492,-0.529,0.002,0.001,2.0
84,0.509,0.085,1.492,-0.551,0.001,0.001,2.0
85,0.506,0.087,1.492,-0.572,0.001,0.001,2.0
86,0.503,0.090,1.492,-0.591,0.001,0.001,2.0
87,0.501,0.092,1.492,-0.608,0.001,0.001,2.0
88,0.498,0.094,1.492,-0.622,0.001,0.001,2.0
89,0.495,0.097,1.492,-0.638,0.002,0.001,2.0
90,0.492,0.099,1.492,-0.646,0.002,0.001,2.0
91,0.489,0.102,1.492,-0.653,0.002,0.001,2.0
92,0.487,0.104,1.492,-0.657,0.002,0.001,2.0
93,0.484,0.106,1.492,-0.658,0.002,0.001,2.0
94,0.481,0.109,1.492,-0.656,0.002,0.001,2.0
95,0.478,0.111,1.492,-0.652,0.002,0.001,2.0
96,0.475,0.113,1.492,-0.647,0.002,0.001,2.0
97,0.473,0.116,1.492,-0.640,0.001,0.001,2.0
98,0.470,0.118,1.492,-0.631,0.001,0.001,2.0
99,0.467,0.120,1.492,-0.622,0.002,0.001,2.0
100,0.464,0.123,1.492,-0.612,0.002,0.001,2.0
101,0.461,0.125,1.492,-0.601,0.002,0.001,2.0
102,0.459,0.128,1.492,-0.587,0.001,0.001,2.0
103,0.456,0.130,1.492,-0.576,0.001,0.001,2.0
104,0.453,0.132,1.492,-0.566,0.002,0.001,2.0
105,0.450,0.135,1.492,-0.557,0.002,0.001,2.0
106,0.447,0.137,1.492,-0.552,0.002,0.001,2.0
107,0.445,0.139,1.492,-0.548,0.002,0.001,2.0
108,0.442,0.142,1.492,-0.547,0.002,0.001,2.0
109,0.439,0.144,1.492,-0.548,0.002,0.001,2.0
110,0.436,0.147,1.492,-0.551,0.002,0.001,2.0
111,0.433,0.149,1.492,-0.557,0.002,0.001,2.0
112,0.431,0.151,1.492,-0.562,0.002,0.001,2.0
113,0.428,0.154,1.492,-0.557,0.001,0.002,2.0
114,0.425,0.156,1.492,-0.549,0.001,0.002,2.0
115,0.422,0.158,1.492,-0.538,0.001,0.002,2.0
116,0.419,0.161,1.492,-0.527,0.001,0.002,2.0
117,0.417,0.163,1.492,-0.515,0.001,0.002,2.0
118,0.414,0.166,1.492,-0.503,0.001,0.001,2.0
119,0.411,0.168,1.492,-0.492,0.002,0.001,2.0
120,0.408,0.170,1.492,-0.480,0.002,0.001,2.0
121,0.405,0.173,1.492,-0.468,0.002,0.001,2.0
122,0.403,0.175,1.492,-0.454,0.002,0.001,2.0
123,0.400,0.177,1.492,-0.438,0.002,0.001,2.0
124,0.397,0.180,1.492,-0.420,0.002,0.001,2.0
125,0.394,0.182,1.492,-0.398,0.002,0.001,2.0
126,0.391,0.185,1.492,-0.374,0.002,0.001,2.0
127,0.389,0.187,1.492,-0.347,0.002,0.001,2.0
128,0.386,0.189,1.492,-0.318,0.002,0.001,2.0
129,0.383,0.192,1.492,-0.287,0.002,0.000,2.0
130,0.380,0.194,1.492,-0.255,0.002,0.000,2.0
131,0.377,0.196,1.492,-0.232,0.002,0.001,2.0
132,0.375,0.199,1.492,-0.224,0.001,0.002,2.0
133,0.372,0.201,1.492,-0.218,0.001,0.002,2.0
134,0.369,0.204,1.492,-0.214,0.001,0.002,2.0
135,0.366,0.206,1.492,-0.213,0.002,0.001,2.0
136,0.364,0.208,1.492,-0.213,0.002,0.001,2.0
137,0.361,0.211,1.492,-0.215,0.002,0.001,2.0
138,0.358,0.213,1.492,-0.218,0.002,0.001,2.0
139,0.355,0.216,1.492,-0.223,0.002,0.001,2.0
140,0.352,0.218,1.492,-0.230,0.002,0.001,2.0
141,0.350,0.220,1.492,-0.239,0.002,0.001,2.0
142,0.347,0.223,1.492,-0.248,0.002,0.001,2.0
143,0.344,0.225,1.492,-0.246,0.001,0.002,2.0
144,0.341,0.228,1.492,-0.244,0.001,0.002,2.0
145,0.339,0.230,1.492,-0.239,0.001,0.002,2.0
146,0.336,0.232,1.492,-0.232,0.001,0.001,2.0
147,0.333,0.235,1.492,-0.224,0.002,0.001,2.0
148,0.330,0.237,1.492,-0.214,0.002,0.001,2.0
149,0.327,0.240,1.492,-0.203,0.002,0.001,2.0
150,0.325,0.242,1.492,-0.191,0.002,0.001,2.0
151,0.322,0.244,1.492,-0.177,0.002,0.001,2.0
152,0.319,0.247,1.492,-0.164,0.001,0.001,2.0
153,0.316,0.249,1.492,-0.151,0.001,0.002,2.0
154,0.314,0.252,1.492,-0.139,0.001,0.001,2.0
155,0.311,0.254,1.492,-0.127,0.001,0.001,2.0
156,0.308,0.256,1.492,-0.116,0.002,0.001,2.0
157,0.305,0.259,1.492,-0.105,0.002,0.001,2.0
158,0.302,0.261,1.492,-0.102,0.002,0.001,2.0
159,0.300,0.264,1.492,-0.097,0.002,0.001,2.0
160,0.297,0.266,1.492,-0.095,0.001,0.001,2.0
161,0.294,0.268,1.492,-0.093,0.001,0.001,2.0
162,0.291,0.271,1.492,-0.092,0.001,0.001,2.0
163,0.289,0.273,1.492,-0.092,0.002,0.001,2.0
164,0.286,0.276,1.492,-0.091,0.002,0.001,2.0
165,0.283,0.278,1.492,-0.090,0.002,0.001,2.0
166,0.280,0.280,1.492,-0.089,0.002,0.001,2.0
167,0.277,0.283,1.492,-0.086,0.002,0.001,2.0
168,0.275,0.285,1.492,-0.083,0.002,0.001,2.0
169,0.272,0.288,1.492,-0.077,0.002,0.001,2.0
170,0.269,0.290,1.492,-0.068,0.001,0.001,2.0
171,0.266,0.292,1.492,-0.058,0.001,0.001,2.0
172,0.264,0.295,1.492,-0.048,0.001,0.001,2.0
173,0.261,0.297,1.492,-0.039,0.002,0.001,2.0
174,0.258,0.300,1.492,-0.030,0.002,0.001,2.0
175,0.255,0.302,1.492,-0.022,0.002,0.001,2.0
176,0.253,0.304,1.492,-0.014,0.002,0.001,2.0
177,0.250,0.307,1.492,-0.006,0.002,0.001,2.0
178,0.247,0.309,1.492,0.003,0.002,0.001,2.0
179,0.244,0.312,1.492,0.014,0.002,0.001,2.0
180,0.241,0.314,1.492,0.026,0.002,0.001,2.0
181,0.239,0.316,1.492,0.040,0.002,0.001,2.0
182,0.236,0.319,1.492,0.053,0.002,0.001,2.0
183,0.233,0.321,1.492,0.067,0.001,0.002,2.0
184,0.230,0.324,1.492,0.073,0.001,0.002,2.0
185,0.228,0.326,1.492,0.078,0.001,0.002,2.0
186,0.225,0.329,1.492,0.082,0.002,0.001,2.0
187,0.222,0.331,1.492,0.084,0.002,0.001,2.0
188,0.219,0.333,1.492,-0.008,0.002,0.001,2.0
189,0.217,0.336,1.492,-0.125,0.001,0.001,2.0
190,0.214,0.338,1.492,-0.262,0.001,0.001,2.0
191,0.211,0.341,1.492,-0.406,0.001,0.001,2.0
192,0.208,0.343,1.492,-0.544,0.001,0.002,2.0
193,0.206,0.345,1.492,-0.663,0.001,0.002,2.0
194,0.203,0.348,1.492,-0.771,-0.000,0.003,2.0
195,0.200,0.350,1.492,-0.882,-0.001,0.004,2.0
196,0.197,0.353,1.492,-0.921,-0.001,0.004,2.0
197,0.194,0.355,1.492,-0.939,-0.000,0.003,2.0
198,0.192,0.357,1.492,-0.939,0.001,0.002,2.0
199,0.189,0.360,1.492,-0.925,0.001,0.001,2.0
200,0.186,0.362,1.492,-0.901,0.002,0.001,2.0
201,0.183,0.364,1.492,-0.868,0.002,0.000,2.0
202,0.180,0.367,1.492,-0.827,0.002,0.000,2.0
203,0.178,0.369,1.492,-0.784,0.002,0.001,2.0
204,0.175,0.372,1.492,-0.742,0.002,0.001,2.0
205,0.172,0.374,1.492,-0.704,0.002,0.001,2.0
206,0.169,0.376,1.492,-0.672,0.002,0.001,2.0
207,0.166,0.379,1.492,-0.661,0.002,0.001,2.0
208,0.164,0.381,1.492,-0.658,0.002,0.001,2.0
209,0.161,0.383,1.492,-0.666,0.002,0.001,2.0
210,0.158,0.386,1.492,-0.683,0.002,0.000,2.0
211,0.155,0.388,1.492,-0.708,0.002,0.000,2.0
212,0.152,0.391,1.492,-0.742,0.002,0.000,2.0
213,0.150,0.393,1.492,-0.784,0.002,0.000,2.0
214,0.147,0.395,1.492,-0.834,0.002,0.000,2.0
215,0.144,0.398,1.492,-0.891,0.002,0.000,2.0
216,0.141,0.400,1.492,-0.952,0.002,0.000,2.0
217,0.139,0.403,1.492,-1.015,0.002,0.001,2.0
218,0.136,0.405,1.492,-1.080,0.002,0.001,2.0
219,0.133,0.407,1.492,-1.086,0.002,0.001,2.0
220,0.130,0.410,1.492,-1.077,0.002,0.001,2.0
221,0.128,0.412,1.492,-1.054,0.001,0.001,2.0
222,0.125,0.415,1.492,-1.020,0.001,0.001,2.0
223,0.122,0.417,1.492,-0.976,0.002,0.001,2.0
224,0.119,0.420,1.492,-0.935,0.001,0.002,2.0
225,0.116,0.422,1.492,-0.894,0.000,0.003,2.0
226,0.114,0.424,1.492,-0.842,-0.000,0.004,2.0
227,0.111,0.427,1.492,-0.787,-0.001,0.004,2.0
228,0.108,0.429,1.492,-0.732,-0.001,0.004,2.0
229,0.105,0.432,1.492,-0.678,0.000,0.003,2.0
230,0.103,0.434,1.492,-0.625,0.001,0.002,2.0
231,0.100,0.436,1.492,-0.612,0.002,0.001,2.0
232,0.097,0.439,1.492,-0.608,0.002,0.001,2.0
233,0.094,0.441,1.492,-0.613,0.002,0.000,2.0
234,0.091,0.443,1.492,-0.625,0.002,0.000,2.0
235,0.089,0.446,1.492,-0.642,0.002,0.001,2.0
236,0.086,0.448,1.492,-0.663,0.002,0.001,2.0
237,0.083,0.451,1.492,-0.687,0.001,0.001,2.0
238,0.080,0.453,1.492,-0.713,0.001,0.001,2.0
239,0.077,0.455,1.492,-0.742,0.001,0.001,2.0
240,0.075,0.458,1.492,-0.771,0.001,0.001,2.0
241,0.072,0.460,1.492,-0.770,0.001,0.001,2.0
242,0.069,0.463,1.492,-0.762,0.001,0.001,2.0
243,0.066,0.465,1.492,-0.750,0.002,0.001,2.0
244,0.063,0.467,1.492,-0.734,0.002,0.001,2.0
245,0.061,0.470,1.492,-0.714,0.002,0.001,2.0
246,0.058,0.472,1.492,-0.726,0.002,0.001,2.0
247,0.055,0.474,1.492,-0.743,0.001,0.001,2.0
248,0.052,0.477,1.492,-0.767,0.001,0.002,2.0
249,0.050,0.479,1.492,-0.796,0.001,0.002,2.0
250,0.047,0.482,1.492,-0.828,0.001,0.002,2.0
251,0.044,0.484,1.492,-0.864,0.002,0.001,2.0
252,0.041,0.486,1.492,-0.902,0.002,0.001,2.0
253,0.038,0.489,1.492,-0.926,0.003,-0.000,2.0
254,0.036,0.491,1.492,-0.927,0.003,-0.001,2.0
255,0.033,0.494,1.492,-0.914,0.004,-0.001,2.0
256,0.030,0.496,1.492,-0.894,0.003,-0.001,2.0
257,0.027,0.498,1.492,-0.870,0.003,-0.001,2.0
258,0.025,0.501,1.492,-0.841,0.002,0.000,2.0
259,0.022,0.503,1.492,-0.810,0.002,0.001,2.0
260,0.019,0.506,1.492,-0.778,0.001,0.001,2.0
261,0.016,0.508,1.492,-0.782,0.001,0.002,2.0
262,0.014,0.510,1.492,-0.793,0.001,0.002,2.0
263,0.011,0.513,1.492,-0.810,0.001,0.001,2.0
264,0.008,0.515,1.492,-0.831,0.002,0.001,2.0
265,0.005,0.518,1.492,-0.855,0.002,0.001,2.0
266,0.002,0.520,1.492,-0.881,0.002,0.001,2.0
267,-0.000,0.523,1.492,-0.910,0.002,0.001,2.0
268,-0.003,0.525,1.492,-0.905,0.002,0.001,2.0
269,-0.006,0.527,1.492,-0.893,0.002,0.001,2.0
270,-0.009,0.530,1.492,-0.875,0.002,0.001,2.0
271,-0.011,0.532,1.492,-0.852,0.002,0.001,2.0
272,-0.014,0.535,1.492,-0.825,0.002,0.001,2.0
273,-0.017,0.537,1.492,-0.795,0.002,0.001,2.0
274,-0.020,0.540,1.492,-0.762,0.002,0.001,2.0
275,-0.022,0.542,1.492,-0.725,0.002,0.001,2.0
276,-0.025,0.544,1.492,-0.686,0.002,0.001,2.0
277,-0.028,0.547,1.492,-0.687,0.002,0.001,2.0
278,-0.030,0.549,1.492,-0.698,0.002,0.001,2.0
279,-0.033,0.552,1.492,-0.717,0.002,0.001,2.0
280,-0.036,0.554,1.492,-0.738,0.002,0.001,2.0
281,-0.039,0.557,1.492,-0.751,0.000,0.003,2.0
282,-0.041,0.559,1.492,-0.775,-0.002,0.006,2.0
283,-0.044,0.562,1.492,-0.768,-0.002,0.005,2.0
284,-0.047,0.564,1.492,-0.757,-0.001,0.004,2.0
285,-0.050,0.566,1.492,-0.743,0.001,0.001,2.0
286,-0.053,0.569,1.492,-0.728,0.003,-0.000,2.0
287,-0.055,0.571,1.492,-0.711,0.004,-0.002,2.0
288,-0.058,0.574,1.492,-0.694,0.004,-0.002,2.0
289,-0.061,0.576,1.492,-0.676,0.004,-0.001,2.0
290,-0.064,0.578,1.492,-0.658,0.003,-0.000,2.0
291,-0.066,0.581,1.492,-0.639,0.002,0.001,2.0
292,-0.069,0.583,1.492,-0.620,0.001,0.001,2.0
293,-0.072,0.586,1.492,-0.600,0.001,0.002,2.0
294,-0.075,0.588,1.492,-0.580,0.001,0.002,2.0
295,-0.077,0.591,1.492,-0.560,0.001,0.002,2.0
296,-0.080,0.593,1.492,-0.540,0.001,0.001,2.0
297,-0.083,0.595,1.492,-0.519,0.002,0.001,2.0
298,-0.086,0.598,1.492,-0.498,0.002,0.001,2.0
299,-0.088,0.600,1.492,-0.477,0.002,0.001,2.0
300,-0.091,0.603,1.492,-0.455,0.002,0.001,2.0
301,-0.094,0.605,1.492,-0.433,0.002,0.001,2.0
302,-0.097,0.608,1.492,-0.410,0.002,0.001,2.0
303,-0.099,0.610,1.492,-0.387,0.002,0.001,2.0
304,-0.102,0.613,1.492,-0.364,0.001,0.002,2.0
305,-0.105,0.615,1.492,-0.340,0.000,0.003,2.0
306,-0.107,0.617,1.492,-0.315,0.002,0.005,2.0
307,-0.110,0.620,1.492,-0.288,0.004,0.007,2.0
308,-0.113,0.622,1.492,-0.260,0.008,0.008,2.0
309,-0.116,0.625,1.492,-0.229,0.010,0.009,2.0
310,-0.118,0.627,1.492,-0.197,0.012,0.010,2.0
311,-0.121,0.629,1.492,-0.162,0.012,0.010,2.0
312,-0.124,0.632,1.492,-0.125,0.012,0.009,2.0
313,-0.126,0.634,1.492,-0.086,0.011,0.009,2.0
314,-0.129,0.636,1.492,-0.055,0.007,0.008,2.0
315,-0.131,0.638,1.492,-0.025,0.003,0.008,2.0
316,-0.134,0.641,1.492,0.002,0.003,0.008,2.0
317,-0.136,0.643,1.492,0.020,0.005,0.008,2.0
318,-0.139,0.645,1.492,0.033,0.007,0.008,2.0
319,-0.141,0.647,1.492,0.044,0.009,0.008,2.0
320,-0.144,0.649,1.492,0.055,0.010,0.008,2.0
321,-0.146,0.651,1.492,0.064,0.010,0.008,2.0
322,-0.148,0.653,1.492,0.077,0.009,0.008,2.0
323,-0.151,0.655,1.492,0.091,0.008,0.008,2.0
324,-0.153,0.657,1.492,0.107,0.008,0.008,2.0
325,-0.155,0.659,1.492,0.126,0.008,0.008,2.0
326,-0.158,0.661,1.492,0.147,0.009,0.008,2.0
327,-0.160,0.663,1.492,0.171,0.010,0.008,2.0
328,-0.162,0.665,1.492,0.198,0.011,0.007,2.0
329,-0.164,0.667,1.492,0.229,0.011,0.007,2.0
330,-0.167,0.669,1.492,0.256,0.008,0.007,2.0
331,-0.169,0.671,1.492,0.282,0.006,0.007,2.0
332,-0.171,0.672,1.492,0.306,0.005,0.007,2.0
333,-0.173,0.674,1.492,0.329,0.006,0.007,2.0
334,-0.175,0.676,1.492,0.350,0.008,0.007,2.0
335,-0.177,0.678,1.492,0.370,0.009,0.007,2.0
336,-0.179,0.680,1.492,0.391,0.008,0.007,2.0
337,-0.181,0.681,1.492,0.411,0.008,0.007,2.0
338,-0.183,0.683,1.492,0.433,0.008,0.007,2.0
339,-0.185,0.685,1.492,0.455,0.008,0.007,2.0
340,-0.187,0.686,1.492,0.475,0.005,0.007,2.0
341,-0.189,0.688,1.492,0.419,0.007,0.006,2.0
342,-0.191,0.690,1.492,0.346,0.008,0.005,2.0
343,-0.193,0.691,1.492,0.262,0.006,0.005,2.0
344,-0.195,0.693,1.492,0.241,0.008,0.006,2.0
345,-0.197,0.694,1.492,0.239,0.007,0.007,2.0
346,-0.198,0.696,1.492,0.254,0.008,0.007,2.0
347,-0.200,0.697,1.492,0.281,0.007,0.008,2.0
348,-0.202,0.699,1.492,0.318,0.008,0.007,2.0
349,-0.204,0.700,1.492,0.362,0.007,0.007,2.0
350,-0.205,0.702,1.492,0.410,0.006,0.006,2.0
351,-0.207,0.703,1.492,0.460,0.006,0.006,2.0
352,-0.209,0.705,1.492,0.510,0.006,0.005,2.0
353,-0.210,0.706,1.492,0.558,0.006,0.006,2.0
354,-0.212,0.708,1.492,0.603,0.006,0.005,2.0
355,-0.214,0.709,1.492,0.644,0.005,0.005,2.0
356,-0.215,0.710,1.492,0.681,0.007,0.005,2.0
357,-0.217,0.712,1.492,0.716,0.006,0.006,2.0
358,-0.219,0.713,1.492,0.736,0.007,0.006,2.0
359,-0.220,0.714,1.492,0.750,0.006,0.005,2.0
360,-0.222,0.716,1.492,0.757,0.006,0.006,2.0
361,-0.223,0.717,1.492,0.759,0.006,0.005,2.0
362,-0.225,0.718,1.492,0.754,0.004,0.005,2.0
363,-0.226,0.720,1.492,0.745,0.006,0.005,2.0
364,-0.228,0.721,1.492,0.736,0.006,0.004,2.0
365,-0.229,0.722,1.492,0.722,0.005,0.005,2.0
366,-0.231,0.723,1.492,0.706,0.006,0.005,2.0
367,-0.232,0.725,1.492,0.692,0.004,0.004,2.0
368,-0.234,0.726,1.492,0.676,0.004,0.005,2.0
369,-0.235,0.727,1.492,0.658,0.006,0.005,2.0
370,-0.236,0.728,1.492,0.647,0.006,0.004,2.0
371,-0.238,0.729,1.492,0.650,0.005,0.005,2.0
372,-0.239,0.730,1.492,0.657,0.007,0.005,2.0
373,-0.240,0.732,1.492,0.663,0.005,0.004,2.0
374,-0.242,0.733,1.492,0.676,0.004,0.005,2.0
375,-0.243,0.734,1.492,0.690,0.005,0.005,2.0
376,-0.244,0.735,1.492,0.702,0.005,0.003,2.0
377,-0.246,0.736,1.492,0.719,0.004,0.004,2.0
378,-0.247,0.737,1.492,0.738,0.006,0.005,2.0
379,-0.248,0.738,1.492,0.752,0.006,0.003,2.0
380,-0.249,0.739,1.492,0.771,0.004,0.004,2.0
381,-0.251,0.740,1.492,0.790,0.004,0.004,2.0
382,-0.252,0.741,1.492,0.799,0.004,0.003,2.0
383,-0.253,0.742,1.492,0.800,0.003,0.004,2.0
384,-0.254,0.743,1.492,0.796,0.005,0.004,2.0
385,-0.255,0.744,1.492,0.792,0.005,0.004,2.0
386,-0.257,0.745,1.492,0.788,0.005,0.004,2.0
387,-0.258,0.746,1.492,0.779,0.004,0.003,2.0
388,-0.259,0.747,1.492,0.767,0.003,0.004,2.0
389,-0.260,0.748,1.492,0.757,0.004,0.004,2.0
390,-0.261,0.749,1.492,0.750,0.004,0.004,2.0
391,-0.262,0.750,1.492,0.746,0.005,0.004,2.0
392,-0.263,0.751,1.492,0.744,0.005,0.004,2.0
393,-0.264,0.752,1.492,0.745,0.005,0.004,2.0
394,-0.265,0.752,1.492,0.749,0.005,0.004,2.0
395,-0.266,0.753,1.492,0.756,0.005,0.004,2.0
396,-0.268,0.754,1.492,0.767,0.005,0.003,2.0
397,-0.269,0.755,1.492,0.780,0.004,0.003,2.0
398,-0.270,0.756,1.492,0.795,0.004,0.003,2.0
399,-0.271,0.757,1.492,0.809,0.002,0.002,2.0
400,-0.271,0.758,1.492,0.826,0.000,0.002,2.0
401,-0.272,0.758,1.492,0.842,0.001,0.003,2.0
402,-0.273,0.759,1.492,0.857,0.002,0.004,2.0
403,-0.274,0.760,1.492,0.861,0.003,0.004,2.0
404,-0.275,0.761,1.492,0.864,0.004,0.004,2.0
405,-0.276,0.762,1.492,0.866,0.005,0.004,2.0
406,-0.277,0.762,1.492,0.866,0.005,0.003,2.0
407,-0.278,0.763,1.492,0.866,0.005,0.003,2.0
408,-0.279,0.764,1.492,0.864,0.004,0.003,2.0
409,-0.280,0.765,1.492,0.861,0.004,0.002,2.0
410,-0.281,0.765,1.492,0.856,0.003,0.003,2.0
411,-0.282,0.766,1.492,0.850,0.003,0.003,2.0
412,-0.283,0.767,1.492,0.774,-0.002,0.000,2.0
413,-0.283,0.767,1.492,0.682,-0.005,-0.002,2.0
414,-0.284,0.768,1.492,0.665,0.002,0.004,2.0
415,-0.285,0.769,1.492,0.652,0.007,0.006,2.0
416,-0.286,0.770,1.492,0.653,0.009,0.005,2.0
417,-0.287,0.770,1.492,0.663,0.009,0.004,2.0
418,-0.288,0.771,1.492,0.681,0.008,0.003,2.0
419,-0.289,0.771,1.492,0.723,0.008,0.007,2.0
420,-0.289,0.772,1.492,0.775,0.008,0.008,2.0
421,-0.290,0.773,1.492,0.833,0.006,0.009,2.0
422,-0.291,0.773,1.492,0.893,0.004,0.007,2.0
423,-0.291,0.774,1.492,0.950,-0.000,0.002,2.0
424,-0.292,0.774,1.492,1.010,-0.004,-0.003,2.0
425,-0.293,0.775,1.492,1.069,-0.005,-0.002,2.0
426,-0.294,0.775,1.492,1.125,-0.003,-0.000,2.0
427,-0.294,0.776,1.492,1.143,-0.000,0.002,2.0
428,-0.295,0.777,1.492,1.151,0.003,0.004,2.0
429,-0.296,0.777,1.492,1.148,0.005,0.005,2.0
430,-0.296,0.778,1.492,1.136,0.005,0.005,2.0
431,-0.297,0.778,1.492,1.116,0.005,0.004,2.0
432,-0.298,0.779,1.492,1.091,0.004,0.003,2.0
433,-0.298,0.779,1.492,1.061,0.003,0.002,2.0
434,-0.299,0.780,1.492,1.029,0.002,0.002,2.0
435,-0.300,0.780,1.492,0.996,0.002,0.001,2.0
436,-0.300,0.781,1.492,0.962,0.001,0.001,2.0
437,-0.301,0.781,1.492,0.928,0.002,0.001,2.0
438,-0.302,0.781,1.492,0.895,0.002,0.002,2.0
439,-0.302,0.782,1.492,0.861,0.002,0.002,2.0
440,-0.303,0.782,1.492,0.854,0.003,0.002,2.0
441,-0.304,0.783,1.492,0.854,0.003,0.002,2.0
442,-0.304,0.783,1.492,0.860,0.002,0.002,2.0
443,-0.305,0.784,1.492,0.871,0.002,0.002,2.0
444,-0.305,0.784,1.492,0.886,0.002,0.002,2.0
445,-0.306,0.785,1.492,0.905,0.002,0.002,2.0
446,-0.307,0.785,1.492,0.926,0.002,0.002,2.0
447,-0.307,0.785,1.492,0.949,0.002,0.002,2.0
448,-0.308,0.786,1.492,0.975,0.002,0.002,2.0
449,-0.308,0.786,1.492,0.971,0.002,0.002,2.0
450,-0.309,0.787,1.492,0.960,0.002,0.002,2.0
451,-0.309,0.787,1.492,0.942,0.002,0.002,2.0
452,-0.310,0.787,1.492,0.920,0.001,0.001,2.0
453,-0.311,0.788,1.492,0.893,0.001,0.001,2.0
454,-0.311,0.788,1.492,0.862,0.001,0.001,2.0
455,-0.312,0.789,1.492,0.828,0.001,0.001,2.0
456,-0.312,0.789,1.492,0.803,0.003,-0.001,2.0
457,-0.313,0.789,1.492,0.772,0.006,-0.003,2.0
458,-0.313,0.790,1.492,0.767,0.007,-0.003,2.0
459,-0.314,0.790,1.492,0.766,0.006,0.001,2.0
460,-0.314,0.791,1.492,0.769,0.004,0.004,2.0
461,-0.315,0.791,1.492,0.774,0.002,0.006,2.0
462,-0.315,0.791,1.492,0.778,0.000,0.006,2.0
463,-0.316,0.792,1.492,0.783,-0.001,0.005,2.0
464,-0.316,0.792,1.492,0.786,-0.001,0.003,2.0
465,-0.317,0.792,1.492,0.783,-0.001,0.001,2.0
466,-0.317,0.793,1.492,0.777,-0.000,-0.001,2.0
467,-0.317,0.793,1.492,0.768,0.001,-0.002,2.0
468,-0.318,0.793,1.492,0.756,0.001,-0.002,2.0
469,-0.318,0.794,1.492,0.741,0.002,-0.001,2.0
470,-0.319,0.794,1.492,0.723,0.002,-0.000,2.0
471,-0.319,0.794,1.492,0.703,0.001,0.001,2.0
472,-0.320,0.795,1.492,0.681,0.001,0.002,2.0
473,-0.320,0.795,1.492,0.656,0.000,0.002,2.0
474,-0.321,0.795,1.492,0.630,-0.000,0.002,2.0
475,-0.321,0.796,1.492,0.603,-0.000,0.001,2.0
476,-0.321,0.796,1.492,0.575,-0.000,0.001,2.0
477,-0.322,0.796,1.492,0.545,-0.000,0.000,2.0
478,-0.322,0.797,1.492,0.515,0.000,0.000,2.0
479,-0.323,0.797,1.492,0.485,0.000,0.000,2.0
480,-0.323,0.797,1.492,0.454,0.000,0.000,2.0
481,-0.324,0.798,1.492,0.422,0.001,0.000,2.0
482,-0.324,0.798,1.492,0.390,0.001,0.000,2.0
483,-0.325,0.798,1.492,0.358,0.000,0.000,2.0
484,-0.325,0.799,1.492,0.332,0.002,-0.000,2.0
485,-0.325,0.799,1.492,0.318,0.003,-0.001,2.0
486,-0.326,0.799,1.492,0.305,0.003,0.000,2.0
487,-0.326,0.800,1.492,0.294,0.002,0.002,2.0
488,-0.327,0.800,1.492,0.284,0.001,0.002,2.0
489,-0.327,0.800,1.492,0.276,0.000,0.003,2.0
490,-0.328,0.800,1.492,0.269,-0.001,0.002,2.0
491,-0.328,0.801,1.492,0.257,-0.001,0.001,2.0
492,-0.328,0.801,1.492,0.244,-0.001,0.001,2.0
493,-0.329,0.801,1.492,0.231,0.000,-0.001,2.0
494,-0.329,0.802,1.492,0.219,0.001,-0.001,2.0
495,-0.330,0.802,1.492,0.205,0.002,-0.001,2.0
496,-0.330,0.802,1.492,0.190,0.001,-0.000,2.0
497,-0.331,0.803,1.492,0.173,0.001,0.001,2.0
498,-0.331,0.803,1.492,0.155,0.001,0.001,2.0
499,-0.331,0.803,1.492,0.136,0.001,0.001,2.0
500,-0.332,0.803,1.492,0.115,0.000,0.001,2.0
501,-0.332,0.804,1.492,0.092,0.000,0.000,2.0
502,-0.333,0.804,1.492,0.068,0.000,-0.000,2.0
503,-0.333,0.804,1.492,0.041,0.000,-0.001,2.0
504,-0.333,0.805,1.492,0.012,0.000,-0.001,2.0
505,-0.334,0.805,1.492,-0.020,0.000,-0.001,2.0
506,-0.334,0.805,1.492,-0.052,0.000,-0.001,2.0
507,-0.335,0.806,1.492,-0.087,-0.000,-0.000,2.0
508,-0.335,0.806,1.492,-0.122,-0.000,0.000,2.0
509,-0.335,0.806,1.492,-0.158,-0.000,0.000,2.0
510,-0.336,0.806,1.492,-0.194,-0.000,0.000,2.0
511,-0.336,0.807,1.492,-0.230,-0.000,0.000,2.0
512,-0.337,0.807,1.492,-0.266,-0.000,0.000,2.0
513,-0.337,0.807,1.492,-0.300,-0.000,0.000,2.0
514,-0.337,0.808,1.492,-0.333,0.000,-0.000,2.0
515,-0.338,0.808,1.492,-0.365,0.000,-0.000,2.0
516,-0.338,0.808,1.492,-0.395,0.000,0.000,2.0
517,-0.339,0.809,1.492,-0.424,0.000,0.000,2.0
518,-0.339,0.809,1.492,-0.451,0.000,0.000,2.0
519,-0.339,0.809,1.492,-0.477,-0.000,0.000,2.0
520,-0.340,0.810,1.492,-0.503,-0.000,0.000,2.0
521,-0.340,0.810,1.492,-0.527,-0.000,0.000,2.0
522,-0.341,0.810,1.492,-0.550,0.000,0.000,2.0
523,-0.341,0.810,1.492,-0.573,0.000,-0.000,2.0
524,-0.342,0.811,1.492,-0.499,0.006,0.002,2.0
525,-0.342,0.811,1.492,-0.399,0.010,0.003,2.0
526,-0.342,0.811,1.492,-0.278,0.011,0.003,2.0
527,-0.343,0.812,1.492,-0.149,0.009,0.003,2.0
528,-0.343,0.812,1.492,-0.019,0.005,0.003,2.0
529,-0.343,0.812,1.492,0.104,0.002,0.002,2.0
530,-0.343,0.812,1.492,0.217,-0.000,0.001,2.0
531,-0.344,0.813,1.492,0.314,-0.002,0.001,2.0
532,-0.344,0.813,1.492,0.394,-0.001,0.000,2.0
533,-0.344,0.813,1.492,0.454,-0.001,0.000,2.0
534,-0.345,0.813,1.492,0.495,0.001,0.000,2.0
535,-0.345,0.814,1.492,0.517,0.002,0.001,2.0
536,-0.345,0.814,1.492,0.521,0.002,0.001,2.0
537,-0.345,0.814,1.492,0.509,0.002,0.001,2.0
538,-0.346,0.814,1.492,0.484,0.002,0.001,2.0
539,-0.346,0.815,1.492,0.448,0.002,0.001,2.0
540,-0.346,0.815,1.492,0.404,0.001,0.001,2.0
541,-0.346,0.815,1.492,0.355,0.001,0.001,2.0
542,-0.347,0.815,1.492,0.304,0.000,0.001,2.0
543,-0.347,0.816,1.492,0.254,0.000,0.001,2.0
544,-0.347,0.816,1.492,0.206,0.001,0.000,2.0
545,-0.347,0.816,1.492,0.163,0.001,0.000,2.0
546,-0.348,0.816,1.492,0.125,0.001,0.001,2.0
547,-0.348,0.816,1.492,0.095,0.001,0.001,2.0
548,-0.348,0.817,1.492,0.071,0.001,0.001,2.0
549,-0.348,0.817,1.492,0.055,0.001,0.001,2.0
550,-0.349,0.817,1.492,0.047,0.001,0.001,2.0
551,-0.349,0.817,1.492,0.045,0.001,0.001,2.0
552,-0.349,0.817,1.492,0.050,0.001,0.001,2.0
553,-0.349,0.818,1.492,0.059,0.001,0.001,2.0
554,-0.350,0.818,1.492,0.072,0.001,0.001,2.0
555,-0.350,0.818,1.492,0.089,0.001,0.001,2.0
556,-0.350,0.818,1.492,0.107,0.001,0.001,2.0
557,-0.350,0.818,1.492,0.125,0.001,0.001,2.0
558,-0.350,0.819,1.492,0.144,0.001,0.001,2.0
559,-0.351,0.819,1.492,0.162,0.001,0.001,2.0
560,-0.351,0.819,1.492,0.177,0.001,0.001,2.0
561,-0.351,0.819,1.492,0.191,0.001,0.001,2.0
562,-0.351,0.819,1.492,0.202,0.001,0.001,2.0
563,-0.351,0.820,1.492,0.210,0.001,0.001,2.0
564,-0.352,0.820,1.492,0.215,0.001,0.001,2.0
565,-0.352,0.820,1.492,0.218,0.001,0.001,2.0
566,-0.352,0.820,1.492,0.217,0.001,0.001,2.0
567,-0.352,0.820,1.492,0.215,0.001,0.001,2.0
568,-0.352,0.820,1.492,0.211,0.001,0.001,2.0
569,-0.353,0.821,1.492,0.205,0.001,0.001,2.0
570,-0.353,0.821,1.492,0.198,0.001,0.001,2.0
571,-0.353,0.821,1.492,0.191,0.001,0.001,2.0
572,-0.353,0.821,1.492,0.183,0.001,0.001,2.0
573,-0.353,0.821,1.492,0.176,0.001,0.001,2.0
574,-0.353,0.821,1.492,0.168,0.001,0.001,2.0
575,-0.354,0.822,1.492,0.162,0.001,0.001,2.0
576,-0.354,0.822,1.492,0.156,0.001,0.001,2.0
577,-0.354,0.822,1.492,0.152,0.001,0.001,2.0
578,-0.354,0.822,1.492,0.148,0.001,0.001,2.0
579,-0.354,0.822,1.492,0.146,0.001,0.001,2.0
580,-0.354,0.822,1.492,0.145,0.001,0.001,2.0
581,-0.355,0.822,1.492,0.145,0.001,0.001,2.0
582,-0.355,0.823,1.492,0.145,0.001,0.001,2.0
583,-0.355,0.823,1.492,0.147,0.001,0.001,2.0
584,-0.355,0.823,1.492,0.149,0.001,0.001,2.0
585,-0.355,0.823,1.492,0.151,0.001,0.001,2.0
586,-0.355,0.823,1.492,0.153,0.001,0.001,2.0
587,-0.356,0.823,1.492,0.156,0.001,0.001,2.0
588,-0.356,0.823,1.492,0.159,0.001,0.001,2.0
589,-0.356,0.824,1.492,0.161,0.001,0.001,2.0
590,-0.356,0.824,1.492,0.163,0.001,0.001,2.0
591,-0.356,0.824,1.492,0.165,0.001,0.000,2.0
592,-0.356,0.824,1.492,0.167,0.001,0.000,2.0
593,-0.356,0.824,1.492,0.168,0.001,0.000,2.0
594,-0.357,0.824,1.492,0.168,0.001,0.000,2.0
595,-0.357,0.824,1.492,0.168,0.001,0.000,2.0
596,-0.357,0.824,1.492,0.168,0.001,0.000,2.0
597,-0.357,0.825,1.492,0.168,0.001,0.000,2.0
598,-0.357,0.825,1.492,0.167,0.000,0.000,2.0
599,-0.357,0.825,1.492,0.166,0.000,0.000,2.0
600,-0.357,0.825,1.492,0.165,0.000,0.000,2.0
601,-0.358,0.825,1.492,0.163,0.000,0.000,2.0
602,-0.358,0.825,1.492,0.162,0.000,0.000,2.0
603,-0.358,0.825,1.492,0.161,0.000,0.000,2.0
604,-0.358,0.825,1.492,0.160,0.000,0.000,2.0
605,-0.358,0.826,1.492,0.159,0.000,0.000,2.0
606,-0.358,0.826,1.492,0.158,0.000,0.000,2.0
607,-0.358,0.826,1.492,0.158,0.000,0.000,2.0
608,-0.358,0.826,1.492,0.157,0.000,0.000,2.0
609,-0.358,0.826,1.492,0.157,0.000,0.000,2.0
610,-0.359,0.826,1.492,0.157,0.000,0.000,2.0
611,-0.359,0.826,1.492,0.157,0.000,0.000,2.0
612,-0.359,0.826,1.492,0.157,0.000,0.000,2.0
613,-0.359,0.826,1.492,0.158,0.000,0.000,2.0
614,-0.359,0.827,1.492,0.158,0.000,0.000,2.0
615,-0.359,0.827,1.492,0.158,0.000,0.000,2.0
616,-0.359,0.827,1.492,0.159,0.000,0.000,2.0
617,-0.359,0.827,1.492,0.159,0.000,0.000,2.0
618,-0.359,0.827,1.492,0.160,0.000,0.000,2.0
619,-0.360,0.827,1.492,0.160,0.000,0.000,2.0
620,-0.360,0.827,1.492,0.161,0.000,0.000,2.0
621,-0.360,0.827,1.492,0.161,0.000,0.000,2.0
622,-0.360,0.827,1.492,0.161,0.000,0.000,2.0
623,-0.360,0.827,1.492,0.161,0.000,0.000,2.0
624,-0.360,0.827,1.492,0.161,0.000,0.000,2.0
625,-0.360,0.828,1.492,0.161,0.000,0.000,2.0
626,-0.360,0.828,1.492,0.161,0.000,0.000,2.0
627,-0.360,0.828,1.492,0.161,0.000,0.000,2.0
628,-0.361,0.828,1.492,0.160,0.000,0.000,2.0
629,-0.361,0.828,1.492,0.160,0.000,0.000,2.0
630,-0.361,0.828,1.492,0.160,0.000,0.000,2.0
631,-0.361,0.828,1.492,0.160,0.000,0.000,2.0
632,-0.361,0.828,1.492,0.160,0.000,0.000,2.0
633,-0.361,0.828,1.492,0.160,0.000,0.000,2.0
634,-0.361,0.828,1.492,0.160,0.000,0.000,2.0
635,-0.361,0.828,1.492,0.160,0.000,0.000,2.0
636,-0.361,0.829,1.492,0.160,0.000,0.000,2.0
637,-0.361,0.829,1.492,0.160,0.000,0.000,2.0
638,-0.361,0.829,1.492,0.160,0.000,0.000,2.0
639,-0.361,0.829,1.492,0.161,0.000,0.000,2.0
640,-0.362,0.829,1.492,0.161,0.000,0.000,2.0
641,-0.362,0.829,1.492,0.161,0.000,0.000,2.0
642,-0.362,0.829,1.492,0.161,0.000,0.000,2.0
643,-0.362,0.829,1.492,0.162,0.000,0.000,2.0
644,-0.362,0.829,1.492,0.162,0.000,0.000,2.0
645,-0.362,0.829,1.492,0.162,0.000,0.000,2.0
646,-0.362,0.829,1.492,0.162,0.000,0.000,2.0
647,-0.362,0.829,1.492,0.162,0.000,0.000,2.0
648,-0.362,0.829,1.492,0.162,0.000,0.000,2.0
649,-0.362,0.829,1.492,0.164,0.000,0.000,2.0
650,-0.362,0.830,1.492,0.166,0.000,0.000,2.0
651,-0.362,0.830,1.492,0.165,0.000,0.000,2.0
652,-0.363,0.830,1.492,0.162,0.001,0.000,2.0
653,-0.363,0.830,1.492,0.157,0.001,0.001,2.0
654,-0.363,0.830,1.492,0.152,0.001,0.001,2.0
655,-0.363,0.830,1.492,0.148,0.001,0.000,2.0
656,-0.363,0.830,1.492,0.147,0.000,0.000,2.0
657,-0.363,0.830,1.492,0.146,-0.000,0.000,2.0
658,-0.363,0.830,1.492,0.147,-0.001,0.000,2.0
659,-0.363,0.830,1.492,0.150,-0.001,0.000,2.0
660,-0.363,0.830,1.492,0.154,-0.001,0.000,2.0
661,-0.363,0.830,1.492,0.160,-0.001,0.000,2.0
662,-0.363,0.830,1.492,0.166,-0.000,0.000,2.0
663,-0.363,0.830,1.492,0.171,0.001,0.000,2.0
664,-0.363,0.830,1.492,0.178,0.002,0.000,2.0
665,-0.363,0.830,1.492,0.179,0.002,0.000,2.0
666,-0.363,0.831,1.492,0.179,0.001,0.000,2.0
667,-0.364,0.831,1.492,0.179,0.001,0.000,2.0
668,-0.364,0.831,1.492,0.178,-0.000,0.000,2.0
669,-0.364,0.831,1.492,0.176,-0.001,0.000,2.0
670,-0.364,0.831,1.492,0.173,-0.001,0.000,2.0
671,-0.364,0.831,1.492,0.168,-0.001,0.000,2.0
672,-0.364,0.831,1.492,0.165,-0.000,-0.000,2.0
673,-0.364,0.831,1.492,0.160,0.001,0.000,2.0
674,-0.364,0.831,1.492,0.156,0.001,0.000,2.0
675,-0.364,0.831,1.492,0.154,0.001,0.000,2.0
676,-0.364,0.831,1.492,0.153,0.001,0.000,2.0
677,-0.364,0.831,1.492,0.153,0.000,0.000,2.0
678,-0.364,0.831,1.492,0.155,-0.000,0.000,2.0
679,-0.364,0.831,1.492,0.157,-0.000,0.000,2.0
680,-0.364,0.831,1.492,0.158,0.000,0.000,2.0
681,-0.364,0.831,1.492,0.160,0.000,0.000,2.0
682,-0.364,0.831,1.492,0.162,0.000,0.000,2.0
683,-0.364,0.831,1.492,0.164,0.000,0.000,2.0
684,-0.365,0.831,1.492,0.165,0.000,0.000,2.0
685,-0.365,0.832,1.492,0.166,0.000,0.000,2.0
686,-0.365,0.832,1.492,0.166,0.000,0.000,2.0
687,-0.365,0.832,1.492,0.166,0.000,0.000,2.0
688,-0.365,0.832,1.492,0.163,0.000,-0.000,2.0
689,-0.365,0.832,1.492,0.160,0.001,0.000,2.0
690,-0.365,0.832,1.492,0.158,0.000,0.000,2.0
691,-0.365,0.832,1.492,0.156,0.000,0.000,2.0
692,-0.365,0.832,1.492,0.153,-0.000,0.000,2.0
693,-0.365,0.832,1.492,0.155,-0.000,0.000,2.0
694,-0.365,0.832,1.492,0.153,-0.000,0.000,2.0
695,-0.365,0.832,1.492,0.153,0.000,0.000,2.0
696,-0.365,0.832,1.492,0.152,0.000,0.000,2.0
697,-0.365,0.832,1.492,0.153,0.000,0.000,2.0
698,-0.365,0.832,1.492,0.154,0.000,0.000,2.0
699,-0.365,0.832,1.492,0.153,0.000,0.000,2.0
700,-0.365,0.832,1.492,0.152,0.000,0.000,2.0
701,-0.365,0.832,1.492,0.151,0.000,0.000,2.0
702,-0.365,0.832,1.492,0.149,0.000,0.000,2.0
703,-0.365,0.832,1.492,0.148,0.000,0.000,2.0
704,-0.365,0.832,1.492,0.147,0.000,0.000,2.0
705,-0.365,0.832,1.492,0.147,0.000,0.000,2.0
706,-0.366,0.832,1.492,0.147,0.000,0.000,2.0
707,-0.366,0.832,1.492,0.146,0.000,0.000,2.0
708,-0.366,0.832,1.492,0.146,0.000,0.000,2.0
709,-0.366,0.833,1.492,0.146,0.000,0.000,2.0
710,-0.366,0.833,1.492,0.146,0.000,0.000,2.0
711,-0.366,0.833,1.492,0.146,0.000,0.000,2.0
712,-0.366,0.833,1.492,0.146,0.000,0.000,2.0
713,-0.366,0.833,1.492,0.146,0.000,0.000,2.0
714,-0.366,0.833,1.492,0.145,0.000,0.000,2.0
715,-0.366,0.833,1.492,0.145,0.000,0.000,2.0
716,-0.366,0.833,1.492,0.144,0.000,0.000,2.0
717,-0.366,0.833,1.492,0.144,0.000,0.000,2.0
718,-0.366,0.833,1.492,0.143,0.000,0.000,2.0
719,-0.366,0.833,1.492,0.142,0.000,0.000,2.0
720,-0.366,0.833,1.492,0.141,0.000,0.000,2.0
721,-0.366,0.833,1.492,0.140,0.000,0.000,2.0
722,-0.366,0.833,1.492,0.140,0.000,-0.000,2.0
723,-0.366,0.833,1.492,0.139,0.000,-0.000,2.0
724,-0.366,0.833,1.492,0.139,0.000,-0.000,2.0
725,-0.366,0.833,1.492,0.138,0.000,-0.000,2.0
726,-0.366,0.833,1.492,0.138,0.000,0.000,2.0
727,-0.366,0.833,1.492,0.138,0.000,0.000,2.0
728,-0.366,0.833,1.492,0.138,0.000,0.000,2.0
729,-0.366,0.833,1.492,0.139,0.000,0.000,2.0
730,-0.366,0.833,1.492,0.139,0.000,0.000,2.0
731,-0.366,0.833,1.492,0.139,0.000,0.000,2.0
732,-0.366,0.833,1.492,0.140,0.000,0.000,2.0
733,-0.366,0.833,1.492,0.140,0.000,0.000,2.0
734,-0.366,0.833,1.492,0.141,0.000,0.000,2.0
735,-0.367,0.833,1.492,0.141,0.000,0.000,2.0
736,-0.367,0.833,1.492,0.142,0.000,0.000,2.0
737,-0.367,0.833,1.492,0.142,0.000,0.000,2.0
738,-0.367,0.833,1.492,0.143,0.000,0.000,2.0
739,-0.367,0.833,1.492,0.143,0.000,0.000,2.0
740,-0.367,0.833,1.492,0.143,0.000,0.000,2.0
741,-0.367,0.834,1.492,0.144,0.000,0.000,2.0
742,-0.367,0.834,1.492,0.144,0.000,0.000,2.0
743,-0.367,0.834,1.492,0.144,0.000,0.000,2.0
744,-0.367,0.834,1.492,0.144,0.000,0.000,2.0
745,-0.367,0.834,1.492,0.144,0.000,0.000,2.0
746,-0.367,0.834,1.492,0.144,0.000,0.000,2.0
747,-0.367,0.834,1.492,0.144,0.000,0.000,2.0
748,-0.367,0.834,1.492,0.144,0.000,0.000,2.0
749,-0.367,0.834,1.492,0.144,0.000,0.000,2.0
750,-0.367,0.834,1.492,0.144,0.000,0.000,2.0
751,-0.367,0.834,1.492,0.144,0.000,0.000,2.0
752,-0.367,0.834,1.492,0.144,0.000,0.000,2.0
753,-0.367,0.834,1.492,0.144,0.000,0.000,2.0
754,-0.367,0.834,1.492,0.144,0.000,0.000,2.0
755,-0.367,0.834,1.492,0.145,0.000,0.000,2.0
756,-0.367,0.834,1.492,0.145,0.000,0.000,2.0
757,-0.367,0.834,1.492,0.145,0.000,0.000,2.0
758,-0.367,0.834,1.492,0.145,0.000,0.000,2.0
759,-0.367,0.834,1.492,0.145,0.000,0.000,2.0
760,-0.367,0.834,1.492,0.145,0.000,0.000,2.0
761,-0.367,0.834,1.492,0.146,0.000,0.000,2.0
762,-0.367,0.834,1.492,0.146,0.000,0.000,2.0
763,-0.367,0.834,1.492,0.146,0.000,0.000,2.0
764,-0.367,0.834,1.492,0.146,0.000,0.000,2.0
765,-0.367,0.834,1.492,0.147,0.000,0.000,2.0
766,-0.367,0.834,1.492,0.147,0.000,0.000,2.0
767,-0.367,0.834,1.492,0.147,0.000,0.000,2.0
768,-0.367,0.834,1.492,0.147,0.000,0.000,2.0
769,-0.367,0.834,1.492,0.147,0.000,0.000,2.0
770,-0.367,0.834,1.492,0.147,0.000,0.000,2.0
771,-0.367,0.834,1.492,0.148,0.000,0.000,2.0
772,-0.367,0.834,1.492,0.148,0.000,0.000,2.0
773,-0.367,0.834,1.492,0.148,0.000,0.000,2.0
774,-0.367,0.834,1.492,0.148,0.000,0.000,2.0
775,-0.367,0.834,1.492,0.148,0.000,0.000,2.0
776,-0.367,0.834,1.492,0.148,0.000,0.000,2.0
777,-0.367,0.834,1.492,0.148,0.000,0.000,2.0
778,-0.367,0.834,1.492,0.149,0.000,0.000,2.0
779,-0.367,0.834,1.492,0.149,0.000,0.000,2.0
780,-0.368,0.834,1.492,0.149,0.000,0.000,2.0
781,-0.368,0.834,1.492,0.149,0.000,0.000,2.0
782,-0.368,0.834,1.492,0.149,0.000,0.000,2.0
783,-0.368,0.834,1.492,0.149,0.000,0.000,2.0
784,-0.368,0.834,1.492,0.149,0.000,0.000,2.0
785,-0.368,0.834,1.492,0.149,0.000,0.000,2.0
786,-0.368,0.834,1.492,0.150,0.000,0.000,2.0
787,-0.368,0.834,1.492,0.150,0.000,0.000,2.0
788,-0.368,0.834,1.492,0.150,0.000,0.000,2.0
789,-0.368,0.834,1.492,0.150,0.000,0.000,2.0
790,-0.368,0.835,1.492,0.150,0.000,0.000,2.0
791,-0.368,0.835,1.492,0.150,0.000,0.000,2.0
792,-0.368,0.835,1.492,0.150,0.000,0.000,2.0
793,-0.368,0.835,1.492,0.151,0.000,0.000,2.0
794,-0.368,0.835,1.492,0.151,0.000,0.000,2.0
795,-0.368,0.835,1.492,0.151,0.000,0.000,2.0
796,-0.368,0.835,1.492,0.151,0.000,0.000,2.0
797,-0.368,0.835,1.492,0.151,0.000,0.000,2.0
798,-0.368,0.835,1.492,0.151,0.000,0.000,2.0
799,-0.368,0.835,1.492,0.151,0.000,0.000,2.0
800,-0.368,0.835,1.492,0.151,0.000,0.000,2.0
801,-0.368,0.835,1.492,0.152,0.000,0.000,2.0
802,-0.368,0.835,1.492,0.152,0.000,0.000,2.0
803,-0.368,0.835,1.492,0.152,0.000,0.000,2.0
804,-0.368,0.835,1.492,0.152,0.000,0.000,2.0
805,-0.368,0.835,1.492,0.152,0.000,0.000,2.0
806,-0.368,0.835,1.492,0.152,0.000,0.000,2.0
807,-0.368,0.835,1.492,0.152,0.000,0.000,2.0
808,-0.368,0.835,1.492,0.152,0.000,0.000,2.0
809,-0.368,0.835,1.492,0.152,0.000,0.000,2.0
810,-0.368,0.835,1.492,0.153,0.000,0.000,2.0
811,-0.368,0.835,1.492,0.153,0.000,0.000,2.0
812,-0.368,0.835,1.492,0.153,0.000,0.000,2.0
813,-0.368,0.835,1.492,0.153,0.000,0.000,2.0
814,-0.368,0.835,1.492,0.153,0.000,0.000,2.0
815,-0.368,0.835,1.492,0.153,0.000,0.000,2.0
816,-0.368,0.835,1.492,0.153,0.000,0.000,2.0
817,-0.368,0.835,1.492,0.153,0.000,0.000,2.0
818,-0.368,0.835,1.492,0.153,0.000,0.000,2.0
819,-0.368,0.835,1.492,0.153,0.000,0.000,2.0
820,-0.368,0.835,1.492,0.153,0.000,0.000,2.0
821,-0.368,0.835,1.492,0.153,0.000,0.000,2.0
822,-0.368,0.835,1.492,0.153,0.000,0.000,2.0
823,-0.368,0.835,1.492,0.153,0.000,0.000,2.0
824,-0.368,0.835,1.492,0.154,0.000,0.000,2.0
825,-0.368,0.835,1.492,0.154,0.000,0.000,2.0
826,-0.368,0.835,1.492,0.154,0.000,0.000,2.0
827,-0.368,0.835,1.492,0.154,0.000,0.000,2.0
828,-0.368,0.835,1.492,0.154,0.000,0.000,2.0
829,-0.368,0.835,1.492,0.154,0.000,0.000,2.0
830,-0.368,0.835,1.492,0.154,0.000,0.000,2.0
831,-0.368,0.835,1.492,0.154,0.000,0.000,2.0
832,-0.368,0.835,1.492,0.154,0.000,0.000,2.0
833,-0.368,0.835,1.492,0.154,0.000,0.000,2.0
834,-0.368,0.835,1.492,0.154,0.000,0.000,2.0
835,-0.368,0.835,1.492,0.154,0.000,0.000,2.0
836,-0.368,0.835,1.492,0.154,0.000,0.000,2.0
837,-0.368,0.835,1.492,0.154,0.000,0.000,2.0
838,-0.368,0.835,1.492,0.154,0.000,0.000,2.0
839,-0.368,0.835,1.492,0.153,0.000,0.000,2.0
840,-0.368,0.835,1.492,0.153,0.000,0.000,2.0
841,-0.368,0.835,1.492,0.153,0.000,0.000,2.0
842,-0.368,0.835,1.492,0.153,0.000,0.000,2.0
843,-0.368,0.835,1.492,0.153,0.000,0.000,2.0
844,-0.368,0.835,1.492,0.153,0.000,0.000,2.0
845,-0.368,0.835,1.492,0.153,0.000,0.000,2.0
846,-0.368,0.835,1.492,0.153,0.000,0.000,2.0
847,-0.368,0.835,1.492,0.153,0.000,0.000,2.0
848,-0.368,0.835,1.492,0.153,0.000,0.000,2.0
849,-0.368,0.835,1.492,0.153,0.000,0.000,2.0
850,-0.368,0.835,1.492,0.153,0.000,0.000,2.0
851,-0.368,0.835,1.492,0.153,0.000,0.000,2.0
852,-0.368,0.835,1.492,0.152,0.000,0.000,2.0
853,-0.368,0.835,1.492,0.152,0.000,0.000,2.0
854,-0.368,0.835,1.492,0.152,0.000,0.000,2.0
855,-0.368,0.835,1.492,0.152,0.000,0.000,2.0
856,-0.368,0.835,1.492,0.152,0.000,0.000,2.0
857,-0.368,0.835,1.492,0.152,0.000,0.000,2.0
858,-0.368,0.835,1.492,0.152,0.000,0.000,2.0
859,-0.368,0.835,1.492,0.151,0.000,0.000,2.0
860,-0.368,0.835,1.492,0.151,0.000,0.000,2.0
861,-0.369,0.835,1.492,0.151,0.000,0.000,2.0
862,-0.369,0.835,1.492,0.151,0.000,0.000,2.0
863,-0.369,0.835,1.492,0.151,0.000,0.000,2.0
864,-0.369,0.835,1.492,0.151,0.000,0.000,2.0
865,-0.369,0.835,1.492,0.150,0.000,0.000,2.0
866,-0.369,0.835,1.492,0.150,0.000,0.000,2.0
867,-0.369,0.835,1.492,0.150,0.000,0.000,2.0
868,-0.369,0.835,1.492,0.150,0.000,0.000,2.0
869,-0.369,0.835,1.492,0.150,0.000,0.000,2.0
870,-0.369,0.835,1.492,0.149,0.000,0.000,2.0
871,-0.369,0.835,1.492,0.149,0.000,0.000,2.0
872,-0.369,0.835,1.492,0.149,0.000,0.000,2.0
873,-0.369,0.835,1.492,0.149,0.000,0.000,2.0
874,-0.369,0.835,1.492,0.149,0.000,0.000,2.0
875,-0.369,0.835,1.492,0.148,0.000,0.000,2.0
876,-0.369,0.835,1.492,0.148,0.000,0.000,2.0
877,-0.369,0.835,1.492,0.148,0.000,0.000,2.0
878,-0.369,0.835,1.492,0.148,0.000,0.000,2.0
879,-0.369,0.835,1.492,0.147,0.000,0.000,2.0
880,-0.369,0.835,1.492,0.147,0.000,0.000,2.0
881,-0.369,0.835,1.492,0.147,0.000,0.000,2.0
882,-0.369,0.835,1.492,0.147,0.000,0.000,2.0
883,-0.369,0.835,1.492,0.146,0.000,0.000,2.0
884,-0.369,0.835,1.492,0.146,0.000,0.000,2.0
885,-0.369,0.835,1.492,0.146,0.000,0.000,2.0
886,-0.369,0.835,1.492,0.145,0.000,0.000,2.0
887,-0.369,0.835,1.492,0.145,0.000,0.000,2.0
888,-0.369,0.835,1.492,0.145,0.000,0.000,2.0
889,-0.369,0.835,1.492,0.145,0.000,0.000,2.0
890,-0.369,0.835,1.492,0.144,0.000,0.000,2.0
891,-0.369,0.835,1.492,0.144,0.000,0.000,2.0
892,-0.369,0.835,1.492,0.144,0.000,0.000,2.0
893,-0.369,0.835,1.492,0.144,0.000,0.000,2.0
894,-0.369,0.835,1.492,0.143,0.000,0.000,2.0
895,-0.369,0.835,1.492,0.143,0.000,0.000,2.0
896,-0.369,0.835,1.492,0.143,0.000,0.000,2.0
897,-0.369,0.835,1.492,0.142,0.000,0.000,2.0
898,-0.369,0.835,1.492,0.142,0.000,0.000,2.0
899,-0.369,0.835,1.492,0.142,0.000,0.000,2.0
900,-0.369,0.835,1.492,0.141,0.000,0.000,2.0
901,-0.369,0.835,1.492,0.141,0.000,0.000,2.0
902,-0.369,0.835,1.492,0.140,0.000,0.000,2.0
903,-0.369,0.835,1.492,0.140,0.000,0.000,2.0
904,-0.369,0.835,1.492,0.140,0.000,0.000,2.0
905,-0.369,0.835,1.492,0.139,0.000,0.000,2.0
906,-0.369,0.835,1.492,0.139,0.000,0.000,2.0
907,-0.369,0.835,1.492,0.139,0.000,0.000,2.0
908,-0.369,0.835,1.492,0.138,0.000,0.000,2.0
909,-0.369,0.835,1.492,0.138,0.000,0.000,2.0
910,-0.369,0.835,1.492,0.137,0.000,0.000,2.0
911,-0.369,0.835,1.492,0.137,0.000,0.000,2.0
912,-0.369,0.835,1.492,0.137,0.000,0.000,2.0
913,-0.369,0.835,1.492,0.136,0.000,0.000,2.0
914,-0.369,0.835,1.492,0.136,0.000,0.000,2.0
915,-0.369,0.835,1.492,0.136,0.000,0.000,2.0
916,-0.369,0.835,1.492,0.135,0.000,0.000,2.0
917,-0.369,0.835,1.492,0.135,0.000,0.000,2.0
918,-0.369,0.835,1.492,0.134,0.000,0.000,2.0
919,-0.369,0.835,1.492,0.134,0.000,0.000,2.0
920,-0.369,0.836,1.492,0.134,0.000,0.000,2.0
921,-0.369,0.836,1.492,0.133,0.000,0.000,2.0
922,-0.369,0.836,1.492,0.133,0.000,0.000,2.0
923,-0.369,0.836,1.492,0.133,0.000,0.000,2.0
924,-0.369,0.836,1.492,0.132,0.000,0.000,2.0
925,-0.369,0.836,1.492,0.132,0.000,0.000,2.0
926,-0.369,0.836,1.492,0.131,0.000,0.000,2.0
927,-0.369,0.836,1.492,0.131,0.000,0.000,2.0
928,-0.369,0.836,1.492,0.131,0.000,0.000,2.0
929,-0.369,0.836,1.492,0.130,0.000,0.000,2.0
930,-0.369,0.836,1.492,0.130,0.000,0.000,2.0
931,-0.369,0.836,1.492,0.129,0.000,0.000,2.0
932,-0.369,0.836,1.492,0.129,0.000,0.000,2.0
933,-0.369,0.836,1.492,0.128,0.000,0.000,2.0
934,-0.369,0.836,1.492,0.128,0.000,0.000,2.0
935,-0.369,0.836,1.492,0.128,0.000,0.000,2.0
936,-0.369,0.836,1.492,0.127,0.000,0.000,2.0
937,-0.369,0.836,1.492,0.127,0.000,0.000,2.0
938,-0.369,0.836,1.492,0.126,0.000,0.000,2.0
939,-0.369,0.836,1.492,0.126,0.000,0.000,2.0
940,-0.369,0.836,1.492,0.125,0.000,0.000,2.0
941,-0.369,0.836,1.492,0.125,0.000,0.000,2.0
942,-0.369,0.836,1.492,0.125,0.000,0.000,2.0
943,-0.369,0.836,1.492,0.124,0.000,0.000,2.0
944,-0.369,0.836,1.492,0.124,0.000,0.000,2.0
945,-0.369,0.836,1.492,0.123,0.000,0.000,2.0
946,-0.369,0.836,1.492,0.123,0.000,0.000,2.0
947,-0.369,0.836,1.492,0.122,0.000,0.000,2.0
948,-0.369,0.836,1.492,0.122,0.000,0.000,2.0
949,-0.369,0.836,1.492,0.122,0.000,0.000,2.0
950,-0.369,0.836,1.492,0.121,0.000,0.000,2.0
951,-0.369,0.836,1.492,0.121,0.000,0.000,2.0
952,-0.369,0.836,1.492,0.120,0.000,0.000,2.0
953,-0.369,0.836,1.492,0.120,0.000,0.000,2.0
954,-0.369,0.836,1.492,0.119,0.000,0.000,2.0
955,-0.369,0.836,1.492,0.119,0.000,0.000,2.0
956,-0.369,0.836,1.492,0.119,0.000,0.000,2.0
957,-0.369,0.836,1.492,0.118,0.000,0.000,2.0
958,-0.369,0.836,1.492,0.118,0.000,0.000,2.0
959,-0.369,0.836,1.492,0.117,0.000,0.000,2.0
960,-0.369,0.836,1.492,0.117,0.000,0.000,2.0
961,-0.369,0.836,1.492,0.116,0.000,0.000,2.0
962,-0.369,0.836,1.492,0.116,0.000,0.000,2.0
963,-0.369,0.836,1.492,0.115,0.000,0.000,2.0
964,-0.369,0.836,1.492,0.115,0.000,0.000,2.0
965,-0.369,0.836,1.492,0.115,0.000,0.000,2.0
966,-0.369,0.836,1.492,0.114,0.000,0.000,2.0
967,-0.369,0.836,1.492,0.114,0.000,0.000,2.0
968,-0.369,0.836,1.492,0.113,0.000,0.000,2.0
969,-0.369,0.836,1.492,0.113,0.000,0.000,2.0
970,-0.369,0.836,1.492,0.112,0.000,0.000,2.0
971,-0.369,0.836,1.492,0.112,0.000,0.000,2.0
972,-0.369,0.836,1.492,0.111,0.000,0.000,2.0
973,-0.369,0.836,1.492,0.111,0.000,0.000,2.0
974,-0.369,0.836,1.492,0.111,0.000,0.000,2.0
975,-0.369,0.836,1.492,0.110,0.000,0.000,2.0
976,-0.369,0.836,1.492,0.110,0.000,0.000,2.0
977,-0.369,0.836,1.492,0.109,0.000,0.000,2.0
978,-0.369,0.836,1.492,0.109,0.000,0.000,2.0
979,-0.369,0.836,1.492,0.108,0.000,0.000,2.0
980,-0.369,0.836,1.492,0.108,0.000,0.000,2.0
981,-0.369,0.836,1.492,0.108,0.000,0.000,2.0
982,-0.369,0.836,1.492,0.107,0.000,0.000,2.0
983,-0.369,0.836,1.492,0.107,0.000,0.000,2.0
984,-0.369,0.836,1.492,0.106,0.000,0.000,2.0
985,-0.369,0.836,1.492,0.106,0.000,0.000,2.0
986,-0.369,0.836,1.492,0.105,0.000,0.000,2.0
987,-0.369,0.836,1.492,0.105,0.000,0.000,2.0
988,-0.369,0.836,1.492,0.104,0.000,0.000,2.0
989,-0.369,0.836,1.492,0.104,0.000,0.000,2.0
990,-0.369,0.836,1.492,0.104,0.000,0.000,2.0
991,-0.369,0.836,1.492,0.103,0.000,0.000,2.0
992,-0.369,0.836,1.492,0.103,0.000,0.000,2.0
993,-0.369,0.836,1.492,0.102,0.000,0.000,2.0
994,-0.369,0.836,1.492,0.102,0.000,0.000,2.0
995,-0.369,0.836,1.492,0.101,0.000,0.000,2.0
996,-0.369,0.836,1.492,0.101,0.000,0.000,2.0
997,-0.369,0.836,1.492,0.101,0.000,0.000,2.0
998,-0.369,0.836,1.492,0.100,0.000,0.000,2.0
999,-0.369,0.836,1.492,0.100,0.000,0.000,2.0
1000,-0.369,0.836,1.492,0.099,0.000,0.000,2.0
1001,-0.369,0.836,1.492,0.099,0.000,0.000,2.0
1002,-0.369,0.836,1.492,0.098,0.000,0.000,2.0
1003,-0.369,0.836,1.492,0.098,0.000,0.000,2.0
1004,-0.369,0.836,1.492,0.098,0.000,0.000,2.0
1005,-0.369,0.836,1.492,0.097,0.000,0.000,2.0
1006,-0.369,0.836,1.492,0.097,0.000,0.000,2.0
1007,-0.369,0.836,1.492,0.096,0.000,0.000,2.0
1008,-0.369,0.836,1.492,0.096,0.000,0.000,2.0
1009,-0.369,0.836,1.492,0.096,0.000,0.000,2.0
1010,-0.369,0.836,1.492,0.095,0.000,0.000,2.0
1011,-0.369,0.836,1.492,0.095,0.000,0.000,2.0
1012,-0.369,0.836,1.492,0.094,0.000,0.000,2.0
1013,-0.369,0.836,1.492,0.094,0.000,0.000,2.0
1014,-0.369,0.836,1.492,0.094,0.000,0.000,2.0
1015,-0.369,0.836,1.492,0.093,0.000,0.000,2.0
1016,-0.369,0.836,1.492,0.093,0.000,0.000,2.0
1017,-0.369,0.836,1.492,0.092,0.000,0.000,2.0
1018,-0.369,0.836,1.492,0.092,0.000,0.000,2.0
1019,-0.369,0.836,1.492,0.091,0.000,0.000,2.0
1020,-0.369,0.836,1.492,0.091,0.000,0.000,2.0
1021,-0.369,0.836,1.492,0.091,0.000,0.000,2.0
1022,-0.369,0.836,1.492,0.090,0.000,0.000,2.0
1023,-0.369,0.836,1.492,0.090,0.000,0.000,2.0
1024,-0.369,0.836,1.492,0.089,0.000,0.000,2.0
1025,-0.369,0.836,1.492,0.089,0.000,0.000,2.0
1026,-0.369,0.836,1.492,0.089,0.000,0.000,2.0
1027,-0.369,0.836,1.492,0.088,0.000,0.000,2.0
1028,-0.369,0.836,1.492,0.088,0.000,0.000,2.0
1029,-0.369,0.836,1.492,0.088,0.000,0.000,2.0
1030,-0.369,0.836,1.492,0.087,0.000,0.000,2.0
1031,-0.369,0.836,1.492,0.087,0.000,0.000,2.0
1032,-0.369,0.836,1.492,0.086,0.000,0.000,2.0
1033,-0.369,0.836,1.492,0.086,0.000,0.000,2.0
1034,-0.369,0.836,1.492,0.086,0.000,0.000,2.0
1035,-0.369,0.836,1.492,0.085,0.000,0.000,2.0
1036,-0.369,0.836,1.492,0.085,0.000,0.000,2.0
1037,-0.369,0.836,1.492,0.084,0.000,0.000,2.0
1038,-0.369,0.836,1.492,0.084,0.000,0.000,2.0
1039,-0.369,0.836,1.492,0.084,0.000,0.000,2.0
1040,-0.369,0.836,1.492,0.083,0.000,0.000,2.0
1041,-0.369,0.836,1.492,0.083,0.000,0.000,2.0
1042,-0.369,0.836,1.492,0.083,0.000,0.000,2.0
1043,-0.369,0.836,1.492,0.082,0.000,0.000,2.0
1044,-0.369,0.836,1.492,0.082,0.000,0.000,2.0
1045,-0.369,0.836,1.492,0.082,0.000,0.000,2.0
1046,-0.369,0.836,1.492,0.081,0.000,0.000,2.0
1047,-0.369,0.836,1.492,0.081,0.000,0.000,2.0
1048,-0.369,0.836,1.492,0.080,0.000,0.000,2.0
1049,-0.369,0.836,1.492,0.080,0.000,0.000,2.0
1050,-0.369,0.836,1.492,0.080,0.000,0.000,2.0
1051,-0.369,0.836,1.492,0.079,0.000,0.000,2.0
1052,-0.369,0.836,1.492,0.079,0.000,0.000,2.0
1053,-0.369,0.836,1.492,0.079,0.000,0.000,2.0
1054,-0.369,0.836,1.492,0.078,0.000,0.000,2.0
1055,-0.369,0.836,1.492,0.078,0.000,0.000,2.0
1056,-0.369,0.836,1.492,0.078,0.000,0.000,2.0
1057,-0.369,0.836,1.492,0.077,0.000,0.000,2.0
1058,-0.369,0.836,1.492,0.077,0.000,0.000,2.0
1059,-0.369,0.836,1.492,0.077,0.000,0.000,2.0
1060,-0.369,0.836,1.492,0.076,0.000,0.000,2.0
1061,-0.369,0.836,1.492,0.076,0.000,0.000,2.0
1062,-0.369,0.836,1.492,0.076,0.000,0.000,2.0
1063,-0.369,0.836,1.492,0.075,0.000,0.000,2.0
1064,-0.369,0.836,1.492,0.075,0.000,0.000,2.0
1065,-0.369,0.836,1.492,0.075,0.000,0.000,2.0
1066,-0.369,0.836,1.492,0.074,0.000,0.000,2.0
1067,-0.369,0.836,1.492,0.074,0.000,0.000,2.0
1068,-0.369,0.836,1.492,0.074,0.000,0.000,2.0
1069,-0.369,0.836,1.492,0.073,0.000,0.000,2.0
1070,-0.369,0.836,1.492,0.073,0.000,0.000,2.0
1071,-0.369,0.836,1.492,0.073,0.000,0.000,2.0
1072,-0.369,0.836,1.492,0.072,0.000,0.000,2.0
1073,-0.369,0.836,1.492,0.072,0.000,0.000,2.0
1074,-0.369,0.836,1.492,0.072,0.000,0.000,2.0
1075,-0.369,0.836,1.492,0.071,-0.000,0.000,2.0
1076,-0.369,0.836,1.492,0.071,-0.000,0.000,2.0
1077,-0.369,0.836,1.492,0.071,-0.000,0.000,2.0
1078,-0.369,0.836,1.492,0.070,-0.000,0.000,2.0
1079,-0.369,0.836,1.492,0.070,-0.000,0.000,2.0
1080,-0.369,0.836,1.492,0.070,-0.000,0.000,2.0
1081,-0.369,0.836,1.492,0.069,-0.000,0.000,2.0
1082,-0.369,0.836,1.492,0.069,-0.000,0.000,2.0
1083,-0.369,0.836,1.492,0.069,-0.000,0.000,2.0
1084,-0.369,0.836,1.492,0.069,-0.000,0.000,2.0
1085,-0.369,0.836,1.492,0.068,-0.000,0.000,2.0
1086,-0.369,0.836,1.492,0.068,-0.000,0.000,2.0
1087,-0.369,0.836,1.492,0.068,-0.000,0.000,2.0
1088,-0.369,0.836,1.492,0.067,-0.000,0.000,2.0
1089,-0.369,0.836,1.492,0.067,-0.000,0.000,2.0
1090,-0.369,0.836,1.492,0.067,-0.000,0.000,2.0
1091,-0.369,0.836,1.492,0.066,-0.000,0.000,2.0
1092,-0.369,0.836,1.492,0.066,-0.000,0.000,2.0
1093,-0.369,0.836,1.492,0.066,-0.000,0.000,2.0
1094,-0.369,0.836,1.492,0.066,-0.000,0.000,2.0
1095,-0.369,0.836,1.492,0.065,-0.000,0.000,2.0
1096,-0.369,0.836,1.492,0.065,-0.000,0.000,2.0
1097,-0.369,0.836,1.492,0.065,-0.000,0.000,2.0
1098,-0.369,0.836,1.492,0.064,-0.000,0.000,2.0
1099,-0.369,0.836,1.492,0.064,-0.000,0.000,2.0
1100,-0.369,0.836,1.492,0.064,-0.000,0.000,2.0
1101,-0.369,0.836,1.492,0.064,-0.000,0.000,2.0
1102,-0.369,0.836,1.492,0.063,-0.000,0.000,2.0
1103,-0.369,0.836,1.492,0.063,-0.000,0.000,2.0
1104,-0.369,0.836,1.492,0.063,-0.000,0.000,2.0
1105,-0.369,0.836,1.492,0.063,-0.000,0.000,2.0
1106,-0.369,0.836,1.492,0.062,-0.000,0.000,2.0
1107,-0.369,0.836,1.492,0.062,-0.000,0.000,2.0
1108,-0.369,0.836,1.492,0.062,-0.000,0.000,2.0
1109,-0.369,0.836,1.492,0.061,-0.000,0.000,2.0
1110,-0.369,0.836,1.492,0.061,-0.000,0.000,2.0
1111,-0.369,0.836,1.492,0.061,-0.000,0.000,2.0
1112,-0.369,0.836,1.492,0.061,-0.000,0.000,2.0
1113,-0.369,0.836,1.492,0.060,-0.000,0.000,2.0
1114,-0.369,0.836,1.492,0.060,-0.000,0.000,2.0
1115,-0.369,0.836,1.492,0.060,-0.000,0.000,2.0
1116,-0.369,0.836,1.492,0.060,-0.000,0.000,2.0
1117,-0.369,0.836,1.492,0.059,-0.000,0.000,2.0
1118,-0.369,0.836,1.492,0.059,-0.000,0.000,2.0
1119,-0.369,0.836,1.492,0.059,-0.000,0.000,2.0
1120,-0.369,0.836,1.492,0.059,-0.000,0.000,2.0
1121,-0.369,0.836,1.492,0.058,-0.000,0.000,2.0
1122,-0.369,0.836,1.492,0.058,-0.000,0.000,2.0
1123,-0.369,0.836,1.492,0.058,-0.000,0.000,2.0
1124,-0.369,0.836,1.492,0.058,-0.000,0.000,2.0
1125,-0.369,0.836,1.492,0.057,-0.000,0.000,2.0
1126,-0.369,0.836,1.492,0.057,-0.000,0.000,2.0
1127,-0.369,0.836,1.492,0.057,-0.000,0.000,2.0
1128,-0.369,0.836,1.492,0.057,-0.000,0.000,2.0
1129,-0.369,0.836,1.492,0.057,-0.000,0.000,2.0
1130,-0.369,0.836,1.492,0.056,-0.000,0.000,2.0
1131,-0.369,0.836,1.492,0.056,-0.000,0.000,2.0
1132,-0.369,0.836,1.492,0.056,-0.000,0.000,2.0
1133,-0.369,0.836,1.492,0.056,-0.000,0.000,2.0
1134,-0.369,0.836,1.492,0.055,-0.000,0.000,2.0
1135,-0.369,0.836,1.492,0.055,-0.000,0.000,2.0
1136,-0.369,0.836,1.492,0.055,-0.000,0.000,2.0
1137,-0.369,0.836,1.492,0.055,-0.000,0.000,2.0
1138,-0.369,0.836,1.492,0.054,-0.000,0.000,2.0
1139,-0.369,0.836,1.492,0.054,-0.000,0.000,2.0
1140,-0.369,0.836,1.492,0.054,-0.000,0.000,2.0
1141,-0.368,0.836,1.492,0.054,-0.000,0.000,2.0
1142,-0.368,0.836,1.492,0.054,-0.000,0.000,2.0
1143,-0.368,0.836,1.492,0.053,-0.000,0.000,2.0
1144,-0.368,0.836,1.492,0.053,-0.000,0.000,2.0
1145,-0.368,0.836,1.492,0.053,-0.000,0.000,2.0
1146,-0.368,0.836,1.492,0.053,-0.000,0.000,2.0
1147,-0.368,0.836,1.492,0.053,-0.000,0.000,2.0
1148,-0.368,0.836,1.492,0.052,-0.000,0.000,2.0
1149,-0.368,0.836,1.492,0.052,-0.000,0.000,2.0
1150,-0.368,0.836,1.492,0.052,-0.000,0.000,2.0
1151,-0.368,0.836,1.492,0.052,-0.000,0.000,2.0
1152,-0.368,0.836,1.492,0.052,-0.000,0.000,2.0
1153,-0.368,0.836,1.492,0.051,-0.000,0.000,2.0
1154,-0.368,0.836,1.492,0.051,-0.000,0.000,2.0
1155,-0.368,0.836,1.492,0.051,-0.000,0.000,2.0
1156,-0.368,0.836,1.492,0.051,-0.000,0.000,2.0
1157,-0.368,0.836,1.492,0.051,-0.000,0.000,2.0
1158,-0.368,0.836,1.492,0.050,-0.000,0.000,2.0
1159,-0.368,0.836,1.492,0.050,-0.000,0.000,2.0
1160,-0.368,0.836,1.492,0.050,-0.000,0.000,2.0
1161,-0.368,0.836,1.492,0.050,-0.000,0.000,2.0
1162,-0.368,0.836,1.492,0.050,-0.000,0.000,2.0
1163,-0.368,0.836,1.492,0.049,-0.000,0.000,2.0
1164,-0.368,0.836,1.492,0.049,-0.000,0.000,2.0
1165,-0.368,0.836,1.492,0.049,-0.000,0.000,2.0
1166,-0.368,0.836,1.492,0.049,-0.000,0.000,2.0
1167,-0.368,0.836,1.492,0.049,-0.000,0.000,2.0
1168,-0.368,0.836,1.492,0.048,-0.000,0.000,2.0
1169,-0.368,0.836,1.492,0.048,-0.000,0.000,2.0
1170,-0.368,0.836,1.492,0.048,-0.000,0.000,2.0
1171,-0.368,0.836,1.492,0.048,-0.000,0.000,2.0
1172,-0.368,0.836,1.492,0.048,-0.000,0.000,2.0
1173,-0.368,0.836,1.492,0.048,-0.000,0.000,2.0
1174,-0.368,0.836,1.492,0.047,-0.000,0.000,2.0
1175,-0.368,0.836,1.492,0.047,-0.000,0.000,2.0
1176,-0.368,0.836,1.492,0.047,-0.000,0.000,2.0
1177,-0.368,0.836,1.492,0.047,-0.000,0.000,2.0
1178,-0.368,0.836,1.492,0.047,-0.000,0.000,2.0
1179,-0.368,0.836,1.492,0.047,-0.000,0.000,2.0
1180,-0.368,0.836,1.492,0.046,-0.000,0.000,2.0
1181,-0.368,0.836,1.492,0.046,-0.000,0.000,2.0
1182,-0.368,0.836,1.492,0.046,-0.000,0.000,2.0
1183,-0.368,0.836,1.492,0.046,-0.000,0.000,2.0
1184,-0.368,0.836,1.492,0.046,-0.000,0.000,2.0
1185,-0.368,0.836,1.492,0.046,-0.000,0.000,2.0
1186,-0.368,0.836,1.492,0.045,-0.000,0.000,2.0
1187,-0.368,0.836,1.492,0.045,-0.000,0.000,2.0
1188,-0.368,0.836,1.492,0.045,-0.000,0.000,2.0
1189,-0.368,0.836,1.492,0.045,-0.000,0.000,2.0
1190,-0.368,0.836,1.492,0.045,-0.000,0.000,2.0
1191,-0.368,0.836,1.492,0.045,-0.000,0.000,2.0
1192,-0.368,0.836,1.492,0.044,-0.000,0.000,2.0
1193,-0.368,0.836,1.492,0.044,-0.000,0.000,2.0
1194,-0.368,0.836,1.492,0.044,-0.000,0.000,2.0
1195,-0.368,0.836,1.492,0.044,-0.000,0.000,2.0
1196,-0.368,0.836,1.492,0.044,-0.000,0.000,2.0
1197,-0.368,0.836,1.492,0.044,-0.000,0.000,2.0
1198,-0.368,0.836,1.492,0.044,-0.000,0.000,2.0
1199,-0.368,0.837,1.492,0.043,-0.000,0.000,2.0
1200,-0.368,0.837,1.492,0.043,-0.000,0.000,2.0
1201,-0.368,0.837,1.492,0.043,-0.000,0.000,2.0
1202,-0.368,0.837,1.492,0.043,-0.000,0.000,2.0
1203,-0.368,0.837,1.492,0.043,-0.000,0.000,2.0
1204,-0.368,0.837,1.492,0.043,-0.000,0.000,2.0
1205,-0.368,0.837,1.492,0.043,-0.000,0.000,2.0
1206,-0.368,0.837,1.492,0.042,-0.000,0.000,2.0
1207,-0.368,0.837,1.492,0.042,-0.000,0.000,2.0
1208,-0.368,0.837,1.492,0.042,-0.000,0.000,2.0
1209,-0.368,0.837,1.492,0.042,-0.000,0.000,2.0
1210,-0.368,0.837,1.492,0.042,-0.000,0.000,2.0
1211,-0.368,0.837,1.492,0.042,-0.000,0.000,2.0
1212,-0.368,0.837,1.492,0.042,-0.000,0.000,2.0
1213,-0.368,0.837,1.492,0.042,-0.000,0.000,2.0
1214,-0.368,0.837,1.492,0.041,-0.000,0.000,2.0
1215,-0.368,0.837,1.492,0.041,-0.000,0.000,2.0
1216,-0.368,0.837,1.492,0.041,-0.000,0.000,2.0
1217,-0.368,0.837,1.492,0.041,-0.000,0.000,2.0
1218,-0.368,0.837,1.492,0.041,-0.000,0.000,2.0
1219,-0.368,0.837,1.492,0.041,-0.000,0.000,2.0
1220,-0.368,0.837,1.492,0.041,-0.000,0.000,2.0
1221,-0.368,0.837,1.492,0.041,-0.000,0.000,2.0
1222,-0.368,0.837,1.492,0.040,-0.000,0.000,2.0
1223,-0.368,0.837,1.492,0.040,-0.000,0.000,2.0
1224,-0.368,0.837,1.492,0.040,-0.000,0.000,2.0
1225,-0.368,0.837,1.492,0.040,-0.000,0.000,2.0
1226,-0.368,0.837,1.492,0.040,-0.000,0.000,2.0
1227,-0.368,0.837,1.492,0.040,-0.000,0.000,2.0
1228,-0.368,0.837,1.492,0.040,-0.000,0.000,2.0
1229,-0.368,0.837,1.492,0.040,-0.000,0.000,2.0
1230,-0.368,0.837,1.492,0.040,-0.000,0.000,2.0
1231,-0.368,0.837,1.492,0.039,-0.000,0.000,2.0
1232,-0.368,0.837,1.492,0.039,-0.000,0.000,2.0
1233,-0.368,0.837,1.492,0.039,-0.000,0.000,2.0
1234,-0.368,0.837,1.492,0.039,-0.000,0.000,2.0
1235,-0.368,0.837,1.492,0.039,-0.000,0.000,2.0
1236,-0.368,0.837,1.492,0.039,-0.000,0.000,2.0
1237,-0.368,0.837,1.492,0.039,-0.000,0.000,2.0
1238,-0.368,0.837,1.492,0.039,-0.000,0.000,2.0
1239,-0.368,0.837,1.492,0.039,-0.000,0.000,2.0
1240,-0.368,0.837,1.492,0.038,-0.000,0.000,2.0
1241,-0.368,0.837,1.492,0.038,-0.000,0.000,2.0
1242,-0.368,0.837,1.492,0.038,-0.000,0.000,2.0
1243,-0.368,0.837,1.492,0.038,-0.000,0.000,2.0
1244,-0.368,0.837,1.492,0.038,-0.000,0.000,2.0
1245,-0.368,0.837,1.492,0.038,-0.000,0.000,2.0
1246,-0.368,0.837,1.492,0.038,-0.000,0.000,2.0
1247,-0.368,0.837,1.492,0.038,-0.000,0.000,2.0
1248,-0.368,0.837,1.492,0.038,-0.000,0.000,2.0
1249,-0.368,0.837,1.492,0.038,-0.000,0.000,2.0
1250,-0.368,0.837,1.492,0.038,-0.000,0.000,2.0
1251,-0.368,0.837,1.492,0.037,-0.000,0.000,2.0
1252,-0.368,0.837,1.492,0.037,-0.000,0.000,2.0
1253,-0.368,0.837,1.492,0.037,-0.000,0.000,2.0
1254,-0.368,0.837,1.492,0.037,-0.000,0.000,2.0
1255,-0.368,0.837,1.492,0.037,-0.000,0.000,2.0
1256,-0.368,0.837,1.492,0.037,-0.000,0.000,2.0
1257,-0.368,0.837,1.492,0.037,-0.000,0.000,2.0
1258,-0.368,0.837,1.492,0.037,-0.000,0.000,2.0
1259,-0.368,0.837,1.492,0.037,-0.000,0.000,2.0
1260,-0.368,0.837,1.492,0.037,-0.000,0.000,2.0
1261,-0.368,0.837,1.492,0.037,-0.000,0.000,2.0
1262,-0.368,0.837,1.492,0.036,-0.000,0.000,2.0
1263,-0.368,0.837,1.492,0.036,-0.000,0.000,2.0
1264,-0.368,0.837,1.492,0.036,-0.000,0.000,2.0
1265,-0.368,0.837,1.492,0.036,-0.000,0.000,2.0
1266,-0.368,0.837,1.492,0.036,-0.000,0.000,2.0
1267,-0.368,0.837,1.492,0.036,-0.000,0.000,2.0
1268,-0.368,0.837,1.492,0.036,-0.000,0.000,2.0
1269,-0.368,0.837,1.492,0.036,-0.000,0.000,2.0
1270,-0.368,0.837,1.492,0.036,-0.000,0.000,2.0
1271,-0.368,0.837,1.492,0.036,-0.000,0.000,2.0
1272,-0.368,0.837,1.492,0.036,-0.000,0.000,2.0
1273,-0.368,0.837,1.492,0.036,-0.000,0.000,2.0
1274,-0.368,0.837,1.492,0.036,-0.000,0.000,2.0
1275,-0.368,0.837,1.492,0.036,-0.000,0.000,2.0
1276,-0.368,0.837,1.492,0.035,-0.000,0.000,2.0
1277,-0.368,0.837,1.492,0.035,-0.000,0.000,2.0
1278,-0.368,0.837,1.492,0.035,-0.000,0.000,2.0
1279,-0.368,0.837,1.492,0.035,-0.000,0.000,2.0
1280,-0.368,0.837,1.492,0.035,-0.000,0.000,2.0
1281,-0.368,0.837,1.492,0.035,-0.000,0.000,2.0
1282,-0.368,0.837,1.492,0.035,-0.000,0.000,2.0
1283,-0.368,0.837,1.492,0.035,-0.000,0.000,2.0
1284,-0.368,0.837,1.492,0.035,-0.000,0.000,2.0
1285,-0.368,0.837,1.492,0.035,-0.000,0.000,2.0
1286,-0.368,0.837,1.492,0.035,-0.000,0.000,2.0
1287,-0.368,0.837,1.492,0.035,-0.000,0.000,2.0
1288,-0.368,0.837,1.492,0.035,-0.000,0.000,2.0
1289,-0.368,0.837,1.492,0.035,-0.000,0.000,2.0
1290,-0.368,0.837,1.492,0.035,-0.000,0.000,2.0
1291,-0.368,0.837,1.492,0.035,-0.000,0.000,2.0
1292,-0.368,0.837,1.492,0.035,-0.000,0.000,2.0
1293,-0.368,0.837,1.492,0.034,-0.000,0.000,2.0
1294,-0.368,0.837,1.492,0.034,-0.000,0.000,2.0
1295,-0.368,0.837,1.492,0.034,-0.000,0.000,2.0
1296,-0.368,0.837,1.492,0.034,-0.000,0.000,2.0
1297,-0.368,0.837,1.492,0.034,-0.000,0.000,2.0
1298,-0.368,0.837,1.492,0.034,-0.000,0.000,2.0
1299,-0.368,0.837,1.492,0.034,-0.000,0.000,2.0
1300,-0.368,0.837,1.492,0.034,-0.000,0.000,2.0
1301,-0.368,0.837,1.492,0.034,-0.000,0.000,2.0
1302,-0.368,0.837,1.492,0.034,-0.000,0.000,2.0
1303,-0.368,0.837,1.492,0.034,-0.000,0.000,2.0
1304,-0.368,0.837,1.492,0.034,-0.000,0.000,2.0
1305,-0.368,0.837,1.492,0.034,-0.000,0.000,2.0
1306,-0.368,0.837,1.492,0.034,-0.000,0.000,2.0
1307,-0.368,0.837,1.492,0.034,-0.000,0.000,2.0
1308,-0.368,0.837,1.492,0.034,-0.000,0.000,2.0
1309,-0.368,0.837,1.492,0.034,-0.000,0.000,2.0
1310,-0.368,0.837,1.492,0.034,-0.000,0.000,2.0
1311,-0.368,0.837,1.492,0.034,-0.000,0.000,2.0
1312,-0.368,0.837,1.492,0.034,-0.000,0.000,2.0
1313,-0.368,0.837,1.492,0.034,-0.000,0.000,2.0
1314,-0.368,0.837,1.492,0.034,-0.000,0.000,2.0
1315,-0.368,0.837,1.492,0.034,-0.000,0.000,2.0
1316,-0.368,0.837,1.492,0.034,-0.000,0.000,2.0
1317,-0.368,0.837,1.492,0.033,-0.000,0.000,2.0
1318,-0.368,0.837,1.492,0.033,-0.000,0.000,2.0
1319,-0.368,0.837,1.492,0.033,-0.000,0.000,2.0
1320,-0.368,0.837,1.492,0.033,-0.000,0.000,2.0
1321,-0.368,0.837,1.492,0.033,-0.000,0.000,2.0
1322,-0.368,0.837,1.492,0.033,-0.000,0.000,2.0
1323,-0.368,0.837,1.492,0.033,-0.000,0.000,2.0
1324,-0.368,0.837,1.492,0.033,-0.000,0.000,2.0
1325,-0.368,0.837,1.492,0.033,-0.000,0.000,2.0
1326,-0.368,0.837,1.492,0.033,-0.000,0.000,2.0
1327,-0.368,0.837,1.492,0.033,-0.000,0.000,2.0
1328,-0.368,0.837,1.492,0.033,-0.000,0.000,2.0
1329,-0.368,0.837,1.492,0.033,-0.000,0.000,2.0
1330,-0.368,0.837,1.492,0.033,-0.000,0.000,2.0
1331,-0.368,0.837,1.492,0.033,-0.000,0.000,2.0
1332,-0.368,0.837,1.492,0.033,-0.000,0.000,2.0
1333,-0.368,0.837,1.492,0.033,-0.000,0.000,2.0
1334,-0.368,0.837,1.492,0.033,-0.000,0.000,2.0
1335,-0.368,0.837,1.492,0.033,-0.000,0.000,2.0
1336,-0.368,0.837,1.492,0.033,-0.000,0.000,2.0
1337,-0.368,0.837,1.492,0.033,-0.000,0.000,2.0
1338,-0.368,0.837,1.492,0.033,-0.000,0.000,2.0
1339,-0.368,0.837,1.492,0.033,-0.000,0.000,2.0
1340,-0.368,0.837,1.492,0.033,-0.000,0.000,2.0
1341,-0.368,0.837,1.492,0.033,-0.000,0.000,2.0
1342,-0.368,0.837,1.492,0.033,-0.000,0.000,2.0
1343,-0.368,0.837,1.492,0.033,-0.000,0.000,2.0
1344,-0.368,0.837,1.492,0.033,-0.000,0.000,2.0
1345,-0.368,0.837,1.492,0.033,-0.000,0.000,2.0
1346,-0.368,0.837,1.492,0.033,-0.000,0.000,2.0
1347,-0.368,0.837,1.492,0.033,-0.000,0.000,2.0
1348,-0.368,0.837,1.492,0.033,-0.000,0.000,2.0
1349,-0.368,0.837,1.492,0.033,-0.000,0.000,2.0
1350,-0.368,0.837,1.492,0.033,-0.000,0.000,2.0
1351,-0.368,0.837,1.492,0.033,-0.000,0.000,2.0
1352,-0.368,0.837,1.492,0.033,-0.000,0.000,2.0
1353,-0.368,0.837,1.492,0.033,-0.000,0.000,2.0
1354,-0.368,0.837,1.492,0.033,-0.000,0.000,2.0
1355,-0.368,0.837,1.492,0.033,-0.000,0.000,2.0
1356,-0.368,0.837,1.492,0.033,-0.000,0.000,2.0
1357,-0.368,0.837,1.492,0.033,-0.000,0.000,2.0
1358,-0.368,0.837,1.492,0.033,-0.000,0.000,2.0
1359,-0.368,0.837,1.492,0.033,-0.000,0.000,2.0
1360,-0.368,0.837,1.492,0.033,-0.000,0.000,2.0
1361,-0.368,0.837,1.492,0.033,-0.000,0.000,2.0
1362,-0.368,0.837,1.492,0.033,-0.000,0.000,2.0
1363,-0.368,0.837,1.492,0.033,-0.000,0.000,2.0
1364,-0.368,0.837,1.492,0.033,-0.000,0.000,2.0
1365,-0.368,0.837,1.492,0.033,-0.000,0.000,2.0
1366,-0.368,0.837,1.492,0.033,-0.000,0.000,2.0
1367,-0.368,0.837,1.492,0.033,-0.000,0.000,2.0
1368,-0.368,0.837,1.492,0.033,-0.000,0.000,2.0
1369,-0.368,0.837,1.492,0.033,-0.000,0.000,2.0
1370,-0.368,0.837,1.492,0.033,-0.000,0.000,2.0
1371,-0.368,0.837,1.492,0.033,-0.000,0.000,2.0
1372,-0.368,0.837,1.492,0.033,-0.000,0.000,2.0
1373,-0.368,0.837,1.492,0.033,-0.000,0.000,2.0
1374,-0.368,0.837,1.492,0.033,-0.000,0.000,2.0
1375,-0.368,0.837,1.492,0.033,-0.000,0.000,2.0
1376,-0.368,0.837,1.492,0.033,-0.000,0.000,2.0
1377,-0.368,0.837,1.492,0.033,-0.000,0.000,2.0
1378,-0.368,0.837,1.492,0.033,-0.000,0.000,2.0
1379,-0.368,0.837,1.492,0.033,-0.000,0.000,2.0
1380,-0.368,0.837,1.492,0.034,-0.000,0.000,2.0
1381,-0.368,0.837,1.492,0.034,-0.000,0.000,2.0
1382,-0.368,0.837,1.492,0.034,-0.000,0.000,2.0
1383,-0.368,0.837,1.492,0.034,-0.000,0.000,2.0
1384,-0.368,0.837,1.492,0.034,-0.000,0.000,2.0
1385,-0.368,0.837,1.492,0.034,-0.000,0.000,2.0
1386,-0.368,0.837,1.492,0.034,-0.000,0.000,2.0
1387,-0.368,0.837,1.492,0.034,-0.000,0.000,2.0
1388,-0.368,0.837,1.492,0.034,-0.000,0.000,2.0
1389,-0.368,0.837,1.492,0.034,-0.000,0.000,2.0
1390,-0.368,0.837,1.492,0.034,-0.000,0.000,2.0
1391,-0.368,0.837,1.492,0.034,-0.000,0.000,2.0
1392,-0.368,0.837,1.492,0.034,-0.000,0.000,2.0
1393,-0.368,0.837,1.492,0.034,-0.000,0.000,2.0
1394,-0.368,0.837,1.492,0.034,-0.000,0.000,2.0
1395,-0.368,0.837,1.492,0.034,-0.000,0.000,2.0
1396,-0.368,0.837,1.492,0.034,-0.000,0.000,2.0
1397,-0.368,0.837,1.492,0.034,-0.000,0.000,2.0
1398,-0.368,0.837,1.492,0.034,-0.000,0.000,2.0
1399,-0.368,0.837,1.492,0.034,-0.000,0.000,2.0
1400,-0.368,0.837,1.492,0.034,-0.000,0.000,2.0
1401,-0.368,0.837,1.492,0.034,-0.000,0.000,2.0
1402,-0.368,0.837,1.492,0.034,-0.000,0.000,2.0
1403,-0.368,0.837,1.492,0.035,-0.000,0.000,2.0
1404,-0.368,0.837,1.492,0.035,-0.000,0.000,2.0
1405,-0.368,0.837,1.492,0.035,-0.000,0.000,2.0
1406,-0.368,0.837,1.492,0.035,-0.000,0.000,2.0
1407,-0.368,0.837,1.492,0.035,-0.000,0.000,2.0
1408,-0.368,0.837,1.492,0.035,-0.000,0.000,2.0
1409,-0.368,0.837,1.492,0.035,-0.000,0.000,2.0
1410,-0.368,0.837,1.492,0.035,-0.000,0.000,2.0
1411,-0.368,0.837,1.492,0.035,-0.000,0.000,2.0
1412,-0.368,0.837,1.492,0.035,-0.000,0.000,2.0
1413,-0.368,0.837,1.492,0.035,-0.000,0.000,2.0
1414,-0.368,0.837,1.492,0.035,-0.000,0.000,2.0
1415,-0.368,0.837,1.492,0.035,-0.000,0.000,2.0
1416,-0.368,0.837,1.492,0.035,-0.000,0.000,2.0
1417,-0.368,0.837,1.492,0.035,-0.000,0.000,2.0
1418,-0.368,0.837,1.492,0.036,-0.000,0.000,2.0
1419,-0.368,0.837,1.492,0.036,-0.000,0.000,2.0
1420,-0.368,0.837,1.492,0.036,-0.000,0.000,2.0
1421,-0.368,0.837,1.492,0.036,-0.000,0.000,2.0
1422,-0.368,0.837,1.492,0.036,-0.000,0.000,2.0
1423,-0.368,0.837,1.492,0.036,-0.000,0.000,2.0
1424,-0.368,0.837,1.492,0.036,-0.000,0.000,2.0
1425,-0.368,0.837,1.492,0.036,-0.000,0.000,2.0
1426,-0.368,0.837,1.492,0.036,-0.000,0.000,2.0
1427,-0.368,0.837,1.492,0.036,-0.000,0.000,2.0
1428,-0.368,0.837,1.492,0.036,-0.000,0.000,2.0
1429,-0.368,0.837,1.492,0.036,-0.000,0.000,2.0
1430,-0.368,0.837,1.492,0.037,-0.000,0.000,2.0
1431,-0.368,0.837,1.492,0.037,-0.000,0.000,2.0
1432,-0.368,0.837,1.492,0.037,-0.000,0.000,2.0
1433,-0.368,0.837,1.492,0.037,-0.000,0.000,2.0
1434,-0.368,0.837,1.492,0.037,-0.000,0.000,2.0
1435,-0.368,0.837,1.492,0.037,-0.000,0.000,2.0
1436,-0.368,0.837,1.492,0.037,-0.000,0.000,2.0
1437,-0.368,0.837,1.492,0.037,-0.000,0.000,2.0
1438,-0.368,0.837,1.492,0.037,-0.000,0.000,2.0
1439,-0.368,0.837,1.492,0.037,-0.000,0.000,2.0
1440,-0.368,0.837,1.492,0.037,-0.000,0.000,2.0
1441,-0.368,0.837,1.492,0.038,-0.000,0.000,2.0
1442,-0.368,0.837,1.492,0.038,-0.000,0.000,2.0
1443,-0.368,0.837,1.492,0.038,-0.000,0.000,2.0
1444,-0.368,0.837,1.492,0.038,-0.000,0.000,2.0
1445,-0.368,0.837,1.492,0.038,-0.000,0.000,2.0
1446,-0.368,0.837,1.492,0.038,-0.000,0.000,2.0
1447,-0.368,0.837,1.492,0.038,-0.000,0.000,2.0
1448,-0.368,0.837,1.492,0.038,-0.000,0.000,2.0
1449,-0.368,0.837,1.492,0.038,-0.000,0.000,2.0
1450,-0.368,0.837,1.492,0.039,-0.000,0.000,2.0
1451,-0.368,0.837,1.492,0.039,-0.000,0.000,2.0
1452,-0.368,0.837,1.492,0.039,-0.000,0.000,2.0
1453,-0.368,0.837,1.492,0.039,-0.000,0.000,2.0
1454,-0.368,0.837,1.492,0.039,-0.000,0.000,2.0
1455,-0.368,0.837,1.492,0.039,-0.000,0.000,2.0
1456,-0.368,0.837,1.492,0.039,-0.000,0.000,2.0
1457,-0.368,0.837,1.492,0.039,-0.000,0.000,2.0
1458,-0.368,0.837,1.492,0.040,-0.000,0.000,2.0
1459,-0.368,0.837,1.492,0.040,-0.000,0.000,2.0
1460,-0.368,0.837,1.492,0.040,-0.000,0.000,2.0
1461,-0.368,0.837,1.492,0.040,-0.000,0.000,2.0
1462,-0.368,0.837,1.492,0.040,-0.000,0.000,2.0
1463,-0.368,0.837,1.492,0.040,-0.000,0.000,2.0
1464,-0.368,0.837,1.492,0.040,-0.000,0.000,2.0
1465,-0.368,0.837,1.492,0.041,-0.000,0.000,2.0
1466,-0.368,0.837,1.492,0.041,-0.000,0.000,2.0
1467,-0.368,0.837,1.492,0.041,-0.000,0.000,2.0
1468,-0.368,0.837,1.492,0.041,-0.000,0.000,2.0
1469,-0.368,0.837,1.492,0.041,-0.000,0.000,2.0
1470,-0.368,0.837,1.492,0.041,-0.000,0.000,2.0
1471,-0.368,0.837,1.492,0.041,-0.000,0.000,2.0
1472,-0.368,0.837,1.492,0.042,-0.000,0.000,2.0
1473,-0.368,0.837,1.492,0.042,-0.000,0.000,2.0
1474,-0.368,0.837,1.492,0.042,-0.000,0.000,2.0
1475,-0.368,0.837,1.492,0.042,-0.000,0.000,2.0
1476,-0.368,0.837,1.492,0.042,-0.000,0.000,2.0
1477,-0.368,0.837,1.492,0.042,-0.000,0.000,2.0
1478,-0.368,0.837,1.492,0.042,-0.000,0.000,2.0
1479,-0.368,0.837,1.492,0.043,-0.000,0.000,2.0
1480,-0.368,0.837,1.492,0.043,-0.000,0.000,2.0
1481,-0.368,0.837,1.492,0.043,-0.000,0.000,2.0
1482,-0.368,0.837,1.492,0.043,-0.000,0.000,2.0
1483,-0.368,0.837,1.492,0.043,-0.000,0.000,2.0
1484,-0.368,0.837,1.492,0.043,-0.000,0.000,2.0
1485,-0.368,0.837,1.492,0.044,-0.000,0.000,2.0
1486,-0.368,0.837,1.492,0.044,-0.000,0.000,2.0
1487,-0.368,0.837,1.492,0.044,-0.000,0.000,2.0
1488,-0.368,0.837,1.492,0.044,-0.000,0.000,2.0
1489,-0.368,0.837,1.492,0.044,-0.000,0.000,2.0
1490,-0.368,0.837,1.492,0.045,-0.000,0.000,2.0
1491,-0.368,0.837,1.492,0.045,-0.000,0.000,2.0
1492,-0.368,0.837,1.492,0.045,-0.000,0.000,2.0
1493,-0.368,0.837,1.492,0.045,-0.000,0.000,2.0
1494,-0.368,0.837,1.492,0.045,-0.000,0.000,2.0
1495,-0.368,0.837,1.492,0.046,-0.000,0.000,2.0
1496,-0.368,0.837,1.492,0.046,-0.000,0.000,2.0
1497,-0.368,0.837,1.492,0.046,-0.000,0.000,2.0
1498,-0.368,0.837,1.492,0.046,-0.000,0.000,2.0
1499,-0.368,0.837,1.492,0.046,-0.000,0.000,2.0
1500,-0.368,0.837,1.492,0.046,-0.000,0.000,2.0
1501,-0.368,0.837,1.492,0.047,-0.000,0.000,2.0
1502,-0.368,0.837,1.492,0.047,-0.000,0.000,2.0
1503,-0.368,0.837,1.492,0.047,-0.000,0.000,2.0
1504,-0.368,0.837,1.492,0.047,-0.000,0.000,2.0
1505,-0.368,0.837,1.492,0.048,-0.000,0.000,2.0
1506,-0.368,0.837,1.492,0.048,-0.000,0.000,2.0
1507,-0.368,0.837,1.492,0.048,-0.000,0.000,2.0
1508,-0.368,0.837,1.492,0.048,-0.000,0.000,2.0
1509,-0.368,0.837,1.492,0.048,-0.000,0.000,2.0
1510,-0.368,0.837,1.492,0.049,-0.000,0.000,2.0
1511,-0.368,0.837,1.492,0.049,-0.000,0.000,2.0
1512,-0.368,0.837,1.492,0.049,-0.000,0.000,2.0
1513,-0.368,0.837,1.492,0.049,-0.000,0.000,2.0
1514,-0.368,0.837,1.492,0.050,-0.000,0.000,2.0
1515,-0.368,0.837,1.492,0.050,-0.000,0.000,2.0
1516,-0.368,0.837,1.492,0.050,-0.000,0.000,2.0
1517,-0.368,0.837,1.492,0.050,-0.000,0.000,2.0
1518,-0.368,0.837,1.492,0.050,-0.000,0.000,2.0
1519,-0.368,0.837,1.492,0.051,-0.000,0.000,2.0
1520,-0.368,0.837,1.492,0.051,-0.000,0.000,2.0
1521,-0.368,0.837,1.492,0.051,-0.000,0.000,2.0
1522,-0.368,0.837,1.492,0.051,-0.000,0.000,2.0
1523,-0.368,0.837,1.492,0.052,-0.000,0.000,2.0
1524,-0.368,0.837,1.492,0.052,-0.000,0.000,2.0
1525,-0.368,0.837,1.492,0.052,-0.000,0.000,2.0
1526,-0.368,0.837,1.492,0.052,-0.000,0.000,2.0
1527,-0.368,0.837,1.492,0.053,-0.000,0.000,2.0
1528,-0.368,0.837,1.492,0.053,-0.000,0.000,2.0
1529,-0.368,0.837,1.492,0.053,-0.000,0.000,2.0
1530,-0.368,0.837,1.492,0.054,-0.000,0.000,2.0
1531,-0.368,0.837,1.492,0.054,-0.000,0.000,2.0
1532,-0.368,0.837,1.492,0.054,-0.000,0.000,2.0
1533,-0.368,0.837,1.492,0.054,-0.000,0.000,2.0
1534,-0.368,0.837,1.492,0.055,-0.000,0.000,2.0
1535,-0.368,0.837,1.492,0.055,-0.000,0.000,2.0
1536,-0.368,0.837,1.492,0.055,-0.000,0.000,2.0
1537,-0.368,0.837,1.492,0.055,-0.000,0.000,2.0
1538,-0.368,0.837,1.492,0.056,-0.000,0.000,2.0
1539,-0.368,0.837,1.492,0.056,-0.000,0.000,2.0
1540,-0.368,0.837,1.492,0.056,-0.000,0.000,2.0
1541,-0.368,0.837,1.492,0.057,-0.000,0.000,2.0
1542,-0.368,0.837,1.492,0.057,-0.000,0.000,2.0
1543,-0.368,0.837,1.492,0.057,-0.000,0.000,2.0
1544,-0.368,0.837,1.492,0.058,-0.000,0.000,2.0
1545,-0.368,0.837,1.492,0.058,-0.000,0.000,2.0
1546,-0.368,0.837,1.492,0.058,-0.000,0.000,2.0
1547,-0.368,0.837,1.492,0.058,-0.000,0.000,2.0
1548,-0.368,0.837,1.492,0.059,-0.000,0.000,2.0
1549,-0.368,0.837,1.492,0.059,-0.000,0.000,2.0
1550,-0.368,0.837,1.492,0.059,-0.000,0.000,2.0
1551,-0.368,0.837,1.492,0.060,-0.000,0.000,2.0
1552,-0.368,0.837,1.492,0.060,-0.000,0.000,2.0
1553,-0.368,0.837,1.492,0.060,-0.000,0.000,2.0
1554,-0.368,0.837,1.492,0.061,-0.000,0.000,2.0
1555,-0.368,0.837,1.492,0.061,-0.000,0.000,2.0
1556,-0.368,0.837,1.492,0.061,-0.000,0.000,2.0
1557,-0.368,0.837,1.492,0.062,-0.000,0.000,2.0
1558,-0.368,0.837,1.492,0.062,-0.000,0.000,2.0
1559,-0.368,0.837,1.492,0.062,-0.000,0.000,2.0
1560,-0.368,0.837,1.492,0.063,-0.000,0.000,2.0
1561,-0.368,0.837,1.492,0.063,-0.000,0.000,2.0
1562,-0.368,0.837,1.492,0.063,-0.000,0.000,2.0
1563,-0.368,0.837,1.492,0.064,-0.000,0.000,2.0
1564,-0.368,0.837,1.492,0.064,-0.000,0.000,2.0
1565,-0.368,0.837,1.492,0.064,-0.000,0.000,2.0
1566,-0.368,0.837,1.492,0.065,-0.000,0.000,2.0
1567,-0.368,0.837,1.492,0.065,-0.000,0.000,2.0
1568,-0.368,0.837,1.492,0.065,-0.000,0.000,2.0
1569,-0.368,0.837,1.492,0.066,-0.000,0.000,2.0
1570,-0.368,0.837,1.492,0.066,-0.000,0.000,2.0
1571,-0.368,0.837,1.492,0.067,-0.000,0.000,2.0
1572,-0.368,0.837,1.492,0.067,-0.000,0.000,2.0
1573,-0.368,0.837,1.492,0.067,-0.000,0.000,2.0
1574,-0.368,0.837,1.492,0.068,-0.000,0.000,2.0
1575,-0.368,0.837,1.492,0.068,-0.000,0.000,2.0
1576,-0.368,0.837,1.492,0.068,-0.000,0.000,2.0
1577,-0.368,0.837,1.492,0.069,-0.000,0.000,2.0
1578,-0.368,0.837,1.492,0.069,-0.000,0.000,2.0
1579,-0.368,0.837,1.492,0.070,-0.000,0.000,2.0
1580,-0.368,0.837,1.492,0.070,-0.000,0.000,2.0
1581,-0.368,0.837,1.492,0.070,-0.000,0.000,2.0
1582,-0.368,0.837,1.492,0.071,-0.000,0.000,2.0
1583,-0.368,0.837,1.492,0.071,-0.000,0.000,2.0
1584,-0.368,0.837,1.492,0.072,-0.000,0.000,2.0
1585,-0.368,0.837,1.492,0.072,-0.000,0.000,2.0
1586,-0.368,0.837,1.492,0.072,-0.000,0.000,2.0
1587,-0.368,0.837,1.492,0.073,-0.000,0.000,2.0
1588,-0.368,0.837,1.492,0.073,-0.000,0.000,2.0
1589,-0.368,0.837,1.492,0.074,-0.000,0.000,2.0
1590,-0.368,0.837,1.492,0.074,-0.000,0.000,2.0
1591,-0.368,0.837,1.492,0.074,-0.000,0.000,2.0
1592,-0.368,0.837,1.492,0.075,-0.000,0.000,2.0
1593,-0.368,0.837,1.492,0.075,-0.000,0.000,2.0
1594,-0.368,0.837,1.492,0.076,-0.000,0.000,2.0
1595,-0.368,0.837,1.492,0.076,-0.000,0.000,2.0
1596,-0.368,0.837,1.492,0.077,-0.000,0.000,2.0
1597,-0.368,0.837,1.492,0.077,-0.000,0.000,2.0
1598,-0.368,0.837,1.492,0.077,-0.000,0.000,2.0
1599,-0.368,0.837,1.492,0.078,-0.000,0.000,2.0
1600,-0.368,0.837,1.492,0.078,-0.000,0.000,2.0
1601,-0.368,0.837,1.492,0.079,-0.000,0.000,2.0
1602,-0.368,0.837,1.492,0.079,-0.000,0.000,2.0
1603,-0.368,0.837,1.492,0.080,-0.000,0.000,2.0
1604,-0.368,0.837,1.492,0.080,-0.000,0.000,2.0
1605,-0.368,0.837,1.492,0.081,-0.000,0.000,2.0
1606,-0.368,0.837,1.492,0.081,-0.000,0.000,2.0
1607,-0.368,0.837,1.492,0.082,-0.000,0.000,2.0
1608,-0.368,0.837,1.492,0.082,-0.000,0.000,2.0
1609,-0.368,0.837,1.492,0.082,-0.000,0.000,2.0
1610,-0.368,0.837,1.492,0.083,-0.000,0.000,2.0
1611,-0.368,0.837,1.492,0.083,-0.000,0.000,2.0
1612,-0.368,0.837,1.492,0.084,-0.000,0.000,2.0
1613,-0.368,0.837,1.492,0.084,-0.000,0.000,2.0
1614,-0.368,0.837,1.492,0.085,-0.000,0.000,2.0
1615,-0.368,0.837,1.492,0.085,-0.000,0.000,2.0
1616,-0.368,0.837,1.492,0.086,-0.000,0.000,2.0
1617,-0.368,0.837,1.492,0.086,-0.000,0.000,2.0
1618,-0.368,0.837,1.492,0.087,-0.000,0.000,2.0
1619,-0.368,0.837,1.492,0.087,-0.000,0.000,2.0
1620,-0.368,0.837,1.492,0.088,-0.000,0.000,2.0
1621,-0.368,0.837,1.492,0.088,-0.000,0.000,2.0
1622,-0.368,0.836,1.492,0.089,-0.000,0.000,2.0
1623,-0.368,0.836,1.492,0.089,-0.000,0.000,2.0
1624,-0.368,0.836,1.492,0.090,-0.000,0.000,2.0
1625,-0.368,0.836,1.492,0.090,-0.000,0.000,2.0
1626,-0.368,0.836,1.492,0.091,-0.000,0.000,2.0
1627,-0.368,0.836,1.492,0.091,-0.000,0.000,2.0
1628,-0.368,0.836,1.492,0.092,-0.000,0.000,2.0
1629,-0.368,0.836,1.492,0.092,-0.000,0.000,2.0
1630,-0.368,0.836,1.492,0.093,-0.000,0.000,2.0
1631,-0.368,0.836,1.492,0.093,-0.000,0.000,2.0
1632,-0.368,0.836,1.492,0.094,-0.000,0.000,2.0
1633,-0.368,0.836,1.492,0.094,-0.000,0.000,2.0
1634,-0.368,0.836,1.492,0.095,-0.000,0.000,2.0
1635,-0.368,0.836,1.492,0.095,-0.000,0.000,2.0
1636,-0.368,0.836,1.492,0.096,-0.000,0.000,2.0
1637,-0.368,0.836,1.492,0.097,-0.000,0.000,2.0
1638,-0.368,0.836,1.492,0.097,-0.000,0.000,2.0
1639,-0.368,0.836,1.492,0.098,-0.000,0.000,2.0
1640,-0.368,0.836,1.492,0.098,-0.000,0.000,2.0
1641,-0.368,0.836,1.492,0.099,-0.000,0.000,2.0
1642,-0.368,0.836,1.492,0.099,-0.000,0.000,2.0
1643,-0.368,0.836,1.492,0.100,-0.000,0.000,2.0
1644,-0.368,0.836,1.492,0.100,-0.000,0.000,2.0
1645,-0.368,0.836,1.492,0.101,-0.000,0.000,2.0
1646,-0.368,0.836,1.492,0.101,-0.000,0.000,2.0
1647,-0.368,0.836,1.492,0.102,-0.000,0.000,2.0
1648,-0.368,0.836,1.492,0.103,-0.000,0.000,2.0
1649,-0.368,0.836,1.492,0.103,-0.000,0.000,2.0
1650,-0.368,0.836,1.492,0.104,-0.000,0.000,2.0
1651,-0.368,0.836,1.492,0.104,-0.000,0.000,2.0
1652,-0.368,0.836,1.492,0.105,-0.000,0.000,2.0
1653,-0.368,0.836,1.492,0.105,-0.000,0.000,2.0
1654,-0.368,0.836,1.492,0.106,-0.000,0.000,2.0
1655,-0.368,0.836,1.492,0.106,-0.000,0.000,2.0
1656,-0.368,0.836,1.492,0.107,-0.000,0.000,2.0
1657,-0.368,0.836,1.492,0.108,-0.000,0.000,2.0
1658,-0.368,0.836,1.492,0.108,-0.000,0.000,2.0
1659,-0.368,0.836,1.492,0.109,-0.000,0.000,2.0
1660,-0.368,0.836,1.492,0.109,-0.000,0.000,2.0
1661,-0.368,0.836,1.492,0.110,-0.000,0.000,2.0
1662,-0.368,0.836,1.492,0.110,-0.000,0.000,2.0
1663,-0.368,0.836,1.492,0.111,-0.000,0.000,2.0
1664,-0.368,0.836,1.492,0.112,-0.000,0.000,2.0
1665,-0.368,0.836,1.492,0.112,-0.000,0.000,2.0
1666,-0.368,0.836,1.492,0.113,-0.000,0.000,2.0
1667,-0.368,0.836,1.492,0.113,-0.000,0.000,2.0
1668,-0.368,0.836,1.492,0.114,-0.000,0.000,2.0
1669,-0.368,0.836,1.492,0.114,-0.000,0.000,2.0
1670,-0.368,0.836,1.492,0.115,-0.000,0.000,2.0
1671,-0.368,0.836,1.492,0.116,-0.000,0.000,2.0
1672,-0.368,0.836,1.492,0.116,-0.000,0.000,2.0
1673,-0.368,0.836,1.492,0.117,-0.000,0.000,2.0
1674,-0.368,0.836,1.492,0.117,-0.000,0.000,2.0
1675,-0.368,0.836,1.492,0.118,-0.000,0.000,2.0
1676,-0.368,0.836,1.492,0.118,-0.000,0.000,2.0
1677,-0.368,0.836,1.492,0.119,-0.000,0.000,2.0
1678,-0.368,0.836,1.492,0.120,-0.000,0.000,2.0
1679,-0.368,0.836,1.492,0.120,-0.000,0.000,2.0
1680,-0.368,0.836,1.492,0.121,-0.000,-0.000,2.0
1681,-0.368,0.836,1.492,0.121,-0.000,-0.000,2.0
1682,-0.368,0.836,1.492,0.122,-0.000,-0.000,2.0
1683,-0.368,0.836,1.492,0.122,-0.000,-0.000,2.0
1684,-0.368,0.836,1.492,0.123,-0.000,-0.000,2.0
1685,-0.368,0.836,1.492,0.123,-0.000,-0.000,2.0
1686,-0.368,0.836,1.492,0.124,-0.000,-0.000,2.0
1687,-0.368,0.836,1.492,0.125,-0.000,-0.000,2.0
1688,-0.368,0.836,1.492,0.125,-0.000,-0.000,2.0
1689,-0.369,0.836,1.492,0.126,-0.000,-0.000,2.0
1690,-0.369,0.836,1.492,0.126,-0.000,-0.000,2.0
1691,-0.369,0.836,1.492,0.127,-0.000,-0.000,2.0
1692,-0.369,0.836,1.492,0.127,-0.000,-0.000,2.0
1693,-0.369,0.836,1.492,0.128,-0.000,-0.000,2.0
1694,-0.369,0.836,1.492,0.128,-0.000,-0.000,2.0
1695,-0.369,0.836,1.492,0.129,-0.000,-0.000,2.0
1696,-0.369,0.836,1.492,0.129,-0.000,-0.000,2.0
1697,-0.369,0.836,1.492,0.130,0.000,-0.000,2.0
1698,-0.369,0.836,1.492,0.130,0.000,-0.000,2.0
1699,-0.369,0.836,1.492,0.131,0.000,-0.000,2.0
1700,-0.369,0.836,1.492,0.132,0.000,-0.000,2.0
1701,-0.369,0.836,1.492,0.132,0.000,-0.000,2.0
1702,-0.369,0.836,1.492,0.132,0.000,-0.000,2.0
1703,-0.369,0.836,1.492,0.133,0.000,-0.000,2.0
1704,-0.369,0.836,1.492,0.133,0.000,-0.000,2.0
1705,-0.369,0.836,1.492,0.134,0.000,-0.000,2.0
1706,-0.369,0.836,1.492,0.134,0.000,-0.000,2.0
1707,-0.369,0.836,1.492,0.135,0.000,-0.000,2.0
1708,-0.369,0.836,1.492,0.135,0.000,-0.000,2.0
1709,-0.369,0.836,1.492,0.136,0.000,-0.000,2.0
1710,-0.369,0.836,1.492,0.136,0.000,-0.000,2.0
1711,-0.369,0.836,1.492,0.136,0.000,-0.000,2.0
1712,-0.369,0.836,1.492,0.137,0.000,-0.000,2.0
1713,-0.369,0.836,1.492,0.137,0.000,-0.000,2.0
1714,-0.369,0.836,1.492,0.138,0.000,-0.000,2.0
1715,-0.369,0.836,1.492,0.138,0.000,-0.000,2.0
1716,-0.369,0.836,1.492,0.138,0.000,-0.000,2.0
1717,-0.369,0.836,1.492,0.139,0.000,-0.000,2.0
1718,-0.369,0.836,1.492,0.139,0.000,-0.000,2.0
1719,-0.369,0.836,1.492,0.139,0.000,-0.000,2.0
1720,-0.369,0.836,1.492,0.139,0.000,-0.000,2.0
1721,-0.369,0.836,1.492,0.140,0.000,-0.000,2.0
1722,-0.369,0.836,1.492,0.140,0.000,-0.000,2.0
1723,-0.369,0.836,1.492,0.140,0.000,-0.000,2.0
1724,-0.369,0.836,1.492,0.140,0.000,-0.000,2.0
1725,-0.369,0.836,1.492,0.140,0.000,-0.000,2.0
1726,-0.369,0.836,1.492,0.140,0.000,-0.000,2.0
1727,-0.369,0.836,1.492,0.140,0.000,-0.000,2.0
1728,-0.369,0.836,1.492,0.140,0.000,-0.000,2.0
1729,-0.369,0.836,1.492,0.140,0.000,-0.000,2.0
1730,-0.369,0.836,1.492,0.140,0.000,-0.000,2.0
1731,-0.369,0.836,1.492,0.140,0.000,-0.000,2.0
1732,-0.369,0.836,1.492,0.140,0.000,-0.000,2.0
1733,-0.369,0.836,1.492,0.139,0.000,-0.000,2.0
1734,-0.369,0.836,1.492,0.139,0.000,-0.000,2.0
1735,-0.369,0.836,1.492,0.139,0.000,-0.000,2.0
1736,-0.369,0.836,1.492,0.138,0.000,-0.000,2.0
1737,-0.369,0.836,1.492,0.138,0.000,-0.000,2.0
1738,-0.369,0.836,1.492,0.137,0.000,-0.000,2.0
1739,-0.369,0.836,1.492,0.136,0.000,-0.000,2.0
1740,-0.369,0.836,1.492,0.136,0.000,-0.000,2.0
1741,-0.369,0.836,1.492,0.135,0.000,-0.000,2.0
1742,-0.369,0.836,1.492,0.134,0.000,-0.000,2.0
1743,-0.369,0.836,1.492,0.133,0.000,-0.000,2.0
1744,-0.369,0.836,1.492,0.132,0.000,-0.000,2.0
1745,-0.369,0.836,1.492,0.131,0.000,-0.000,2.0
1746,-0.369,0.836,1.492,0.130,0.000,-0.000,2.0
1747,-0.369,0.836,1.492,0.129,0.000,-0.000,2.0
1748,-0.369,0.836,1.492,0.128,0.000,-0.000,2.0
1749,-0.369,0.836,1.492,0.128,0.000,-0.000,2.0
1750,-0.369,0.836,1.492,0.127,0.000,-0.000,2.0
1751,-0.369,0.836,1.492,0.126,0.000,-0.000,2.0
1752,-0.369,0.836,1.492,0.125,0.000,-0.000,2.0
1753,-0.369,0.836,1.492,0.125,0.000,-0.000,2.0
1754,-0.369,0.836,1.492,0.124,0.000,-0.000,2.0
1755,-0.369,0.836,1.492,0.124,0.000,-0.000,2.0
1756,-0.369,0.836,1.492,0.124,0.000,-0.000,2.0
1757,-0.369,0.836,1.492,0.124,0.000,-0.000,2.0
1758,-0.369,0.836,1.492,0.123,0.000,-0.000,2.0
1759,-0.369,0.836,1.492,0.124,0.000,-0.000,2.0
1760,-0.369,0.836,1.492,0.124,0.000,-0.000,2.0
1761,-0.369,0.836,1.492,0.124,0.000,-0.000,2.0
1762,-0.369,0.836,1.492,0.124,0.000,-0.000,2.0
1763,-0.369,0.836,1.492,0.125,0.000,0.000,2.0
1764,-0.369,0.836,1.492,0.125,-0.000,0.000,2.0
1765,-0.369,0.836,1.492,0.125,-0.000,0.000,2.0
1766,-0.369,0.836,1.492,0.126,-0.000,0.000,2.0
1767,-0.369,0.836,1.492,0.126,-0.000,0.000,2.0
1768,-0.369,0.836,1.492,0.127,-0.000,0.000,2.0
1769,-0.369,0.836,1.492,0.127,-0.000,0.000,2.0
1770,-0.369,0.836,1.492,0.128,-0.000,0.000,2.0
1771,-0.369,0.836,1.492,0.128,-0.000,0.000,2.0
1772,-0.369,0.836,1.492,0.128,-0.000,0.000,2.0
1773,-0.369,0.836,1.492,0.129,-0.000,0.000,2.0
1774,-0.369,0.836,1.492,0.129,-0.000,0.000,2.0
1775,-0.369,0.836,1.492,0.130,-0.000,0.000,2.0
1776,-0.369,0.836,1.492,0.130,-0.000,0.000,2.0
1777,-0.369,0.836,1.492,0.130,-0.000,0.000,2.0
1778,-0.369,0.836,1.492,0.131,-0.000,0.000,2.0
1779,-0.369,0.836,1.492,0.131,-0.000,0.000,2.0
1780,-0.369,0.836,1.492,0.132,-0.000,0.000,2.0
1781,-0.369,0.836,1.492,0.132,-0.000,0.000,2.0
1782,-0.369,0.836,1.492,0.132,-0.000,0.000,2.0
1783,-0.369,0.836,1.492,0.133,-0.000,0.000,2.0
1784,-0.369,0.836,1.492,0.133,-0.000,0.000,2.0
1785,-0.369,0.836,1.492,0.133,-0.000,0.000,2.0
1786,-0.369,0.836,1.492,0.134,-0.000,0.000,2.0
1787,-0.369,0.836,1.492,0.134,-0.000,0.000,2.0
1788,-0.369,0.836,1.492,0.135,-0.000,0.000,2.0
1789,-0.369,0.836,1.492,0.135,-0.000,0.000,2.0
1790,-0.369,0.836,1.492,0.136,-0.000,0.000,2.0
1791,-0.369,0.836,1.492,0.136,-0.000,0.000,2.0
1792,-0.369,0.836,1.492,0.136,-0.000,0.000,2.0
1793,-0.369,0.836,1.492,0.137,-0.000,0.000,2.0
1794,-0.369,0.836,1.492,0.137,-0.000,0.000,2.0
1795,-0.369,0.836,1.492,0.138,-0.000,0.000,2.0
1796,-0.369,0.836,1.492,0.138,-0.000,0.000,2.0
1797,-0.369,0.836,1.492,0.139,-0.000,0.000,2.0
1798,-0.369,0.836,1.492,0.139,-0.000,0.000,2.0
1799,-0.369,0.836,1.492,0.140,-0.000,0.000,2.0
1800,-0.369,0.836,1.492,0.140,-0.000,0.000,2.0
1801,-0.369,0.836,1.492,0.140,-0.000,0.000,2.0
1802,-0.369,0.836,1.492,0.141,-0.000,0.000,2.0
1803,-0.369,0.836,1.492,0.141,-0.000,0.000,2.0
1804,-0.369,0.836,1.492,0.142,-0.000,0.000,2.0
1805,-0.369,0.836,1.492,0.142,-0.000,0.000,2.0
1806,-0.369,0.836,1.492,0.143,-0.000,0.000,2.0
1807,-0.369,0.836,1.492,0.143,-0.000,0.000,2.0
1808,-0.369,0.836,1.492,0.143,-0.000,0.000,2.0
1809,-0.369,0.836,1.492,0.144,-0.000,0.000,2.0
1810,-0.369,0.836,1.492,0.144,-0.000,0.000,2.0
1811,-0.369,0.836,1.492,0.145,-0.000,0.000,2.0
1812,-0.369,0.836,1.492,0.145,-0.000,0.000,2.0
1813,-0.369,0.836,1.492,0.145,-0.000,0.000,2.0
1814,-0.369,0.836,1.492,0.146,-0.000,0.000,2.0
1815,-0.369,0.836,1.492,0.146,-0.000,0.000,2.0
1816,-0.369,0.836,1.492,0.147,-0.000,0.000,2.0
1817,-0.369,0.836,1.492,0.147,-0.000,0.000,2.0
1818,-0.369,0.836,1.492,0.147,-0.000,0.000,2.0
1819,-0.369,0.836,1.492,0.148,-0.000,0.000,2.0
1820,-0.369,0.836,1.492,0.148,-0.000,0.000,2.0
1821,-0.369,0.836,1.492,0.149,-0.000,0.000,2.0
1822,-0.369,0.836,1.492,0.149,-0.000,0.000,2.0
1823,-0.369,0.836,1.492,0.149,-0.000,0.000,2.0
1824,-0.369,0.836,1.492,0.150,-0.000,-0.000,2.0
1825,-0.369,0.836,1.492,0.150,-0.000,-0.000,2.0
1826,-0.369,0.836,1.492,0.150,-0.000,-0.000,2.0
1827,-0.369,0.836,1.492,0.151,-0.000,-0.000,2.0
1828,-0.369,0.836,1.492,0.151,-0.000,-0.000,2.0
1829,-0.369,0.836,1.492,0.151,-0.000,-0.000,2.0
1830,-0.369,0.836,1.492,0.152,-0.000,-0.000,2.0
1831,-0.369,0.836,1.492,0.152,-0.000,-0.000,2.0
1832,-0.369,0.836,1.492,0.152,-0.000,-0.000,2.0
1833,-0.369,0.836,1.492,0.153,-0.000,-0.000,2.0
1834,-0.369,0.836,1.492,0.153,-0.000,-0.000,2.0
1835,-0.369,0.836,1.492,0.153,-0.000,-0.000,2.0
1836,-0.369,0.836,1.492,0.154,-0.000,-0.000,2.0
1837,-0.369,0.836,1.492,0.154,-0.000,-0.000,2.0
1838,-0.369,0.836,1.492,0.154,-0.000,-0.000,2.0
1839,-0.369,0.836,1.492,0.155,-0.000,-0.000,2.0
1840,-0.369,0.836,1.492,0.155,-0.000,-0.000,2.0
1841,-0.369,0.836,1.492,0.155,-0.000,-0.000,2.0
1842,-0.369,0.836,1.492,0.156,0.000,-0.000,2.0
1843,-0.369,0.836,1.492,0.156,0.000,-0.000,2.0
1844,-0.369,0.836,1.492,0.156,0.000,-0.000,2.0
1845,-0.369,0.836,1.492,0.157,0.000,-0.000,2.0
1846,-0.369,0.836,1.492,0.157,0.000,-0.000,2.0
1847,-0.369,0.836,1.492,0.157,0.000,-0.000,2.0
1848,-0.369,0.836,1.492,0.158,0.000,-0.000,2.0
1849,-0.369,0.836,1.492,0.158,0.000,-0.000,2.0
1850,-0.369,0.836,1.492,0.158,0.000,-0.000,2.0
1851,-0.369,0.836,1.492,0.158,0.000,-0.000,2.0
1852,-0.369,0.836,1.492,0.159,0.000,-0.000,2.0
1853,-0.369,0.836,1.492,0.159,0.000,-0.000,2.0
1854,-0.369,0.836,1.492,0.159,0.000,-0.000,2.0
1855,-0.369,0.836,1.492,0.159,0.000,-0.000,2.0
1856,-0.369,0.836,1.492,0.160,0.000,-0.000,2.0
1857,-0.369,0.836,1.492,0.160,0.000,-0.000,2.0
1858,-0.369,0.836,1.492,0.160,0.000,-0.000,2.0
1859,-0.369,0.836,1.492,0.160,0.000,-0.000,2.0
1860,-0.369,0.836,1.492,0.161,0.000,-0.000,2.0
1861,-0.369,0.836,1.492,0.161,0.000,-0.000,2.0
1862,-0.369,0.836,1.492,0.161,0.000,-0.000,2.0
1863,-0.369,0.836,1.492,0.161,0.000,-0.000,2.0
1864,-0.369,0.836,1.492,0.162,0.000,-0.000,2.0
1865,-0.369,0.836,1.492,0.162,0.000,-0.000,2.0
1866,-0.369,0.836,1.492,0.162,0.000,-0.000,2.0
1867,-0.369,0.836,1.492,0.162,0.000,-0.000,2.0
1868,-0.369,0.836,1.492,0.162,0.000,-0.000,2.0
1869,-0.369,0.836,1.492,0.163,0.000,-0.000,2.0
1870,-0.369,0.836,1.492,0.163,0.000,-0.000,2.0
1871,-0.369,0.836,1.492,0.163,0.000,-0.000,2.0
1872,-0.369,0.836,1.492,0.163,0.000,-0.000,2.0
1873,-0.369,0.836,1.492,0.163,0.000,-0.000,2.0
1874,-0.369,0.836,1.492,0.163,0.000,-0.000,2.0
1875,-0.369,0.836,1.492,0.164,0.000,-0.000,2.0
1876,-0.369,0.836,1.492,0.164,0.000,-0.000,2.0
1877,-0.369,0.836,1.492,0.164,0.000,-0.000,2.0
1878,-0.369,0.836,1.492,0.164,0.000,-0.000,2.0
1879,-0.369,0.836,1.492,0.164,0.000,-0.000,2.0
1880,-0.369,0.836,1.492,0.164,0.000,-0.000,2.0
1881,-0.369,0.836,1.492,0.164,0.000,-0.000,2.0
1882,-0.369,0.836,1.492,0.165,0.000,-0.000,2.0
1883,-0.369,0.836,1.492,0.165,0.000,-0.000,2.0
1884,-0.369,0.836,1.492,0.165,0.000,-0.000,2.0
1885,-0.369,0.836,1.492,0.165,0.000,-0.000,2.0
1886,-0.369,0.836,1.492,0.165,0.000,-0.000,2.0
1887,-0.369,0.836,1.492,0.165,0.000,-0.000,2.0
1888,-0.369,0.836,1.492,0.165,0.000,-0.000,2.0
1889,-0.369,0.836,1.492,0.165,0.000,-0.000,2.0
1890,-0.369,0.836,1.492,0.165,0.000,-0.000,2.0
1891,-0.369,0.836,1.492,0.165,0.000,-0.000,2.0
1892,-0.369,0.836,1.492,0.165,0.000,-0.000,2.0
1893,-0.369,0.836,1.492,0.165,0.000,-0.000,2.0
1894,-0.369,0.836,1.492,0.165,0.000,-0.000,2.0
1895,-0.369,0.836,1.492,0.165,0.000,-0.000,2.0
1896,-0.369,0.836,1.492,0.165,0.000,-0.000,2.0
1897,-0.369,0.836,1.492,0.165,0.000,-0.000,2.0
1898,-0.369,0.836,1.492,0.165,0.000,-0.000,2.0
1899,-0.369,0.836,1.492,0.165,0.000,-0.000,2.0
1900,-0.369,0.836,1.492,0.165,0.000,-0.000,2.0
1901,-0.369,0.836,1.492,0.165,0.000,-0.000,2.0
1902,-0.369,0.836,1.492,0.165,0.000,-0.000,2.0
1903,-0.369,0.836,1.492,0.165,0.000,-0.000,2.0
1904,-0.369,0.836,1.492,0.165,0.000,-0.000,2.0
1905,-0.369,0.836,1.492,0.165,0.000,-0.000,2.0
1906,-0.369,0.836,1.492,0.165,0.000,-0.000,2.0
1907,-0.369,0.836,1.492,0.165,0.000,-0.000,2.0
1908,-0.369,0.836,1.492,0.165,0.000,-0.000,2.0
1909,-0.369,0.836,1.492,0.165,0.000,-0.000,2.0
1910,-0.369,0.836,1.492,0.165,0.000,-0.000,2.0
1911,-0.369,0.836,1.492,0.165,0.000,-0.000,2.0
1912,-0.369,0.836,1.492,0.165,0.000,-0.000,2.0
1913,-0.369,0.836,1.492,0.165,0.000,-0.000,2.0
1914,-0.369,0.836,1.492,0.165,0.000,-0.000,2.0
1915,-0.369,0.836,1.492,0.165,0.000,-0.000,2.0
1916,-0.369,0.836,1.492,0.164,0.000,-0.000,2.0
1917,-0.369,0.836,1.492,0.164,0.000,-0.000,2.0
1918,-0.369,0.836,1.492,0.164,0.000,-0.000,2.0
1919,-0.369,0.836,1.492,0.164,0.000,-0.000,2.0
1920,-0.369,0.836,1.492,0.164,0.000,-0.000,2.0
1921,-0.369,0.836,1.492,0.164,0.000,-0.000,2.0
1922,-0.369,0.836,1.492,0.164,0.000,-0.000,2.0
1923,-0.369,0.836,1.492,0.164,0.000,-0.000,2.0
1924,-0.369,0.836,1.492,0.163,0.000,-0.000,2.0
1925,-0.369,0.836,1.492,0.163,0.000,-0.000,2.0
1926,-0.369,0.836,1.492,0.163,0.000,-0.000,2.0
1927,-0.369,0.836,1.492,0.163,0.000,-0.000,2.0
1928,-0.369,0.836,1.492,0.163,0.000,-0.000,2.0
1929,-0.369,0.836,1.492,0.163,0.000,-0.000,2.0
1930,-0.369,0.836,1.492,0.162,0.000,-0.000,2.0
1931,-0.369,0.836,1.492,0.162,0.000,-0.000,2.0
1932,-0.369,0.836,1.492,0.162,0.000,-0.000,2.0
1933,-0.369,0.836,1.492,0.162,0.000,-0.000,2.0
1934,-0.369,0.836,1.492,0.162,0.000,-0.000,2.0
1935,-0.369,0.836,1.492,0.161,0.000,-0.000,2.0
1936,-0.369,0.836,1.492,0.161,0.000,-0.000,2.0
1937,-0.369,0.836,1.492,0.161,0.000,-0.000,2.0
1938,-0.369,0.836,1.492,0.161,0.000,-0.000,2.0
1939,-0.369,0.836,1.492,0.160,0.000,-0.000,2.0
1940,-0.369,0.836,1.492,0.160,0.000,-0.000,2.0
1941,-0.369,0.836,1.492,0.160,0.000,-0.000,2.0
1942,-0.369,0.836,1.492,0.160,0.000,-0.000,2.0
1943,-0.369,0.836,1.492,0.159,0.000,-0.000,2.0
1944,-0.369,0.836,1.492,0.159,0.000,-0.000,2.0
1945,-0.369,0.836,1.492,0.159,0.000,-0.000,2.0
1946,-0.369,0.836,1.492,0.159,0.000,-0.000,2.0
1947,-0.369,0.836,1.492,0.158,0.000,-0.000,2.0
1948,-0.369,0.836,1.492,0.158,0.000,-0.000,2.0
1949,-0.369,0.836,1.492,0.158,0.000,-0.000,2.0
1950,-0.369,0.836,1.492,0.157,0.000,-0.000,2.0
1951,-0.369,0.836,1.492,0.157,0.000,-0.000,2.0
1952,-0.369,0.836,1.492,0.157,0.000,-0.000,2.0
1953,-0.369,0.836,1.492,0.157,0.000,-0.000,2.0
1954,-0.369,0.836,1.492,0.156,0.000,-0.000,2.0
1955,-0.369,0.836,1.492,0.156,0.000,-0.000,2.0
1956,-0.369,0.836,1.492,0.156,0.000,-0.000,2.0
1957,-0.369,0.836,1.492,0.155,0.000,-0.000,2.0
1958,-0.369,0.836,1.492,0.155,0.000,-0.000,2.0
1959,-0.369,0.836,1.492,0.155,0.000,-0.000,2.0
1960,-0.369,0.836,1.492,0.154,0.000,-0.000,2.0
1961,-0.369,0.836,1.492,0.154,0.000,-0.000,2.0
1962,-0.369,0.836,1.492,0.154,0.000,-0.000,2.0
1963,-0.369,0.836,1.492,0.153,0.000,-0.000,2.0
1964,-0.369,0.836,1.492,0.153,0.000,-0.000,2.0
1965,-0.369,0.836,1.492,0.153,0.000,-0.000,2.0
1966,-0.369,0.836,1.492,0.152,0.000,-0.000,2.0
1967,-0.369,0.836,1.492,0.152,0.000,-0.000,2.0
1968,-0.369,0.836,1.492,0.152,0.000,-0.000,2.0
1969,-0.369,0.836,1.492,0.151,0.000,-0.000,2.0
1970,-0.369,0.836,1.492,0.151,0.000,-0.000,2.0
1971,-0.369,0.836,1.492,0.150,0.000,-0.000,2.0
1972,-0.369,0.836,1.492,0.150,0.000,-0.000,2.0
1973,-0.369,0.836,1.492,0.150,0.000,-0.000,2.0
1974,-0.369,0.836,1.492,0.149,0.000,-0.000,2.0
1975,-0.369,0.836,1.492,0.149,0.000,-0.000,2.0
1976,-0.369,0.836,1.492,0.149,0.000,-0.000,2.0
1977,-0.369,0.836,1.492,0.148,0.000,-0.000,2.0
1978,-0.369,0.836,1.492,0.148,0.000,-0.000,2.0
1979,-0.369,0.836,1.492,0.148,0.000,-0.000,2.0
1980,-0.369,0.836,1.492,0.147,0.000,-0.000,2.0
1981,-0.369,0.836,1.492,0.147,0.000,-0.000,2.0
1982,-0.369,0.836,1.492,0.146,0.000,-0.000,2.0
1983,-0.369,0.836,1.492,0.146,0.000,-0.000,2.0
1984,-0.369,0.836,1.492,0.146,0.000,-0.000,2.0
1985,-0.369,0.836,1.492,0.145,0.000,-0.000,2.0
1986,-0.369,0.836,1.492,0.145,0.000,-0.000,2.0
1987,-0.369,0.836,1.492,0.144,0.000,-0.000,2.0
1988,-0.369,0.836,1.492,0.144,0.000,-0.000,2.0
1989,-0.369,0.836,1.492,0.144,0.000,-0.000,2.0
1990,-0.369,0.836,1.492,0.143,0.000,-0.000,2.0
1991,-0.369,0.836,1.492,0.143,0.000,-0.000,2.0
1992,-0.369,0.836,1.492,0.142,0.000,-0.000,2.0
1993,-0.369,0.836,1.492,0.142,0.000,-0.000,2.0
1994,-0.369,0.836,1.492,0.142,0.000,-0.000,2.0
1995,-0.369,0.836,1.492,0.141,0.000,-0.000,2.0
1996,-0.369,0.836,1.492,0.141,0.000,-0.000,2.0
1997,-0.369,0.836,1.492,0.140,0.000,-0.000,2.0
1998,-0.369,0.836,1.492,0.140,0.000,-0.000,2.0
1999,-0.369,0.836,1.492,0.139,0.000,-0.000,2.0
2000,-0.369,0.836,1.492,0.139,0.000,-0.000,2.0
2001,-0.369,0.836,1.492,0.139,0.000,-0.000,2.0
2002,-0.369,0.836,1.492,0.138,0.000,-0.000,2.0
2003,-0.369,0.836,1.492,0.138,0.000,-0.000,2.0
2004,-0.369,0.836,1.492,0.137,0.000,-0.000,2.0
2005,-0.369,0.836,1.492,0.137,0.000,-0.000,2.0
2006,-0.369,0.836,1.492,0.137,0.000,-0.000,2.0
2007,-0.369,0.836,1.492,0.136,0.000,-0.000,2.0
2008,-0.369,0.836,1.492,0.136,0.000,-0.000,2.0
2009,-0.369,0.836,1.492,0.135,0.000,-0.000,2.0
2010,-0.369,0.836,1.492,0.135,0.000,-0.000,2.0
2011,-0.369,0.836,1.492,0.134,0.000,-0.000,2.0
2012,-0.369,0.836,1.492,0.134,0.000,-0.000,2.0
2013,-0.369,0.836,1.492,0.134,0.000,-0.000,2.0
2014,-0.369,0.836,1.492,0.133,0.000,-0.000,2.0
2015,-0.369,0.836,1.492,0.133,0.000,-0.000,2.0
2016,-0.369,0.836,1.492,0.132,0.000,-0.000,2.0
2017,-0.369,0.836,1.492,0.132,0.000,-0.000,2.0
2018,-0.369,0.836,1.492,0.132,0.000,-0.000,2.0
2019,-0.369,0.836,1.492,0.131,0.000,-0.000,2.0
2020,-0.369,0.836,1.492,0.131,0.000,-0.000,2.0
2021,-0.369,0.836,1.492,0.130,0.000,-0.000,2.0
2022,-0.369,0.836,1.492,0.130,0.000,-0.000,2.0
2023,-0.369,0.836,1.492,0.129,0.000,-0.000,2.0
2024,-0.369,0.836,1.492,0.129,0.000,-0.000,2.0
2025,-0.369,0.836,1.492,0.129,0.000,-0.000,2.0
2026,-0.369,0.836,1.492,0.128,0.000,-0.000,2.0
2027,-0.369,0.836,1.492,0.128,0.000,-0.000,2.0
2028,-0.369,0.836,1.492,0.127,0.000,-0.000,2.0
2029,-0.369,0.836,1.492,0.127,0.000,-0.000,2.0
2030,-0.369,0.836,1.492,0.127,0.000,-0.000,2.0
2031,-0.369,0.836,1.492,0.126,0.000,-0.000,2.0
2032,-0.369,0.836,1.492,0.126,0.000,-0.000,2.0
2033,-0.369,0.836,1.492,0.125,0.000,-0.000,2.0
2034,-0.369,0.836,1.492,0.125,0.000,-0.000,2.0
2035,-0.369,0.836,1.492,0.124,0.000,-0.000,2.0
2036,-0.369,0.836,1.492,0.124,0.000,-0.000,2.0
2037,-0.369,0.836,1.492,0.124,0.000,-0.000,2.0
2038,-0.369,0.836,1.492,0.123,0.000,-0.000,2.0
2039,-0.369,0.836,1.492,0.123,0.000,-0.000,2.0
2040,-0.369,0.836,1.492,0.122,0.000,-0.000,2.0
2041,-0.369,0.836,1.492,0.122,0.000,-0.000,2.0
2042,-0.369,0.836,1.492,0.122,0.000,-0.000,2.0
2043,-0.369,0.836,1.492,0.121,0.000,-0.000,2.0
2044,-0.369,0.836,1.492,0.121,0.000,-0.000,2.0
2045,-0.369,0.836,1.492,0.120,0.000,-0.000,2.0
2046,-0.369,0.836,1.492,0.120,0.000,-0.000,2.0
2047,-0.369,0.836,1.492,0.120,0.000,-0.000,2.0
2048,-0.369,0.836,1.492,0.119,0.000,-0.000,2.0
2049,-0.369,0.836,1.492,0.119,0.000,-0.000,2.0
2050,-0.369,0.836,1.492,0.118,0.000,-0.000,2.0
2051,-0.369,0.836,1.492,0.118,0.000,-0.000,2.0
2052,-0.369,0.836,1.492,0.118,0.000,-0.000,2.0
2053,-0.369,0.836,1.492,0.117,0.000,-0.000,2.0
2054,-0.369,0.836,1.492,0.117,0.000,-0.000,2.0
2055,-0.369,0.836,1.492,0.116,0.000,-0.000,2.0
2056,-0.369,0.836,1.492,0.116,0.000,-0.000,2.0
2057,-0.369,0.836,1.492,0.116,0.000,-0.000,2.0
2058,-0.369,0.836,1.492,0.115,0.000,-0.000,2.0
2059,-0.369,0.836,1.492,0.115,0.000,-0.000,2.0
2060,-0.369,0.836,1.492,0.114,0.000,-0.000,2.0
2061,-0.369,0.836,1.492,0.114,0.000,-0.000,2.0
2062,-0.369,0.836,1.492,0.114,0.000,-0.000,2.0
2063,-0.369,0.836,1.492,0.113,0.000,-0.000,2.0
2064,-0.369,0.836,1.492,0.113,0.000,-0.000,2.0
2065,-0.369,0.836,1.492,0.113,0.000,-0.000,2.0
2066,-0.369,0.836,1.492,0.112,0.000,-0.000,2.0
2067,-0.369,0.836,1.492,0.112,0.000,-0.000,2.0
2068,-0.369,0.836,1.492,0.111,0.000,-0.000,2.0
2069,-0.369,0.836,1.492,0.111,0.000,-0.000,2.0
2070,-0.369,0.836,1.492,0.111,0.000,-0.000,2.0
2071,-0.369,0.836,1.492,0.110,0.000,-0.000,2.0
2072,-0.369,0.836,1.492,0.110,0.000,-0.000,2.0
2073,-0.369,0.836,1.492,0.110,0.000,-0.000,2.0
2074,-0.369,0.836,1.492,0.109,0.000,-0.000,2.0
2075,-0.369,0.836,1.492,0.109,0.000,-0.000,2.0
2076,-0.369,0.836,1.492,0.109,0.000,-0.000,2.0
2077,-0.369,0.836,1.492,0.108,0.000,-0.000,2.0
2078,-0.369,0.836,1.492,0.108,0.000,-0.000,2.0
2079,-0.369,0.836,1.492,0.108,0.000,-0.000,2.0
2080,-0.369,0.836,1.492,0.107,0.000,-0.000,2.0
2081,-0.369,0.836,1.492,0.107,0.000,-0.000,2.0
2082,-0.369,0.836,1.492,0.107,0.000,-0.000,2.0
2083,-0.369,0.836,1.492,0.106,0.000,-0.000,2.0
2084,-0.369,0.836,1.492,0.106,0.000,-0.000,2.0
2085,-0.369,0.836,1.492,0.106,0.000,-0.000,2.0
2086,-0.369,0.836,1.492,0.105,0.000,-0.000,2.0
2087,-0.369,0.836,1.492,0.105,0.000,0.000,2.0
2088,-0.369,0.836,1.492,0.105,-0.000,0.000,2.0
2089,-0.369,0.836,1.492,0.104,-0.000,0.000,2.0
2090,-0.369,0.836,1.492,0.104,-0.000,0.000,2.0
2091,-0.369,0.836,1.492,0.104,-0.000,0.000,2.0
2092,-0.369,0.836,1.492,0.103,-0.000,0.000,2.0
2093,-0.369,0.836,1.492,0.103,-0.000,0.000,2.0
2094,-0.369,0.836,1.492,0.103,-0.000,0.000,2.0
2095,-0.369,0.836,1.492,0.102,-0.000,0.000,2.0
2096,-0.369,0.836,1.492,0.102,-0.000,0.000,2.0
2097,-0.369,0.836,1.492,0.102,-0.000,0.000,2.0
2098,-0.369,0.836,1.492,0.101,-0.000,0.000,2.0
2099,-0.369,0.836,1.492,0.101,-0.000,0.000,2.0
2100,-0.369,0.836,1.492,0.101,-0.000,0.000,2.0
2101,-0.369,0.836,1.492,0.101,-0.000,0.000,2.0
2102,-0.369,0.836,1.492,0.100,-0.000,0.000,2.0
2103,-0.369,0.836,1.492,0.100,-0.000,0.000,2.0
2104,-0.369,0.836,1.492,0.100,-0.000,0.000,2.0
2105,-0.369,0.836,1.492,0.099,-0.000,0.000,2.0
2106,-0.369,0.836,1.492,0.099,-0.000,0.000,2.0
2107,-0.369,0.836,1.492,0.099,-0.000,0.000,2.0
2108,-0.369,0.836,1.492,0.099,-0.000,0.000,2.0
2109,-0.369,0.836,1.492,0.098,-0.000,0.000,2.0
2110,-0.369,0.836,1.492,0.098,-0.000,0.000,2.0
2111,-0.369,0.836,1.492,0.098,-0.000,0.000,2.0
2112,-0.369,0.836,1.492,0.097,-0.000,0.000,2.0
2113,-0.369,0.836,1.492,0.097,-0.000,0.000,2.0
2114,-0.369,0.836,1.492,0.097,-0.000,0.000,2.0
2115,-0.369,0.836,1.492,0.097,-0.000,0.000,2.0
2116,-0.369,0.836,1.492,0.096,-0.000,0.000,2.0
2117,-0.369,0.836,1.492,0.096,-0.000,0.000,2.0
2118,-0.369,0.836,1.492,0.096,-0.000,0.000,2.0
2119,-0.369,0.836,1.492,0.096,-0.000,0.000,2.0
2120,-0.369,0.836,1.492,0.095,-0.000,0.000,2.0
2121,-0.369,0.836,1.492,0.095,-0.000,0.000,2.0
2122,-0.369,0.836,1.492,0.095,-0.000,0.000,2.0
2123,-0.369,0.836,1.492,0.095,-0.000,0.000,2.0
2124,-0.369,0.836,1.492,0.094,-0.000,0.000,2.0
2125,-0.369,0.836,1.492,0.094,-0.000,0.000,2.0
2126,-0.369,0.836,1.492,0.094,-0.000,0.000,2.0
2127,-0.369,0.836,1.492,0.094,-0.000,0.000,2.0
2128,-0.369,0.836,1.492,0.094,-0.000,0.000,2.0
2129,-0.369,0.836,1.492,0.093,-0.000,0.000,2.0
2130,-0.369,0.836,1.492,0.093,-0.000,0.000,2.0
2131,-0.369,0.836,1.492,0.093,-0.000,0.000,2.0
2132,-0.369,0.836,1.492,0.093,-0.000,0.000,2.0
2133,-0.369,0.836,1.492,0.092,-0.000,0.000,2.0
2134,-0.369,0.836,1.492,0.092,-0.000,0.000,2.0
2135,-0.369,0.836,1.492,0.092,-0.000,0.000,2.0
2136,-0.369,0.836,1.492,0.092,-0.000,0.000,2.0
2137,-0.369,0.836,1.492,0.092,-0.000,0.000,2.0
2138,-0.369,0.836,1.492,0.091,-0.000,0.000,2.0
2139,-0.369,0.836,1.492,0.091,-0.000,0.000,2.0
2140,-0.369,0.836,1.492,0.091,-0.000,0.000,2.0
2141,-0.369,0.836,1.492,0.091,-0.000,0.000,2.0
2142,-0.369,0.836,1.492,0.091,-0.000,0.000,2.0
2143,-0.369,0.836,1.492,0.090,-0.000,0.000,2.0
2144,-0.369,0.836,1.492,0.090,-0.000,0.000,2.0
2145,-0.369,0.836,1.492,0.090,-0.000,0.000,2.0
2146,-0.369,0.836,1.492,0.090,-0.000,0.000,2.0
2147,-0.369,0.836,1.492,0.090,-0.000,0.000,2.0
2148,-0.369,0.836,1.492,0.090,-0.000,0.000,2.0
2149,-0.369,0.836,1.492,0.089,-0.000,0.000,2.0
2150,-0.369,0.836,1.492,0.089,-0.000,0.000,2.0
2151,-0.369,0.836,1.492,0.089,-0.000,0.000,2.0
2152,-0.369,0.836,1.492,0.089,-0.000,0.000,2.0
2153,-0.369,0.836,1.492,0.089,-0.000,0.000,2.0
2154,-0.369,0.836,1.492,0.089,-0.000,0.000,2.0
2155,-0.369,0.836,1.492,0.088,-0.000,0.000,2.0
2156,-0.369,0.836,1.492,0.088,-0.000,0.000,2.0
2157,-0.369,0.836,1.492,0.088,-0.000,0.000,2.0
2158,-0.369,0.836,1.492,0.088,-0.000,0.000,2.0
2159,-0.369,0.836,1.492,0.088,-0.000,0.000,2.0
2160,-0.369,0.836,1.492,0.088,-0.000,0.000,2.0
2161,-0.369,0.836,1.492,0.088,-0.000,0.000,2.0
2162,-0.369,0.836,1.492,0.087,-0.000,0.000,2.0
2163,-0.369,0.836,1.492,0.087,-0.000,0.000,2.0
2164,-0.369,0.836,1.492,0.087,-0.000,0.000,2.0
2165,-0.369,0.836,1.492,0.087,-0.000,0.000,2.0
2166,-0.369,0.836,1.492,0.087,-0.000,0.000,2.0
2167,-0.369,0.836,1.492,0.087,-0.000,0.000,2.0
2168,-0.369,0.836,1.492,0.087,-0.000,0.000,2.0
2169,-0.369,0.836,1.492,0.087,-0.000,0.000,2.0
2170,-0.369,0.836,1.492,0.087,-0.000,0.000,2.0
2171,-0.369,0.836,1.492,0.086,-0.000,0.000,2.0
2172,-0.369,0.836,1.492,0.086,-0.000,0.000,2.0
2173,-0.369,0.836,1.492,0.086,-0.000,0.000,2.0
2174,-0.369,0.836,1.492,0.086,-0.000,0.000,2.0
2175,-0.369,0.836,1.492,0.086,-0.000,0.000,2.0
2176,-0.369,0.836,1.492,0.086,-0.000,0.000,2.0
2177,-0.369,0.836,1.492,0.086,-0.000,0.000,2.0
2178,-0.369,0.836,1.492,0.086,-0.000,0.000,2.0
2179,-0.369,0.836,1.492,0.086,-0.000,0.000,2.0
2180,-0.369,0.836,1.492,0.086,-0.000,0.000,2.0
2181,-0.369,0.836,1.492,0.086,-0.000,0.000,2.0
2182,-0.369,0.836,1.492,0.085,-0.000,0.000,2.0
2183,-0.369,0.836,1.492,0.085,-0.000,0.000,2.0
2184,-0.369,0.836,1.492,0.085,-0.000,0.000,2.0
2185,-0.369,0.836,1.492,0.085,-0.000,0.000,2.0
2186,-0.369,0.836,1.492,0.085,-0.000,0.000,2.0
2187,-0.369,0.836,1.492,0.085,-0.000,0.000,2.0
2188,-0.369,0.836,1.492,0.085,-0.000,0.000,2.0
2189,-0.369,0.836,1.492,0.085,-0.000,0.000,2.0
2190,-0.369,0.836,1.492,0.085,-0.000,0.000,2.0
2191,-0.369,0.836,1.492,0.085,-0.000,0.000,2.0
2192,-0.369,0.836,1.492,0.085,-0.000,0.000,2.0
2193,-0.369,0.836,1.492,0.085,-0.000,0.000,2.0
2194,-0.369,0.836,1.492,0.085,-0.000,0.000,2.0
2195,-0.369,0.836,1.492,0.085,-0.000,0.000,2.0
2196,-0.369,0.836,1.492,0.085,-0.000,0.000,2.0
2197,-0.369,0.836,1.492,0.085,-0.000,0.000,2.0
2198,-0.369,0.836,1.492,0.085,-0.000,0.000,2.0
2199,-0.369,0.836,1.492,0.085,-0.000,0.000,2.0
2200,-0.369,0.836,1.492,0.085,-0.000,0.000,2.0
2201,-0.369,0.836,1.492,0.085,-0.000,0.000,2.0
2202,-0.369,0.836,1.492,0.085,-0.000,0.000,2.0
2203,-0.369,0.836,1.492,0.085,-0.000,0.000,2.0
2204,-0.369,0.836,1.492,0.085,-0.000,0.000,2.0
2205,-0.369,0.836,1.492,0.085,-0.000,0.000,2.0
2206,-0.369,0.836,1.492,0.085,-0.000,0.000,2.0
2207,-0.369,0.836,1.492,0.085,-0.000,0.000,2.0
2208,-0.369,0.836,1.492,0.085,-0.000,0.000,2.0
2209,-0.369,0.836,1.492,0.085,-0.000,0.000,2.0
2210,-0.369,0.836,1.492,0.085,-0.000,0.000,2.0
2211,-0.369,0.836,1.492,0.085,-0.000,0.000,2.0
2212,-0.369,0.836,1.492,0.085,-0.000,0.000,2.0
2213,-0.369,0.836,1.492,0.085,-0.000,0.000,2.0
2214,-0.369,0.836,1.492,0.085,-0.000,0.000,2.0
2215,-0.369,0.836,1.492,0.085,-0.000,0.000,2.0
2216,-0.369,0.836,1.492,0.085,-0.000,0.000,2.0
2217,-0.369,0.836,1.492,0.085,-0.000,0.000,2.0
2218,-0.369,0.836,1.492,0.085,-0.000,0.000,2.0
2219,-0.369,0.836,1.492,0.085,-0.000,0.000,2.0
2220,-0.369,0.836,1.492,0.085,-0.000,0.000,2.0
2221,-0.369,0.836,1.492,0.085,-0.000,0.000,2.0
2222,-0.369,0.836,1.492,0.085,-0.000,0.000,2.0
2223,-0.369,0.836,1.492,0.085,-0.000,0.000,2.0
2224,-0.369,0.836,1.492,0.085,-0.000,0.000,2.0
2225,-0.369,0.836,1.492,0.085,-0.000,0.000,2.0
2226,-0.369,0.836,1.492,0.085,-0.000,0.000,2.0
2227,-0.369,0.836,1.492,0.085,-0.000,0.000,2.0
2228,-0.369,0.836,1.492,0.085,-0.000,0.000,2.0
2229,-0.369,0.836,1.492,0.085,-0.000,0.000,2.0
2230,-0.369,0.836,1.492,0.086,-0.000,0.000,2.0
2231,-0.369,0.836,1.492,0.086,-0.000,0.000,2.0
2232,-0.369,0.836,1.492,0.086,-0.000,0.000,2.0
2233,-0.369,0.836,1.492,0.086,-0.000,0.000,2.0
2234,-0.369,0.836,1.492,0.086,-0.000,0.000,2.0
2235,-0.369,0.836,1.492,0.086,-0.000,0.000,2.0
2236,-0.369,0.836,1.492,0.086,-0.000,0.000,2.0
2237,-0.369,0.836,1.492,0.086,-0.000,0.000,2.0
2238,-0.369,0.836,1.492,0.086,-0.000,0.000,2.0
2239,-0.369,0.836,1.492,0.086,-0.000,0.000,2.0
2240,-0.369,0.836,1.492,0.086,-0.000,0.000,2.0
2241,-0.369,0.836,1.492,0.087,-0.000,0.000,2.0
2242,-0.369,0.836,1.492,0.087,-0.000,0.000,2.0
2243,-0.369,0.836,1.492,0.087,-0.000,0.000,2.0
2244,-0.369,0.836,1.492,0.087,-0.000,0.000,2.0
2245,-0.369,0.836,1.492,0.087,-0.000,0.000,2.0
2246,-0.369,0.836,1.492,0.087,-0.000,0.000,2.0
2247,-0.369,0.836,1.492,0.087,-0.000,0.000,2.0
2248,-0.369,0.836,1.492,0.087,-0.000,0.000,2.0
2249,-0.369,0.836,1.492,0.088,-0.000,0.000,2.0
2250,-0.369,0.836,1.492,0.088,-0.000,0.000,2.0
2251,-0.369,0.836,1.492,0.088,-0.000,0.000,2.0
2252,-0.369,0.836,1.492,0.088,-0.000,0.000,2.0
2253,-0.369,0.836,1.492,0.088,-0.000,0.000,2.0
2254,-0.369,0.836,1.492,0.088,-0.000,0.000,2.0
2255,-0.369,0.836,1.492,0.088,-0.000,0.000,2.0
2256,-0.369,0.836,1.492,0.089,-0.000,0.000,2.0
2257,-0.369,0.836,1.492,0.089,-0.000,0.000,2.0
2258,-0.369,0.836,1.492,0.089,-0.000,0.000,2.0
2259,-0.369,0.836,1.492,0.089,-0.000,0.000,2.0
2260,-0.369,0.836,1.492,0.089,-0.000,0.000,2.0
2261,-0.369,0.836,1.492,0.089,-0.000,0.000,2.0
2262,-0.369,0.836,1.492,0.090,-0.000,0.000,2.0
2263,-0.369,0.836,1.492,0.090,-0.000,0.000,2.0
2264,-0.369,0.836,1.492,0.090,-0.000,0.000,2.0
2265,-0.369,0.836,1.492,0.090,-0.000,0.000,2.0
2266,-0.369,0.836,1.492,0.090,-0.000,0.000,2.0
2267,-0.369,0.836,1.492,0.091,-0.000,0.000,2.0
2268,-0.369,0.836,1.492,0.091,-0.000,0.000,2.0
2269,-0.369,0.836,1.492,0.091,-0.000,0.000,2.0
2270,-0.369,0.836,1.492,0.091,-0.000,0.000,2.0
2271,-0.369,0.836,1.492,0.091,-0.000,0.000,2.0
2272,-0.369,0.836,1.492,0.092,-0.000,0.000,2.0
2273,-0.369,0.836,1.492,0.092,-0.000,0.000,2.0
2274,-0.369,0.836,1.492,0.092,-0.000,0.000,2.0
2275,-0.369,0.836,1.492,0.092,-0.000,0.000,2.0
2276,-0.369,0.836,1.492,0.093,-0.000,0.000,2.0
2277,-0.369,0.836,1.492,0.093,-0.000,0.000,2.0
2278,-0.369,0.836,1.492,0.093,-0.000,0.000,2.0
2279,-0.369,0.836,1.492,0.093,-0.000,0.000,2.0
2280,-0.369,0.836,1.492,0.093,-0.000,0.000,2.0
2281,-0.369,0.836,1.492,0.094,-0.000,0.000,2.0
2282,-0.369,0.836,1.492,0.094,-0.000,0.000,2.0
2283,-0.369,0.836,1.492,0.094,-0.000,0.000,2.0
2284,-0.369,0.836,1.492,0.094,-0.000,0.000,2.0
2285,-0.369,0.836,1.492,0.095,-0.000,0.000,2.0
2286,-0.369,0.836,1.492,0.095,-0.000,0.000,2.0
2287,-0.369,0.836,1.492,0.095,-0.000,0.000,2.0
2288,-0.369,0.836,1.492,0.096,-0.000,0.000,2.0
2289,-0.369,0.836,1.492,0.096,-0.000,0.000,2.0
2290,-0.369,0.836,1.492,0.096,-0.000,0.000,2.0
2291,-0.369,0.836,1.492,0.096,-0.000,0.000,2.0
2292,-0.369,0.836,1.492,0.097,-0.000,0.000,2.0
2293,-0.369,0.836,1.492,0.097,-0.000,0.000,2.0
2294,-0.369,0.836,1.492,0.097,-0.000,0.000,2.0
2295,-0.369,0.836,1.492,0.098,-0.000,0.000,2.0
2296,-0.369,0.836,1.492,0.098,-0.000,0.000,2.0
2297,-0.369,0.836,1.492,0.098,-0.000,0.000,2.0
2298,-0.369,0.836,1.492,0.098,-0.000,0.000,2.0
2299,-0.369,0.836,1.492,0.099,-0.000,0.000,2.0
2300,-0.369,0.836,1.492,0.099,-0.000,0.000,2.0
2301,-0.369,0.836,1.492,0.099,-0.000,0.000,2.0
2302,-0.369,0.836,1.492,0.100,-0.000,0.000,2.0
2303,-0.369,0.836,1.492,0.100,-0.000,0.000,2.0
2304,-0.369,0.836,1.492,0.100,-0.000,0.000,2.0
2305,-0.369,0.836,1.492,0.101,-0.000,0.000,2.0
2306,-0.369,0.836,1.492,0.101,-0.000,0.000,2.0
2307,-0.369,0.836,1.492,0.101,-0.000,0.000,2.0
2308,-0.369,0.836,1.492,0.102,-0.000,0.000,2.0
2309,-0.369,0.836,1.492,0.102,-0.000,0.000,2.0
2310,-0.369,0.836,1.492,0.102,-0.000,0.000,2.0
2311,-0.369,0.836,1.492,0.103,-0.000,0.000,2.0
2312,-0.369,0.836,1.492,0.103,-0.000,0.000,2.0
2313,-0.369,0.836,1.492,0.103,-0.000,0.000,2.0
2314,-0.369,0.836,1.492,0.104,-0.000,0.000,2.0
2315,-0.369,0.836,1.492,0.104,-0.000,0.000,2.0
2316,-0.369,0.836,1.492,0.105,-0.000,0.000,2.0
2317,-0.369,0.836,1.492,0.105,-0.000,0.000,2.0
2318,-0.369,0.836,1.492,0.105,-0.000,0.000,2.0
2319,-0.369,0.836,1.492,0.106,-0.000,0.000,2.0
2320,-0.369,0.836,1.492,0.106,-0.000,0.000,2.0
2321,-0.369,0.836,1.492,0.106,-0.000,0.000,2.0
2322,-0.369,0.836,1.492,0.107,-0.000,0.000,2.0
2323,-0.369,0.836,1.492,0.107,-0.000,0.000,2.0
2324,-0.369,0.836,1.492,0.108,-0.000,0.000,2.0
2325,-0.369,0.836,1.492,0.108,-0.000,0.000,2.0
2326,-0.369,0.836,1.492,0.108,-0.000,0.000,2.0
2327,-0.369,0.836,1.492,0.109,-0.000,0.000,2.0
2328,-0.369,0.836,1.492,0.109,-0.000,0.000,2.0
2329,-0.369,0.836,1.492,0.110,-0.000,0.000,2.0
2330,-0.369,0.836,1.492,0.110,-0.000,0.000,2.0
2331,-0.369,0.836,1.492,0.111,-0.000,0.000,2.0
2332,-0.369,0.836,1.492,0.111,-0.000,0.000,2.0
2333,-0.369,0.836,1.492,0.111,-0.000,0.000,2.0
2334,-0.369,0.836,1.492,0.112,-0.000,0.000,2.0
2335,-0.369,0.836,1.492,0.112,-0.000,0.000,2.0
2336,-0.369,0.836,1.492,0.113,-0.000,0.000,2.0
2337,-0.369,0.836,1.492,0.113,-0.000,0.000,2.0
2338,-0.369,0.836,1.492,0.114,-0.000,0.000,2.0
2339,-0.369,0.836,1.492,0.114,-0.000,0.000,2.0
2340,-0.369,0.836,1.492,0.114,-0.000,0.000,2.0
2341,-0.369,0.836,1.492,0.115,-0.000,0.000,2.0
2342,-0.369,0.836,1.492,0.115,-0.000,0.000,2.0
2343,-0.369,0.836,1.492,0.116,-0.000,0.000,2.0
2344,-0.369,0.836,1.492,0.116,-0.000,0.000,2.0
2345,-0.369,0.836,1.492,0.117,-0.000,0.000,2.0
2346,-0.369,0.836,1.492,0.117,-0.000,0.000,2.0
2347,-0.369,0.836,1.492,0.118,-0.000,0.000,2.0
2348,-0.369,0.836,1.492,0.118,-0.000,0.000,2.0
2349,-0.369,0.836,1.492,0.119,-0.000,0.000,2.0
2350,-0.369,0.836,1.492,0.119,-0.000,0.000,2.0
2351,-0.369,0.836,1.492,0.120,-0.000,0.000,2.0
2352,-0.369,0.836,1.492,0.120,-0.000,0.000,2.0
2353,-0.369,0.836,1.492,0.121,-0.000,0.000,2.0
2354,-0.369,0.836,1.492,0.121,-0.000,0.000,2.0
2355,-0.369,0.836,1.492,0.122,-0.000,0.000,2.0
2356,-0.369,0.836,1.492,0.122,-0.000,0.000,2.0
2357,-0.369,0.836,1.492,0.123,-0.000,0.000,2.0
2358,-0.369,0.836,1.492,0.123,-0.000,0.000,2.0
2359,-0.369,0.836,1.492,0.124,-0.000,0.000,2.0
2360,-0.369,0.836,1.492,0.124,-0.000,0.000,2.0
2361,-0.369,0.836,1.492,0.125,-0.000,0.000,2.0
2362,-0.369,0.836,1.492,0.125,-0.000,0.000,2.0
2363,-0.369,0.836,1.492,0.126,-0.000,0.000,2.0
2364,-0.369,0.836,1.492,0.126,-0.000,0.000,2.0
2365,-0.369,0.836,1.492,0.127,-0.000,0.000,2.0
2366,-0.369,0.836,1.492,0.127,-0.000,0.000,2.0
2367,-0.369,0.836,1.492,0.128,-0.000,0.000,2.0
2368,-0.369,0.836,1.492,0.128,-0.000,0.000,2.0
2369,-0.369,0.836,1.492,0.129,-0.000,0.000,2.0
2370,-0.369,0.836,1.492,0.129,-0.000,0.000,2.0
2371,-0.369,0.836,1.492,0.130,-0.000,0.000,2.0
2372,-0.369,0.836,1.492,0.130,-0.000,0.000,2.0
2373,-0.369,0.836,1.492,0.131,-0.000,0.000,2.0
2374,-0.369,0.836,1.492,0.131,-0.000,0.000,2.0
2375,-0.369,0.836,1.492,0.132,-0.000,0.000,2.0
2376,-0.369,0.836,1.492,0.132,-0.000,0.000,2.0
2377,-0.369,0.836,1.492,0.133,-0.000,0.000,2.0
2378,-0.369,0.836,1.492,0.134,-0.000,0.000,2.0
2379,-0.369,0.836,1.492,0.134,-0.000,0.000,2.0
2380,-0.369,0.836,1.492,0.135,-0.000,0.000,2.0
2381,-0.369,0.836,1.492,0.135,-0.000,0.000,2.0
2382,-0.369,0.836,1.492,0.136,-0.000,0.000,2.0
2383,-0.369,0.836,1.492,0.136,-0.000,0.000,2.0
2384,-0.369,0.836,1.492,0.137,-0.000,0.000,2.0
2385,-0.369,0.836,1.492,0.137,-0.000,0.000,2.0
2386,-0.369,0.836,1.492,0.138,-0.000,0.000,2.0
2387,-0.369,0.836,1.492,0.139,-0.000,0.000,2.0
2388,-0.369,0.836,1.492,0.139,-0.000,0.000,2.0
2389,-0.369,0.836,1.492,0.140,-0.000,0.000,2.0
2390,-0.369,0.836,1.492,0.140,-0.000,0.000,2.0
2391,-0.369,0.836,1.492,0.141,-0.000,0.000,2.0
2392,-0.369,0.836,1.492,0.141,-0.000,0.000,2.0
2393,-0.369,0.836,1.492,0.142,-0.000,0.000,2.0
2394,-0.369,0.836,1.492,0.143,-0.000,0.000,2.0
2395,-0.369,0.836,1.492,0.143,-0.000,0.000,2.0
2396,-0.369,0.836,1.492,0.144,-0.000,0.000,2.0
2397,-0.369,0.836,1.492,0.144,-0.000,0.000,2.0
2398,-0.369,0.836,1.492,0.145,-0.000,0.000,2.0
2399,-0.369,0.836,1.492,0.145,-0.000,0.000,2.0
2400,-0.369,0.836,1.492,0.146,-0.000,0.000,2.0
2401,-0.369,0.836,1.492,0.146,-0.000,0.000,2.0
2402,-0.369,0.836,1.492,0.147,-0.000,0.000,2.0
2403,-0.369,0.836,1.492,0.148,-0.000,0.000,2.0
2404,-0.369,0.836,1.492,0.148,-0.000,0.000,2.0
2405,-0.369,0.836,1.492,0.149,-0.000,0.000,2.0
2406,-0.369,0.836,1.492,0.149,-0.000,0.000,2.0
2407,-0.369,0.836,1.492,0.150,-0.000,0.000,2.0
2408,-0.369,0.836,1.492,0.150,-0.000,0.000,2.0
2409,-0.369,0.836,1.492,0.151,-0.000,0.000,2.0
2410,-0.369,0.836,1.492,0.151,-0.000,0.000,2.0
2411,-0.369,0.836,1.492,0.152,0.000,0.000,2.0
2412,-0.369,0.836,1.492,0.153,0.000,0.000,2.0
2413,-0.369,0.836,1.492,0.153,0.000,0.000,2.0
2414,-0.369,0.836,1.492,0.154,0.000,0.000,2.0
2415,-0.369,0.836,1.492,0.154,0.000,0.000,2.0
2416,-0.369,0.836,1.492,0.155,0.000,0.000,2.0
2417,-0.369,0.836,1.492,0.155,0.000,0.000,2.0
2418,-0.369,0.836,1.492,0.156,0.000,0.000,2.0
2419,-0.369,0.836,1.492,0.156,0.000,0.000,2.0
2420,-0.369,0.836,1.492,0.157,0.000,0.000,2.0
2421,-0.369,0.836,1.492,0.157,0.000,0.000,2.0
2422,-0.369,0.836,1.492,0.158,0.000,0.000,2.0
2423,-0.369,0.836,1.492,0.158,0.000,0.000,2.0
2424,-0.369,0.836,1.492,0.159,0.000,0.000,2.0
2425,-0.369,0.836,1.492,0.159,0.000,0.000,2.0
2426,-0.369,0.836,1.492,0.160,0.000,0.000,2.0
2427,-0.369,0.836,1.492,0.160,0.000,0.000,2.0
2428,-0.369,0.836,1.492,0.161,0.000,0.000,2.0
2429,-0.369,0.836,1.492,0.161,0.000,0.000,2.0
2430,-0.369,0.836,1.492,0.161,0.000,0.000,2.0
2431,-0.369,0.836,1.492,0.162,0.000,-0.000,2.0
2432,-0.369,0.836,1.492,0.162,0.000,-0.000,2.0
2433,-0.369,0.836,1.492,0.163,0.000,-0.000,2.0
2434,-0.369,0.836,1.492,0.163,0.000,-0.000,2.0
2435,-0.369,0.836,1.492,0.163,0.000,-0.000,2.0
2436,-0.369,0.836,1.492,0.164,0.000,-0.000,2.0
2437,-0.369,0.836,1.492,0.164,0.000,-0.000,2.0
2438,-0.369,0.836,1.492,0.164,0.000,-0.000,2.0
2439,-0.369,0.836,1.492,0.165,0.000,-0.000,2.0
2440,-0.369,0.836,1.492,0.165,0.000,-0.000,2.0
2441,-0.369,0.836,1.492,0.165,0.000,-0.000,2.0
2442,-0.369,0.836,1.492,0.165,0.000,-0.000,2.0
2443,-0.369,0.836,1.492,0.165,0.000,-0.000,2.0
2444,-0.369,0.836,1.492,0.165,0.000,-0.000,2.0
2445,-0.369,0.836,1.492,0.166,0.000,-0.000,2.0
2446,-0.369,0.836,1.492,0.166,0.000,-0.000,2.0
2447,-0.369,0.836,1.492,0.165,0.000,-0.000,2.0
2448,-0.369,0.836,1.492,0.165,0.000,-0.000,2.0
2449,-0.369,0.836,1.492,0.165,0.000,-0.000,2.0
2450,-0.369,0.836,1.492,0.165,0.000,-0.000,2.0
2451,-0.369,0.836,1.492,0.165,0.000,-0.000,2.0
2452,-0.369,0.836,1.492,0.164,0.000,-0.000,2.0
2453,-0.369,0.836,1.492,0.164,0.000,-0.000,2.0
2454,-0.369,0.836,1.492,0.164,0.000,-0.000,2.0
2455,-0.369,0.836,1.492,0.163,0.000,-0.000,2.0
2456,-0.369,0.836,1.492,0.162,0.000,-0.000,2.0
2457,-0.369,0.836,1.492,0.161,0.000,-0.000,2.0
2458,-0.369,0.836,1.492,0.161,0.000,-0.000,2.0
2459,-0.369,0.836,1.492,0.160,0.000,-0.000,2.0
2460,-0.369,0.836,1.492,0.159,0.000,-0.000,2.0
2461,-0.369,0.836,1.492,0.158,0.000,-0.000,2.0
2462,-0.369,0.836,1.492,0.157,0.000,-0.000,2.0
2463,-0.369,0.836,1.492,0.155,0.000,-0.000,2.0
2464,-0.369,0.836,1.492,0.154,0.000,-0.000,2.0
2465,-0.369,0.836,1.492,0.153,0.000,-0.000,2.0
2466,-0.369,0.836,1.492,0.152,0.000,-0.000,2.0
2467,-0.369,0.836,1.492,0.151,0.000,-0.000,2.0
2468,-0.369,0.836,1.492,0.150,0.000,-0.000,2.0
2469,-0.369,0.836,1.492,0.150,0.000,-0.000,2.0
2470,-0.369,0.836,1.492,0.149,0.000,-0.000,2.0
2471,-0.369,0.836,1.492,0.149,0.000,-0.000,2.0
2472,-0.369,0.836,1.492,0.148,0.000,-0.000,2.0
2473,-0.369,0.836,1.492,0.148,0.000,-0.000,2.0
2474,-0.369,0.836,1.492,0.148,0.000,-0.000,2.0
2475,-0.369,0.836,1.492,0.148,0.000,-0.000,2.0
2476,-0.369,0.836,1.492,0.148,0.000,-0.000,2.0
2477,-0.369,0.836,1.492,0.149,0.000,-0.000,2.0
2478,-0.369,0.836,1.492,0.149,-0.000,-0.000,2.0
2479,-0.369,0.836,1.492,0.149,-0.000,-0.000,2.0
2480,-0.369,0.836,1.492,0.150,-0.000,-0.000,2.0
2481,-0.369,0.836,1.492,0.151,-0.000,-0.000,2.0
2482,-0.369,0.836,1.492,0.151,-0.000,-0.000,2.0
2483,-0.369,0.836,1.492,0.152,-0.000,-0.000,2.0
2484,-0.369,0.836,1.492,0.152,-0.000,-0.000,2.0
2485,-0.369,0.836,1.492,0.153,-0.000,-0.000,2.0
2486,-0.369,0.836,1.492,0.153,-0.000,-0.000,2.0
2487,-0.369,0.836,1.492,0.154,-0.000,0.000,2.0
2488,-0.369,0.836,1.492,0.154,-0.000,0.000,2.0
2489,-0.369,0.836,1.492,0.155,-0.000,0.000,2.0
2490,-0.369,0.836,1.492,0.155,-0.000,0.000,2.0
2491,-0.369,0.836,1.492,0.156,-0.000,0.000,2.0
2492,-0.369,0.836,1.492,0.156,-0.000,0.000,2.0
2493,-0.369,0.836,1.492,0.157,-0.000,0.000,2.0
2494,-0.369,0.836,1.492,0.157,-0.000,0.000,2.0
2495,-0.369,0.836,1.492,0.157,-0.000,0.000,2.0
2496,-0.369,0.836,1.492,0.158,-0.000,0.000,2.0
2497,-0.369,0.836,1.492,0.158,-0.000,0.000,2.0
2498,-0.369,0.836,1.492,0.158,-0.000,0.000,2.0
2499,-0.369,0.836,1.492,0.159,-0.000,0.000,2.0
2500,-0.369,0.836,1.492,0.159,-0.000,0.000,2.0
