1,0.561,-0.268,0.000,-157.878,0.003,0.006,-1
2,0.561,-0.268,0.000,-157.878,0.004,0.009,-1
3,0.561,-0.268,0.000,-157.878,0.002,0.005,-1
4,0.561,-0.268,0.000,-157.878,0.003,0.005,-1
5,0.561,-0.268,0.000,-157.878,0.004,0.005,-1
6,0.561,-0.268,0.000,-157.878,0.004,0.006,-1
7,0.560,-0.268,0.000,-157.877,0.006,0.005,7.0
8,0.560,-0.268,0.000,-157.873,0.008,0.003,7.0
9,0.560,-0.268,0.000,-157.864,0.010,0.003,7.0
10,0.560,-0.268,0.000,-157.852,0.012,0.002,7.0
11,0.559,-0.268,0.000,-157.836,0.014,0.001,7.0
12,0.559,-0.268,0.000,-157.816,0.016,0.000,7.0
13,0.559,-0.268,0.000,-157.793,0.018,-0.001,7.0
14,0.558,-0.269,0.000,-157.766,0.020,-0.002,7.0
15,0.558,-0.269,0.000,-157.736,0.023,-0.002,7.0
16,0.558,-0.269,0.000,-157.702,0.025,-0.003,7.0
17,0.558,-0.269,0.000,-157.665,0.027,-0.004,7.0
18,0.557,-0.269,0.000,-157.624,0.030,-0.005,7.0
19,0.557,-0.269,0.000,-157.580,0.032,-0.006,7.0
20,0.557,-0.269,0.000,-157.534,0.027,-0.025,7.0
21,0.557,-0.269,0.000,-157.487,0.029,-0.023,7.0
22,0.557,-0.269,0.000,-157.438,0.033,-0.017,7.0
23,0.557,-0.269,0.000,-157.388,0.040,-0.008,7.0
24,0.556,-0.269,0.000,-157.335,0.044,-0.007,7.0
25,0.556,-0.270,0.000,-157.279,0.045,-0.012,7.0
26,0.556,-0.270,0.000,-157.220,0.040,-0.031,7.0
27,0.556,-0.270,0.000,-157.161,0.053,-0.005,7.0
28,0.556,-0.270,0.000,-157.101,0.047,-0.023,7.0
29,0.556,-0.270,0.000,-157.041,0.056,-0.006,7.0
30,0.556,-0.270,0.000,-156.980,0.051,-0.021,7.0
31,0.556,-0.270,0.000,-156.916,0.054,-0.020,7.0
32,0.555,-0.270,0.000,-156.849,0.059,-0.016,7.0
33,0.555,-0.270,0.000,-156.779,0.062,-0.018,7.0
34,0.555,-0.270,0.000,-156.706,0.065,-0.022,7.0
35,0.555,-0.270,0.000,-156.630,0.069,-0.023,7.0
36,0.555,-0.270,0.000,-156.551,0.073,-0.024,7.0
37,0.554,-0.270,0.000,-156.469,0.077,-0.026,7.0
38,0.554,-0.270,0.000,-156.384,0.081,-0.029,7.0
39,0.554,-0.270,0.000,-156.295,0.086,-0.031,7.0
40,0.554,-0.271,0.000,-156.204,0.092,-0.033,7.0
41,0.553,-0.271,0.000,-156.111,0.097,-0.036,7.0
42,0.553,-0.271,0.000,-156.014,0.103,-0.039,7.0
43,0.553,-0.271,0.000,-155.914,0.107,-0.047,7.0
44,0.553,-0.271,0.000,-155.814,0.111,-0.053,7.0
45,0.553,-0.271,0.000,-155.714,0.113,-0.064,7.0
46,0.553,-0.271,0.000,-155.611,0.121,-0.063,7.0
47,0.553,-0.271,0.000,-155.506,0.130,-0.064,7.0
48,0.553,-0.271,0.000,-155.399,0.137,-0.069,7.0
49,0.552,-0.271,0.000,-155.288,0.145,-0.075,7.0
50,0.552,-0.271,0.000,-155.175,0.154,-0.079,7.0
51,0.552,-0.271,0.000,-155.059,0.164,-0.083,7.0
52,0.552,-0.271,0.000,-154.941,0.175,-0.088,7.0
53,0.552,-0.272,0.000,-154.820,0.186,-0.094,7.0
54,0.551,-0.272,0.000,-154.697,0.201,-0.094,7.0
55,0.551,-0.272,0.000,-154.573,0.215,-0.100,7.0
56,0.551,-0.272,0.000,-154.448,0.233,-0.099,7.0
57,0.550,-0.272,0.000,-154.321,0.247,-0.110,7.0
58,0.550,-0.272,0.000,-154.191,0.261,-0.121,7.0
59,0.550,-0.272,0.000,-154.059,0.278,-0.129,7.0
60,0.550,-0.272,0.000,-153.925,0.297,-0.137,7.0
61,0.550,-0.272,0.000,-153.788,0.315,-0.148,7.0
62,0.549,-0.273,0.000,-153.648,0.335,-0.159,7.0
63,0.549,-0.273,0.000,-153.507,0.357,-0.171,7.0
64,0.549,-0.273,0.000,-153.363,0.380,-0.183,7.0
65,0.549,-0.273,0.000,-153.217,0.404,-0.197,7.0
66,0.549,-0.273,0.000,-153.068,0.430,-0.212,7.0
67,0.549,-0.273,0.000,-152.917,0.458,-0.227,7.0
68,0.548,-0.273,0.000,-152.765,0.487,-0.244,7.0
69,0.548,-0.273,0.000,-152.610,0.519,-0.262,7.0
70,0.548,-0.273,0.000,-152.452,0.552,-0.281,7.0
71,0.548,-0.273,0.000,-152.293,0.588,-0.302,7.0
72,0.548,-0.273,0.000,-152.131,0.625,-0.324,7.0
73,0.548,-0.274,0.000,-151.968,0.666,-0.347,7.0
74,0.547,-0.274,0.000,-151.802,0.708,-0.373,7.0
75,0.547,-0.274,0.000,-151.635,0.754,-0.400,7.0
76,0.547,-0.274,0.000,-151.465,0.802,-0.429,7.0
77,0.547,-0.274,0.000,-151.293,0.854,-0.460,7.0
78,0.547,-0.274,0.000,-151.119,0.909,-0.494,7.0
79,0.546,-0.274,0.000,-150.944,0.967,-0.530,7.0
80,0.546,-0.274,0.000,-150.766,1.029,-0.569,7.0
81,0.546,-0.274,0.000,-150.586,1.095,-0.610,7.0
82,0.546,-0.274,0.000,-150.405,1.165,-0.655,7.0
83,0.546,-0.275,0.000,-150.221,1.240,-0.702,7.0
84,0.546,-0.275,0.000,-150.035,1.319,-0.753,7.0
85,0.545,-0.275,0.000,-149.848,1.404,-0.808,7.0
86,0.545,-0.275,0.000,-149.659,1.494,-0.867,7.0
87,0.545,-0.275,0.000,-149.467,1.589,-0.930,7.0
88,0.545,-0.275,0.000,-149.274,1.691,-0.998,7.0
89,0.545,-0.275,0.000,-149.082,1.748,-1.060,7.0
90,0.545,-0.275,0.000,-148.897,1.685,-1.009,7.0
91,0.545,-0.276,0.000,-148.715,1.593,-0.967,7.0
92,0.544,-0.276,0.000,-148.530,1.516,-0.920,7.0
93,0.544,-0.276,0.000,-148.344,1.444,-0.880,7.0
94,0.544,-0.276,0.000,-148.156,1.378,-0.848,7.0
95,0.544,-0.276,0.000,-147.966,1.319,-0.819,7.0
96,0.544,-0.276,0.000,-147.775,1.268,-0.792,7.0
97,0.543,-0.276,0.000,-147.581,1.222,-0.768,7.0
98,0.543,-0.276,0.000,-147.386,1.183,-0.749,7.0
99,0.543,-0.277,0.000,-147.189,1.150,-0.734,7.0
100,0.543,-0.277,0.000,-146.991,1.122,-0.721,7.0
101,0.543,-0.277,0.000,-146.791,1.100,-0.712,7.0
102,0.543,-0.277,0.000,-146.589,1.083,-0.706,7.0
103,0.542,-0.277,0.000,-146.386,1.071,-0.704,7.0
104,0.542,-0.277,0.000,-146.181,1.064,-0.705,7.0
105,0.542,-0.277,0.000,-145.975,1.061,-0.709,7.0
106,0.542,-0.277,0.000,-145.767,1.064,-0.716,7.0
107,0.542,-0.277,0.000,-145.557,1.072,-0.727,7.0
108,0.542,-0.278,0.000,-145.346,1.084,-0.741,7.0
109,0.541,-0.278,0.000,-145.134,1.101,-0.759,7.0
110,0.541,-0.278,0.000,-144.920,1.122,-0.780,7.0
111,0.541,-0.278,0.000,-144.705,1.149,-0.806,7.0
112,0.541,-0.278,0.000,-144.488,1.180,-0.834,7.0
113,0.541,-0.278,0.000,-144.270,1.216,-0.867,7.0
114,0.541,-0.278,0.000,-144.050,1.258,-0.904,7.0
115,0.541,-0.278,0.000,-143.829,1.304,-0.945,7.0
116,0.540,-0.278,0.000,-143.606,1.356,-0.991,7.0
117,0.540,-0.279,0.000,-143.383,1.413,-1.042,7.0
118,0.540,-0.279,0.000,-143.157,1.475,-1.097,7.0
119,0.540,-0.279,0.000,-142.931,1.543,-1.158,7.0
120,0.540,-0.279,0.000,-142.703,1.608,-1.227,7.0
121,0.540,-0.279,0.000,-142.481,1.583,-1.204,7.0
122,0.540,-0.279,0.000,-142.264,1.514,-1.170,7.0
123,0.540,-0.279,0.000,-142.044,1.459,-1.131,7.0
124,0.539,-0.279,0.000,-141.824,1.412,-1.099,7.0
125,0.539,-0.280,0.000,-141.601,1.368,-1.076,7.0
126,0.539,-0.280,0.000,-141.378,1.332,-1.057,7.0
127,0.539,-0.280,0.000,-141.153,1.303,-1.041,7.0
128,0.539,-0.280,0.000,-140.927,1.280,-1.031,7.0
129,0.539,-0.280,0.000,-140.700,1.263,-1.025,7.0
130,0.538,-0.280,0.000,-140.472,1.252,-1.025,7.0
131,0.538,-0.280,0.000,-140.242,1.247,-1.029,7.0
132,0.538,-0.281,0.000,-140.011,1.248,-1.038,7.0
133,0.538,-0.281,0.000,-139.779,1.254,-1.052,7.0
134,0.538,-0.281,0.000,-139.545,1.265,-1.070,7.0
135,0.538,-0.281,0.000,-139.311,1.282,-1.094,7.0
136,0.538,-0.281,0.000,-139.075,1.305,-1.123,7.0
137,0.537,-0.281,0.000,-138.838,1.333,-1.157,7.0
138,0.537,-0.281,0.000,-138.600,1.367,-1.196,7.0
139,0.537,-0.281,0.000,-138.361,1.406,-1.241,7.0
140,0.537,-0.282,0.000,-138.120,1.451,-1.292,7.0
141,0.537,-0.282,0.000,-137.879,1.495,-1.351,7.0
142,0.537,-0.282,0.000,-137.642,1.476,-1.325,7.0
143,0.537,-0.282,0.000,-137.408,1.415,-1.306,7.0
144,0.537,-0.282,0.000,-137.174,1.386,-1.266,7.0
145,0.537,-0.282,0.000,-136.940,1.349,-1.249,7.0
146,0.537,-0.282,0.000,-136.705,1.319,-1.238,7.0
147,0.537,-0.282,0.000,-136.469,1.300,-1.228,7.0
148,0.537,-0.282,0.000,-136.231,1.287,-1.223,7.0
149,0.537,-0.282,0.000,-135.993,1.279,-1.226,7.0
150,0.537,-0.282,0.000,-135.753,1.276,-1.235,7.0
151,0.536,-0.283,0.000,-135.512,1.280,-1.248,7.0
152,0.536,-0.283,0.000,-135.271,1.289,-1.268,7.0
153,0.536,-0.283,0.000,-135.028,1.304,-1.293,7.0
154,0.536,-0.283,0.000,-134.784,1.324,-1.325,7.0
155,0.536,-0.283,0.000,-134.540,1.350,-1.363,7.0
156,0.536,-0.283,0.000,-134.294,1.382,-1.407,7.0
157,0.536,-0.284,0.000,-134.049,1.395,-1.454,7.0
158,0.536,-0.284,0.000,-133.808,1.377,-1.410,7.0
159,0.536,-0.284,0.000,-133.569,1.334,-1.396,7.0
160,0.536,-0.284,0.000,-133.329,1.306,-1.381,7.0
161,0.536,-0.284,0.000,-133.088,1.289,-1.368,7.0
162,0.535,-0.284,0.000,-132.847,1.276,-1.364,7.0
163,0.535,-0.284,0.000,-132.604,1.267,-1.368,7.0
164,0.535,-0.284,0.000,-132.360,1.264,-1.378,7.0
165,0.535,-0.284,0.000,-132.117,1.251,-1.407,7.0
166,0.535,-0.285,0.000,-131.874,1.265,-1.423,7.0
167,0.535,-0.285,0.000,-131.632,1.284,-1.449,7.0
168,0.534,-0.285,0.000,-131.391,1.303,-1.486,7.0
169,0.534,-0.285,0.000,-131.151,1.323,-1.515,7.0
170,0.534,-0.285,0.000,-130.915,1.308,-1.490,7.0
171,0.534,-0.285,0.000,-130.681,1.280,-1.478,7.0
172,0.535,-0.285,0.000,-130.448,1.260,-1.470,7.0
173,0.535,-0.285,0.000,-130.216,1.248,-1.466,7.0
174,0.535,-0.285,0.000,-129.985,1.241,-1.469,7.0
175,0.535,-0.285,0.000,-129.755,1.240,-1.480,7.0
176,0.535,-0.285,0.000,-129.523,1.245,-1.499,7.0
177,0.535,-0.285,0.000,-129.291,1.255,-1.525,7.0
178,0.535,-0.285,0.000,-129.060,1.245,-1.543,7.0
179,0.535,-0.285,0.000,-128.831,1.220,-1.533,7.0
180,0.535,-0.285,0.000,-128.602,1.209,-1.524,7.0
181,0.535,-0.285,0.000,-128.372,1.202,-1.525,7.0
182,0.535,-0.285,0.000,-128.141,1.198,-1.535,7.0
183,0.535,-0.286,0.000,-127.909,1.199,-1.551,7.0
184,0.534,-0.286,0.000,-127.676,1.208,-1.574,7.0
185,0.534,-0.286,0.000,-127.447,1.206,-1.564,7.0
186,0.534,-0.286,0.000,-127.220,1.179,-1.544,7.0
187,0.535,-0.286,0.000,-126.995,1.160,-1.528,7.0
188,0.535,-0.286,0.000,-126.770,1.145,-1.519,7.0
189,0.535,-0.285,0.000,-126.547,1.119,-1.531,7.0
190,0.535,-0.286,0.000,-126.323,1.118,-1.537,7.0
191,0.534,-0.286,0.000,-126.098,1.124,-1.548,7.0
192,0.534,-0.286,0.000,-125.873,1.130,-1.570,7.0
193,0.534,-0.286,0.000,-125.646,1.139,-1.600,7.0
194,0.534,-0.286,0.000,-125.419,1.153,-1.632,7.0
195,0.534,-0.286,0.000,-125.195,1.138,-1.626,7.0
196,0.534,-0.286,0.000,-124.971,1.124,-1.616,7.0
197,0.534,-0.287,0.000,-124.746,1.113,-1.614,7.0
198,0.534,-0.287,0.000,-124.520,1.107,-1.621,7.0
199,0.534,-0.287,0.000,-124.293,1.107,-1.635,7.0
200,0.534,-0.287,0.000,-124.065,1.112,-1.654,7.0
201,0.534,-0.287,0.000,-123.841,1.101,-1.653,7.0
202,0.534,-0.287,0.000,-123.616,1.091,-1.652,7.0
203,0.534,-0.287,0.000,-123.391,1.086,-1.659,7.0
204,0.533,-0.288,0.000,-123.165,1.084,-1.670,7.0
205,0.534,-0.288,0.000,-122.941,1.075,-1.670,7.0
206,0.533,-0.288,0.000,-122.716,1.070,-1.676,7.0
207,0.533,-0.288,0.000,-122.493,1.063,-1.680,7.0
208,0.533,-0.288,0.000,-122.271,1.047,-1.669,7.0
209,0.533,-0.288,0.000,-122.050,1.035,-1.657,7.0
210,0.533,-0.288,0.000,-121.828,1.021,-1.656,7.0
211,0.533,-0.288,0.000,-121.605,1.014,-1.662,7.0
212,0.533,-0.289,0.000,-121.382,1.014,-1.674,7.0
213,0.533,-0.289,0.000,-121.157,1.037,-1.683,7.0
214,0.533,-0.289,0.000,-120.935,1.012,-1.698,7.0
215,0.533,-0.289,0.000,-120.714,1.012,-1.690,7.0
216,0.532,-0.289,0.000,-120.493,1.012,-1.695,7.0
217,0.532,-0.289,0.000,-120.272,1.007,-1.712,7.0
218,0.532,-0.290,0.000,-120.050,1.004,-1.734,7.0
219,0.532,-0.290,0.000,-119.830,0.998,-1.725,7.0
220,0.532,-0.290,0.000,-119.610,0.985,-1.722,7.0
221,0.532,-0.290,0.000,-119.388,0.979,-1.725,7.0
222,0.532,-0.290,0.000,-119.166,0.977,-1.737,7.0
223,0.532,-0.291,0.000,-118.944,0.970,-1.752,7.0
224,0.532,-0.291,0.000,-118.721,0.965,-1.744,7.0
225,0.532,-0.291,0.000,-118.498,0.957,-1.747,7.0
226,0.532,-0.291,0.000,-118.274,0.952,-1.758,7.0
227,0.532,-0.291,0.000,-118.050,0.944,-1.760,7.0
228,0.532,-0.292,0.000,-117.826,0.936,-1.762,7.0
229,0.532,-0.292,0.000,-117.601,0.930,-1.770,7.0
230,0.532,-0.292,0.000,-117.376,0.925,-1.770,7.0
231,0.532,-0.292,0.000,-117.151,0.917,-1.775,7.0
232,0.532,-0.292,0.000,-116.926,0.910,-1.779,7.0
233,0.532,-0.293,0.000,-116.700,0.903,-1.782,7.0
234,0.532,-0.293,0.000,-116.474,0.896,-1.786,7.0
235,0.531,-0.293,0.000,-116.248,0.889,-1.789,7.0
236,0.531,-0.293,0.000,-116.021,0.882,-1.793,7.0
237,0.531,-0.293,0.000,-115.794,0.875,-1.796,7.0
238,0.531,-0.294,0.000,-115.568,0.867,-1.800,7.0
239,0.531,-0.294,0.000,-115.341,0.860,-1.803,7.0
240,0.531,-0.294,0.000,-115.113,0.853,-1.807,7.0
241,0.531,-0.294,0.000,-114.886,0.846,-1.810,7.0
242,0.531,-0.294,0.000,-114.659,0.839,-1.813,7.0
243,0.531,-0.295,0.000,-114.431,0.832,-1.817,7.0
244,0.531,-0.295,0.000,-114.204,0.824,-1.820,7.0
245,0.531,-0.295,0.000,-113.976,0.817,-1.823,7.0
246,0.531,-0.295,0.000,-113.748,0.810,-1.826,7.0
247,0.531,-0.295,0.000,-113.520,0.803,-1.830,7.0
248,0.531,-0.296,0.000,-113.292,0.795,-1.833,7.0
249,0.531,-0.296,0.000,-113.065,0.788,-1.836,7.0
250,0.531,-0.296,0.000,-112.837,0.781,-1.839,7.0
251,0.531,-0.296,0.000,-112.609,0.773,-1.842,7.0
252,0.531,-0.296,0.000,-112.381,0.766,-1.845,7.0
253,0.531,-0.296,0.000,-112.153,0.759,-1.848,7.0
254,0.531,-0.297,0.000,-111.925,0.751,-1.851,7.0
255,0.531,-0.297,0.000,-111.698,0.744,-1.854,7.0
256,0.531,-0.297,0.000,-111.470,0.737,-1.857,7.0
257,0.531,-0.297,0.000,-111.242,0.729,-1.860,7.0
258,0.531,-0.297,0.000,-111.015,0.722,-1.863,7.0
259,0.531,-0.298,0.000,-110.787,0.714,-1.866,7.0
260,0.531,-0.298,0.000,-110.560,0.707,-1.869,7.0
261,0.531,-0.298,0.000,-110.333,0.700,-1.871,7.0
262,0.531,-0.298,0.000,-110.106,0.692,-1.874,7.0
263,0.531,-0.298,0.000,-109.879,0.685,-1.877,7.0
264,0.531,-0.299,0.000,-109.652,0.677,-1.879,7.0
265,0.531,-0.299,0.000,-109.425,0.670,-1.882,7.0
266,0.531,-0.299,0.000,-109.199,0.662,-1.885,7.0
267,0.531,-0.299,0.000,-108.972,0.655,-1.887,7.0
268,0.530,-0.299,0.000,-108.746,0.648,-1.890,7.0
269,0.530,-0.299,0.000,-108.520,0.640,-1.893,7.0
270,0.530,-0.300,0.000,-108.294,0.633,-1.895,7.0
271,0.530,-0.300,0.000,-108.069,0.625,-1.897,7.0
272,0.530,-0.300,0.000,-107.843,0.618,-1.900,7.0
273,0.530,-0.300,0.000,-107.618,0.610,-1.902,7.0
274,0.530,-0.300,0.000,-107.393,0.603,-1.905,7.0
275,0.530,-0.300,0.000,-107.169,0.595,-1.907,7.0
276,0.530,-0.301,0.000,-106.944,0.588,-1.909,7.0
277,0.530,-0.301,0.000,-106.720,0.580,-1.912,7.0
278,0.530,-0.301,0.000,-106.496,0.573,-1.914,7.0
279,0.530,-0.301,0.000,-106.272,0.565,-1.916,7.0
280,0.530,-0.301,0.000,-106.049,0.558,-1.918,7.0
281,0.530,-0.302,0.000,-105.826,0.550,-1.920,7.0
282,0.530,-0.302,0.000,-105.603,0.543,-1.923,7.0
283,0.530,-0.302,0.000,-105.381,0.535,-1.925,7.0
284,0.530,-0.302,0.000,-105.158,0.528,-1.927,7.0
285,0.530,-0.302,0.000,-104.936,0.521,-1.929,7.0
286,0.530,-0.302,0.000,-104.715,0.513,-1.931,7.0
287,0.530,-0.303,0.000,-104.494,0.506,-1.933,7.0
288,0.530,-0.303,0.000,-104.273,0.498,-1.935,7.0
289,0.530,-0.303,0.000,-104.052,0.491,-1.937,7.0
290,0.530,-0.303,0.000,-103.832,0.483,-1.938,7.0
291,0.530,-0.303,0.000,-103.612,0.476,-1.940,7.0
292,0.530,-0.303,0.000,-103.392,0.468,-1.942,7.0
293,0.530,-0.304,0.000,-103.173,0.461,-1.944,7.0
294,0.530,-0.304,0.000,-102.954,0.453,-1.946,7.0
295,0.530,-0.304,0.000,-102.735,0.446,-1.947,7.0
296,0.530,-0.304,0.000,-102.517,0.439,-1.949,7.0
297,0.530,-0.304,0.000,-102.299,0.431,-1.951,7.0
298,0.530,-0.304,0.000,-102.082,0.424,-1.952,7.0
299,0.530,-0.305,0.000,-101.865,0.416,-1.954,7.0
300,0.530,-0.305,0.000,-101.648,0.409,-1.955,7.0
301,0.530,-0.305,0.000,-101.432,0.402,-1.957,7.0
302,0.530,-0.305,0.000,-101.216,0.394,-1.959,7.0
303,0.530,-0.305,0.000,-101.000,0.387,-1.960,7.0
304,0.530,-0.305,0.000,-100.785,0.379,-1.961,7.0
305,0.530,-0.306,0.000,-100.570,0.372,-1.963,7.0
306,0.530,-0.306,0.000,-100.356,0.365,-1.964,7.0
307,0.530,-0.306,0.000,-100.142,0.357,-1.966,7.0
308,0.530,-0.306,0.000,-99.928,0.350,-1.967,7.0
309,0.530,-0.306,0.000,-99.715,0.343,-1.968,7.0
310,0.530,-0.306,0.000,-99.503,0.335,-1.969,7.0
311,0.530,-0.306,0.000,-99.290,0.328,-1.971,7.0
312,0.530,-0.307,0.000,-99.079,0.321,-1.972,7.0
313,0.530,-0.307,0.000,-98.867,0.314,-1.973,7.0
314,0.530,-0.307,0.000,-98.656,0.306,-1.974,7.0
315,0.530,-0.307,0.000,-98.446,0.299,-1.975,7.0
316,0.530,-0.307,0.000,-98.236,0.292,-1.976,7.0
317,0.530,-0.307,0.000,-98.026,0.285,-1.977,7.0
318,0.530,-0.308,0.000,-97.817,0.277,-1.978,7.0
319,0.530,-0.308,0.000,-97.608,0.270,-1.979,7.0
320,0.530,-0.308,0.000,-97.400,0.263,-1.980,7.0
321,0.530,-0.308,0.000,-97.192,0.256,-1.981,7.0
322,0.530,-0.308,0.000,-96.985,0.249,-1.982,7.0
323,0.530,-0.308,0.000,-96.778,0.241,-1.983,7.0
324,0.530,-0.308,0.000,-96.572,0.234,-1.984,7.0
325,0.530,-0.309,0.000,-96.366,0.227,-1.985,7.0
326,0.530,-0.309,0.000,-96.161,0.220,-1.986,7.0
327,0.530,-0.309,0.000,-95.956,0.213,-1.986,7.0
328,0.530,-0.309,0.000,-95.752,0.206,-1.987,7.0
329,0.530,-0.309,0.000,-95.548,0.199,-1.988,7.0
330,0.530,-0.309,0.000,-95.345,0.192,-1.989,7.0
331,0.530,-0.309,0.000,-95.142,0.185,-1.989,7.0
332,0.530,-0.310,0.000,-94.940,0.178,-1.990,7.0
333,0.530,-0.310,0.000,-94.738,0.171,-1.990,7.0
334,0.530,-0.310,0.000,-94.537,0.164,-1.991,7.0
335,0.530,-0.310,0.000,-94.336,0.157,-1.992,7.0
336,0.530,-0.310,0.000,-94.136,0.150,-1.992,7.0
337,0.530,-0.310,0.000,-93.937,0.143,-1.993,7.0
338,0.530,-0.310,0.000,-93.738,0.136,-1.993,7.0
339,0.530,-0.311,0.000,-93.539,0.129,-1.994,7.0
340,0.530,-0.311,0.000,-93.342,0.122,-1.994,7.0
341,0.530,-0.311,0.000,-93.145,0.115,-1.994,7.0
342,0.530,-0.311,0.000,-92.949,0.108,-1.995,7.0
343,0.530,-0.311,0.000,-92.753,0.102,-1.995,7.0
344,0.530,-0.311,0.000,-92.558,0.095,-1.996,7.0
345,0.530,-0.311,0.000,-92.364,0.088,-1.996,7.0
346,0.530,-0.311,0.000,-92.171,0.081,-1.996,7.0
347,0.530,-0.312,0.000,-91.978,0.075,-1.996,7.0
348,0.530,-0.312,0.000,-91.786,0.068,-1.997,7.0
349,0.530,-0.312,0.000,-91.600,0.045,-1.956,7.0
350,0.530,-0.312,0.000,-91.415,0.039,-1.907,7.0
351,0.530,-0.312,0.000,-91.229,0.034,-1.867,7.0
352,0.530,-0.312,0.000,-91.044,0.028,-1.836,7.0
353,0.530,-0.312,0.000,-90.859,0.020,-1.814,7.0
354,0.530,-0.312,0.000,-90.674,0.014,-1.801,7.0
355,0.530,-0.312,0.000,-90.489,0.009,-1.796,7.0
356,0.530,-0.312,0.000,-90.304,0.003,-1.799,7.0
357,0.530,-0.312,0.000,-90.118,-0.003,-1.812,7.0
358,0.530,-0.312,0.000,-89.933,-0.008,-1.833,7.0
359,0.530,-0.312,0.000,-89.749,-0.014,-1.863,7.0
360,0.530,-0.312,0.000,-89.565,-0.021,-1.901,7.0
361,0.530,-0.312,0.000,-89.381,-0.027,-1.947,7.0
362,0.530,-0.312,0.000,-89.198,-0.024,-1.993,7.0
363,0.530,-0.312,0.000,-89.026,-0.051,-1.959,7.0
364,0.530,-0.312,0.000,-88.855,-0.042,-1.923,7.0
365,0.530,-0.313,0.000,-88.684,-0.045,-1.896,7.0
366,0.530,-0.313,0.000,-88.514,-0.056,-1.878,7.0
367,0.530,-0.313,0.000,-88.344,-0.062,-1.869,7.0
368,0.530,-0.313,0.000,-88.173,-0.066,-1.868,7.0
369,0.530,-0.313,0.000,-88.003,-0.071,-1.876,7.0
370,0.530,-0.313,0.000,-87.832,-0.078,-1.893,7.0
371,0.530,-0.313,0.000,-87.661,-0.085,-1.918,7.0
372,0.530,-0.314,0.000,-87.491,-0.092,-1.952,7.0
373,0.530,-0.314,0.000,-87.320,-0.091,-1.987,7.0
374,0.530,-0.314,0.000,-87.158,-0.111,-1.962,7.0
375,0.530,-0.314,0.000,-86.997,-0.109,-1.937,7.0
376,0.530,-0.314,0.000,-86.835,-0.110,-1.922,7.0
377,0.530,-0.314,0.000,-86.673,-0.117,-1.916,7.0
378,0.530,-0.314,0.000,-86.511,-0.105,-1.919,7.0
379,0.530,-0.315,0.000,-86.349,-0.111,-1.931,7.0
380,0.530,-0.315,0.000,-86.189,-0.126,-1.951,7.0
381,0.530,-0.315,0.000,-86.029,-0.135,-1.979,7.0
382,0.530,-0.315,0.000,-85.873,-0.137,-1.969,7.0
383,0.530,-0.315,0.000,-85.719,-0.141,-1.950,7.0
384,0.530,-0.316,0.000,-85.565,-0.161,-1.940,7.0
385,0.530,-0.316,0.000,-85.410,-0.154,-1.940,7.0
386,0.530,-0.316,0.000,-85.257,-0.170,-1.947,7.0
387,0.530,-0.316,0.000,-85.104,-0.178,-1.963,7.0
388,0.530,-0.316,0.000,-84.951,-0.174,-1.975,7.0
389,0.530,-0.316,0.000,-84.804,-0.185,-1.959,7.0
390,0.530,-0.316,0.000,-84.656,-0.191,-1.951,7.0
391,0.530,-0.316,0.000,-84.508,-0.176,-1.955,7.0
392,0.530,-0.316,0.000,-84.362,-0.194,-1.965,7.0
393,0.530,-0.316,0.000,-84.215,-0.195,-1.987,7.0
394,0.530,-0.316,0.000,-84.071,-0.204,-1.990,7.0
395,0.530,-0.316,0.000,-83.930,-0.203,-1.973,7.0
396,0.530,-0.316,0.000,-83.788,-0.206,-1.965,7.0
397,0.530,-0.317,0.000,-83.645,-0.213,-1.965,7.0
398,0.530,-0.317,0.000,-83.502,-0.219,-1.975,7.0
399,0.530,-0.317,0.000,-83.358,-0.230,-1.990,7.0
400,0.530,-0.317,0.000,-83.220,-0.243,-1.934,7.0
401,0.530,-0.317,0.000,-83.083,-0.228,-1.873,7.0
402,0.530,-0.317,0.000,-82.948,-0.230,-1.821,7.0
403,0.530,-0.317,0.000,-82.812,-0.233,-1.777,7.0
404,0.530,-0.318,0.000,-82.675,-0.231,-1.743,7.0
405,0.530,-0.318,0.000,-82.538,-0.231,-1.716,7.0
406,0.530,-0.318,0.000,-82.400,-0.233,-1.697,7.0
407,0.530,-0.318,0.000,-82.261,-0.236,-1.687,7.0
408,0.530,-0.318,0.000,-82.122,-0.240,-1.684,7.0
409,0.530,-0.318,0.000,-81.981,-0.244,-1.688,7.0
410,0.530,-0.318,0.000,-81.840,-0.250,-1.701,7.0
411,0.530,-0.318,0.000,-81.698,-0.258,-1.721,7.0
412,0.530,-0.318,0.000,-81.555,-0.266,-1.749,7.0
413,0.530,-0.319,0.000,-81.412,-0.276,-1.785,7.0
414,0.530,-0.319,0.000,-81.268,-0.287,-1.828,7.0
415,0.530,-0.319,0.000,-81.123,-0.300,-1.880,7.0
416,0.530,-0.319,0.000,-80.977,-0.315,-1.940,7.0
417,0.530,-0.319,0.000,-80.835,-0.322,-1.962,7.0
418,0.530,-0.319,0.000,-80.698,-0.322,-1.910,7.0
419,0.530,-0.319,0.000,-80.560,-0.317,-1.869,7.0
420,0.530,-0.319,0.000,-80.421,-0.315,-1.836,7.0
421,0.531,-0.319,0.000,-80.282,-0.317,-1.812,7.0
422,0.531,-0.319,0.000,-80.142,-0.319,-1.796,7.0
423,0.531,-0.319,0.000,-80.001,-0.322,-1.789,7.0
424,0.531,-0.319,0.000,-79.859,-0.327,-1.790,7.0
425,0.531,-0.319,0.000,-79.717,-0.333,-1.800,7.0
426,0.531,-0.320,0.000,-79.573,-0.341,-1.817,7.0
427,0.531,-0.320,0.000,-79.429,-0.350,-1.843,7.0
428,0.531,-0.320,0.000,-79.285,-0.362,-1.877,7.0
429,0.531,-0.320,0.000,-79.139,-0.375,-1.919,7.0
430,0.531,-0.320,0.000,-78.994,-0.374,-1.957,7.0
431,0.531,-0.320,0.000,-78.854,-0.393,-1.917,7.0
432,0.531,-0.320,0.000,-78.713,-0.385,-1.887,7.0
433,0.531,-0.320,0.000,-78.573,-0.380,-1.866,7.0
434,0.531,-0.320,0.000,-78.431,-0.385,-1.851,7.0
435,0.531,-0.321,0.000,-78.289,-0.391,-1.846,7.0
436,0.531,-0.321,0.000,-78.146,-0.395,-1.849,7.0
437,0.531,-0.321,0.000,-78.002,-0.402,-1.861,7.0
438,0.531,-0.321,0.000,-77.858,-0.411,-1.881,7.0
439,0.531,-0.321,0.000,-77.712,-0.423,-1.910,7.0
440,0.531,-0.321,0.000,-77.567,-0.428,-1.942,7.0
441,0.531,-0.321,0.000,-77.426,-0.441,-1.916,7.0
442,0.531,-0.321,0.000,-77.285,-0.435,-1.896,7.0
443,0.531,-0.321,0.000,-77.143,-0.434,-1.883,7.0
444,0.531,-0.321,0.000,-77.000,-0.440,-1.878,7.0
445,0.531,-0.321,0.000,-76.857,-0.447,-1.882,7.0
446,0.531,-0.322,0.000,-76.712,-0.454,-1.895,7.0
447,0.531,-0.322,0.000,-76.567,-0.464,-1.916,7.0
448,0.531,-0.322,0.000,-76.422,-0.474,-1.940,7.0
449,0.531,-0.322,0.000,-76.278,-0.458,-1.932,7.0
450,0.531,-0.322,0.000,-76.135,-0.474,-1.922,7.0
451,0.531,-0.322,0.000,-75.992,-0.476,-1.924,7.0
452,0.531,-0.322,0.000,-75.851,-0.479,-1.935,7.0
453,0.531,-0.321,0.000,-75.711,-0.492,-1.941,7.0
454,0.531,-0.321,0.000,-75.574,-0.488,-1.929,7.0
455,0.531,-0.321,0.000,-75.439,-0.492,-1.922,7.0
456,0.531,-0.321,0.000,-75.304,-0.498,-1.923,7.0
457,0.531,-0.321,0.000,-75.169,-0.506,-1.933,7.0
458,0.531,-0.321,0.000,-75.038,-0.512,-1.933,7.0
459,0.531,-0.321,0.000,-74.909,-0.513,-1.923,7.0
460,0.531,-0.321,0.000,-74.780,-0.515,-1.920,7.0
461,0.531,-0.320,0.000,-74.651,-0.522,-1.927,7.0
462,0.531,-0.321,0.000,-74.523,-0.531,-1.928,7.0
463,0.531,-0.321,0.000,-74.395,-0.531,-1.921,7.0
464,0.531,-0.321,0.000,-74.267,-0.534,-1.922,7.0
465,0.531,-0.321,0.000,-74.139,-0.544,-1.925,7.0
466,0.531,-0.321,0.000,-74.011,-0.543,-1.920,7.0
467,0.531,-0.321,0.000,-73.883,-0.548,-1.920,7.0
468,0.531,-0.321,0.000,-73.755,-0.556,-1.920,7.0
469,0.531,-0.321,0.000,-73.627,-0.557,-1.917,7.0
470,0.531,-0.321,0.000,-73.499,-0.564,-1.918,7.0
471,0.531,-0.321,0.000,-73.371,-0.565,-1.915,7.0
472,0.531,-0.321,0.000,-73.243,-0.571,-1.915,7.0
473,0.532,-0.321,0.000,-73.115,-0.575,-1.913,7.0
474,0.532,-0.321,0.000,-72.987,-0.579,-1.912,7.0
475,0.532,-0.321,0.000,-72.859,-0.584,-1.911,7.0
476,0.532,-0.322,0.000,-72.731,-0.588,-1.909,7.0
477,0.532,-0.322,0.000,-72.603,-0.593,-1.908,7.0
478,0.532,-0.322,0.000,-72.475,-0.596,-1.906,7.0
479,0.532,-0.322,0.000,-72.347,-0.601,-1.906,7.0
480,0.532,-0.322,0.000,-72.219,-0.605,-1.904,7.0
481,0.532,-0.322,0.000,-72.092,-0.609,-1.903,7.0
482,0.532,-0.322,0.000,-71.964,-0.613,-1.901,7.0
483,0.532,-0.322,0.000,-71.836,-0.618,-1.900,7.0
484,0.532,-0.322,0.000,-71.709,-0.622,-1.899,7.0
485,0.532,-0.322,0.000,-71.581,-0.626,-1.897,7.0
486,0.532,-0.322,0.000,-71.454,-0.630,-1.896,7.0
487,0.532,-0.322,0.000,-71.326,-0.634,-1.894,7.0
488,0.532,-0.322,0.000,-71.199,-0.639,-1.893,7.0
489,0.533,-0.322,0.000,-71.072,-0.643,-1.891,7.0
490,0.533,-0.322,0.000,-70.945,-0.647,-1.890,7.0
491,0.533,-0.322,0.000,-70.818,-0.651,-1.889,7.0
492,0.533,-0.322,0.000,-70.691,-0.656,-1.887,7.0
493,0.533,-0.322,0.000,-70.564,-0.660,-1.886,7.0
494,0.533,-0.323,0.000,-70.437,-0.664,-1.884,7.0
495,0.533,-0.323,0.000,-70.311,-0.668,-1.883,7.0
496,0.533,-0.323,0.000,-70.184,-0.672,-1.881,7.0
497,0.533,-0.323,0.000,-70.058,-0.676,-1.880,7.0
498,0.533,-0.323,0.000,-69.932,-0.680,-1.878,7.0
499,0.533,-0.323,0.000,-69.806,-0.685,-1.877,7.0
500,0.533,-0.323,0.000,-69.680,-0.689,-1.875,7.0
501,0.533,-0.323,0.000,-69.554,-0.693,-1.874,7.0
502,0.533,-0.323,0.000,-69.428,-0.697,-1.872,7.0
503,0.534,-0.323,0.000,-69.303,-0.701,-1.871,7.0
504,0.534,-0.323,0.000,-69.177,-0.705,-1.869,7.0
505,0.534,-0.323,0.000,-69.052,-0.709,-1.868,7.0
506,0.534,-0.323,0.000,-68.927,-0.713,-1.866,7.0
507,0.534,-0.323,0.000,-68.802,-0.717,-1.865,7.0
508,0.534,-0.323,0.000,-68.678,-0.721,-1.863,7.0
509,0.534,-0.323,0.000,-68.553,-0.726,-1.861,7.0
510,0.534,-0.323,0.000,-68.429,-0.730,-1.860,7.0
511,0.534,-0.323,0.000,-68.305,-0.734,-1.858,7.0
512,0.534,-0.323,0.000,-68.181,-0.738,-1.857,7.0
513,0.534,-0.324,0.000,-68.057,-0.742,-1.855,7.0
514,0.534,-0.324,0.000,-67.933,-0.746,-1.853,7.0
515,0.534,-0.324,0.000,-67.810,-0.750,-1.852,7.0
516,0.535,-0.324,0.000,-67.687,-0.754,-1.850,7.0
517,0.535,-0.324,0.000,-67.564,-0.758,-1.849,7.0
518,0.535,-0.324,0.000,-67.441,-0.762,-1.847,7.0
519,0.535,-0.324,0.000,-67.319,-0.765,-1.845,7.0
520,0.535,-0.324,0.000,-67.196,-0.769,-1.844,7.0
521,0.535,-0.324,0.000,-67.074,-0.773,-1.842,7.0
522,0.535,-0.324,0.000,-66.952,-0.777,-1.840,7.0
523,0.535,-0.324,0.000,-66.831,-0.781,-1.839,7.0
524,0.535,-0.324,0.000,-66.709,-0.785,-1.837,7.0
525,0.535,-0.324,0.000,-66.588,-0.789,-1.835,7.0
526,0.535,-0.324,0.000,-66.467,-0.793,-1.834,7.0
527,0.535,-0.324,0.000,-66.347,-0.797,-1.832,7.0
528,0.536,-0.324,0.000,-66.226,-0.801,-1.830,7.0
529,0.536,-0.324,0.000,-66.106,-0.804,-1.829,7.0
530,0.536,-0.324,0.000,-65.987,-0.808,-1.827,7.0
531,0.536,-0.324,0.000,-65.867,-0.812,-1.825,7.0
532,0.536,-0.324,0.000,-65.748,-0.816,-1.824,7.0
533,0.536,-0.324,0.000,-65.629,-0.820,-1.822,7.0
534,0.536,-0.324,0.000,-65.510,-0.823,-1.820,7.0
535,0.536,-0.324,0.000,-65.391,-0.827,-1.819,7.0
536,0.536,-0.325,0.000,-65.273,-0.831,-1.817,7.0
537,0.536,-0.325,0.000,-65.155,-0.835,-1.815,7.0
538,0.536,-0.325,0.000,-65.038,-0.838,-1.813,7.0
539,0.537,-0.325,0.000,-64.921,-0.842,-1.812,7.0
540,0.537,-0.325,0.000,-64.804,-0.846,-1.810,7.0
541,0.537,-0.325,0.000,-64.687,-0.849,-1.808,7.0
542,0.537,-0.325,0.000,-64.571,-0.853,-1.807,7.0
543,0.537,-0.325,0.000,-64.455,-0.857,-1.805,7.0
544,0.537,-0.325,0.000,-64.339,-0.860,-1.803,7.0
545,0.537,-0.325,0.000,-64.223,-0.864,-1.801,7.0
546,0.537,-0.325,0.000,-64.108,-0.868,-1.800,7.0
547,0.537,-0.325,0.000,-63.994,-0.871,-1.798,7.0
548,0.537,-0.325,0.000,-63.879,-0.875,-1.796,7.0
549,0.537,-0.325,0.000,-63.765,-0.878,-1.794,7.0
550,0.538,-0.325,0.000,-63.651,-0.882,-1.793,7.0
551,0.538,-0.325,0.000,-63.538,-0.886,-1.791,7.0
552,0.538,-0.325,0.000,-63.425,-0.889,-1.789,7.0
553,0.538,-0.325,0.000,-63.312,-0.893,-1.787,7.0
554,0.538,-0.325,0.000,-63.200,-0.896,-1.786,7.0
555,0.538,-0.325,0.000,-63.088,-0.900,-1.784,7.0
556,0.538,-0.325,0.000,-62.976,-0.903,-1.782,7.0
557,0.538,-0.325,0.000,-62.865,-0.906,-1.780,7.0
558,0.538,-0.325,0.000,-62.754,-0.910,-1.779,7.0
559,0.538,-0.325,0.000,-62.643,-0.913,-1.777,7.0
560,0.538,-0.325,0.000,-62.533,-0.917,-1.775,7.0
561,0.539,-0.325,0.000,-62.423,-0.920,-1.773,7.0
562,0.539,-0.325,0.000,-62.313,-0.924,-1.772,7.0
563,0.539,-0.325,0.000,-62.203,-0.927,-1.770,7.0
564,0.539,-0.325,0.000,-62.094,-0.930,-1.768,7.0
565,0.539,-0.325,0.000,-61.985,-0.934,-1.766,7.0
566,0.539,-0.325,0.000,-61.877,-0.937,-1.764,7.0
567,0.539,-0.326,0.000,-61.768,-0.940,-1.763,7.0
568,0.539,-0.326,0.000,-61.660,-0.944,-1.761,7.0
569,0.539,-0.326,0.000,-61.552,-0.947,-1.759,7.0
570,0.539,-0.326,0.000,-61.445,-0.950,-1.757,7.0
571,0.540,-0.326,0.000,-61.337,-0.954,-1.756,7.0
572,0.540,-0.326,0.000,-61.230,-0.957,-1.754,7.0
573,0.540,-0.326,0.000,-61.123,-0.960,-1.752,7.0
574,0.540,-0.326,0.000,-61.017,-0.963,-1.750,7.0
575,0.540,-0.326,0.000,-60.910,-0.967,-1.748,7.0
576,0.540,-0.326,0.000,-60.804,-0.970,-1.747,7.0
577,0.540,-0.326,0.000,-60.699,-0.973,-1.745,7.0
578,0.540,-0.326,0.000,-60.593,-0.976,-1.743,7.0
579,0.540,-0.326,0.000,-60.488,-0.980,-1.741,7.0
580,0.540,-0.326,0.000,-60.383,-0.983,-1.739,7.0
581,0.540,-0.326,0.000,-60.278,-0.986,-1.738,7.0
582,0.541,-0.326,0.000,-60.173,-0.989,-1.736,7.0
583,0.541,-0.326,0.000,-60.069,-0.992,-1.734,7.0
584,0.541,-0.326,0.000,-59.965,-0.995,-1.732,7.0
585,0.541,-0.326,0.000,-59.861,-0.999,-1.730,7.0
586,0.541,-0.326,0.000,-59.757,-1.002,-1.729,7.0
587,0.541,-0.326,0.000,-59.654,-1.005,-1.727,7.0
588,0.541,-0.326,0.000,-59.550,-1.008,-1.725,7.0
589,0.541,-0.326,0.000,-59.447,-1.011,-1.723,7.0
590,0.541,-0.326,0.000,-59.345,-1.014,-1.721,7.0
591,0.541,-0.326,0.000,-59.242,-1.017,-1.720,7.0
592,0.541,-0.326,0.000,-59.140,-1.020,-1.718,7.0
593,0.542,-0.326,0.000,-59.038,-1.023,-1.716,7.0
594,0.542,-0.326,0.000,-58.936,-1.026,-1.714,7.0
595,0.542,-0.326,0.000,-58.834,-1.029,-1.712,7.0
596,0.542,-0.326,0.000,-58.733,-1.032,-1.710,7.0
597,0.542,-0.326,0.000,-58.632,-1.035,-1.709,7.0
598,0.542,-0.326,0.000,-58.531,-1.038,-1.707,7.0
599,0.542,-0.326,0.000,-58.430,-1.041,-1.705,7.0
600,0.542,-0.326,0.000,-58.329,-1.044,-1.703,7.0
601,0.542,-0.326,0.000,-58.229,-1.047,-1.701,7.0
602,0.542,-0.326,0.000,-58.129,-1.050,-1.699,7.0
603,0.542,-0.326,0.000,-58.029,-1.053,-1.698,7.0
604,0.542,-0.326,0.000,-57.930,-1.056,-1.696,7.0
605,0.543,-0.326,0.000,-57.830,-1.059,-1.694,7.0
606,0.543,-0.326,0.000,-57.731,-1.062,-1.692,7.0
607,0.543,-0.326,0.000,-57.632,-1.065,-1.690,7.0
608,0.543,-0.326,0.000,-57.533,-1.068,-1.688,7.0
609,0.543,-0.326,0.000,-57.435,-1.071,-1.687,7.0
610,0.543,-0.327,0.000,-57.336,-1.074,-1.685,7.0
611,0.543,-0.327,0.000,-57.238,-1.077,-1.683,7.0
612,0.543,-0.327,0.000,-57.141,-1.080,-1.681,7.0
613,0.543,-0.327,0.000,-57.043,-1.082,-1.679,7.0
614,0.543,-0.327,0.000,-56.946,-1.085,-1.677,7.0
615,0.543,-0.327,0.000,-56.848,-1.088,-1.676,7.0
616,0.543,-0.327,0.000,-56.751,-1.091,-1.674,7.0
617,0.544,-0.327,0.000,-56.655,-1.094,-1.672,7.0
618,0.544,-0.327,0.000,-56.558,-1.097,-1.670,7.0
619,0.544,-0.327,0.000,-56.462,-1.099,-1.668,7.0
620,0.544,-0.327,0.000,-56.366,-1.102,-1.666,7.0
621,0.544,-0.327,0.000,-56.270,-1.105,-1.664,7.0
622,0.544,-0.327,0.000,-56.174,-1.108,-1.663,7.0
623,0.544,-0.327,0.000,-56.079,-1.111,-1.661,7.0
624,0.544,-0.327,0.000,-55.984,-1.113,-1.659,7.0
625,0.544,-0.327,0.000,-55.889,-1.116,-1.657,7.0
626,0.544,-0.327,0.000,-55.794,-1.119,-1.655,7.0
627,0.544,-0.327,0.000,-55.700,-1.121,-1.653,7.0
628,0.545,-0.327,0.000,-55.606,-1.124,-1.652,7.0
629,0.545,-0.327,0.000,-55.512,-1.127,-1.650,7.0
630,0.545,-0.327,0.000,-55.418,-1.130,-1.648,7.0
631,0.545,-0.327,0.000,-55.324,-1.132,-1.646,7.0
632,0.545,-0.327,0.000,-55.231,-1.135,-1.644,7.0
633,0.545,-0.327,0.000,-55.138,-1.138,-1.642,7.0
634,0.545,-0.327,0.000,-55.045,-1.140,-1.640,7.0
635,0.545,-0.327,0.000,-54.953,-1.143,-1.639,7.0
636,0.545,-0.327,0.000,-54.860,-1.146,-1.637,7.0
637,0.545,-0.327,0.000,-54.768,-1.148,-1.635,7.0
638,0.545,-0.327,0.000,-54.676,-1.151,-1.633,7.0
639,0.545,-0.327,0.000,-54.585,-1.153,-1.631,7.0
640,0.545,-0.327,0.000,-54.493,-1.156,-1.629,7.0
641,0.546,-0.327,0.000,-54.402,-1.159,-1.628,7.0
642,0.546,-0.327,0.000,-54.311,-1.161,-1.626,7.0
643,0.546,-0.327,0.000,-54.220,-1.164,-1.624,7.0
644,0.546,-0.327,0.000,-54.130,-1.166,-1.622,7.0
645,0.546,-0.327,0.000,-54.040,-1.169,-1.620,7.0
646,0.546,-0.327,0.000,-53.950,-1.171,-1.618,7.0
647,0.546,-0.327,0.000,-53.860,-1.174,-1.617,7.0
648,0.546,-0.327,0.000,-53.770,-1.177,-1.615,7.0
649,0.546,-0.327,0.000,-53.681,-1.179,-1.613,7.0
650,0.546,-0.327,0.000,-53.592,-1.182,-1.611,7.0
651,0.546,-0.327,0.000,-53.503,-1.184,-1.609,7.0
652,0.546,-0.327,0.000,-53.415,-1.187,-1.607,7.0
653,0.547,-0.327,0.000,-53.326,-1.189,-1.606,7.0
654,0.547,-0.327,0.000,-53.238,-1.191,-1.604,7.0
655,0.547,-0.327,0.000,-53.151,-1.194,-1.602,7.0
656,0.547,-0.327,0.000,-53.063,-1.196,-1.600,7.0
657,0.547,-0.327,0.000,-52.976,-1.199,-1.598,7.0
658,0.547,-0.327,0.000,-52.889,-1.201,-1.596,7.0
659,0.547,-0.327,0.000,-52.802,-1.204,-1.595,7.0
660,0.547,-0.327,0.000,-52.715,-1.206,-1.593,7.0
661,0.547,-0.327,0.000,-52.629,-1.208,-1.591,7.0
662,0.547,-0.327,0.000,-52.543,-1.211,-1.589,7.0
663,0.547,-0.327,0.000,-52.457,-1.213,-1.587,7.0
664,0.547,-0.327,0.000,-52.371,-1.216,-1.586,7.0
665,0.547,-0.327,0.000,-52.286,-1.218,-1.584,7.0
666,0.548,-0.327,0.000,-52.201,-1.220,-1.582,7.0
667,0.548,-0.327,0.000,-52.116,-1.223,-1.580,7.0
668,0.548,-0.327,0.000,-52.032,-1.225,-1.578,7.0
669,0.548,-0.327,0.000,-51.947,-1.227,-1.576,7.0
670,0.548,-0.327,0.000,-51.863,-1.230,-1.575,7.0
671,0.548,-0.327,0.000,-51.780,-1.232,-1.573,7.0
672,0.548,-0.327,0.000,-51.696,-1.234,-1.571,7.0
673,0.548,-0.327,0.000,-51.613,-1.236,-1.569,7.0
674,0.548,-0.327,0.000,-51.530,-1.239,-1.567,7.0
675,0.548,-0.327,0.000,-51.447,-1.241,-1.566,7.0
676,0.548,-0.327,0.000,-51.364,-1.243,-1.564,7.0
677,0.548,-0.327,0.000,-51.282,-1.246,-1.562,7.0
678,0.548,-0.327,0.000,-51.200,-1.248,-1.560,7.0
679,0.548,-0.327,0.000,-51.118,-1.250,-1.559,7.0
680,0.549,-0.327,0.000,-51.037,-1.252,-1.557,7.0
681,0.549,-0.327,0.000,-50.956,-1.254,-1.555,7.0
682,0.549,-0.327,0.000,-50.875,-1.257,-1.553,7.0
683,0.549,-0.327,0.000,-50.794,-1.259,-1.551,7.0
684,0.549,-0.327,0.000,-50.713,-1.261,-1.550,7.0
685,0.549,-0.327,0.000,-50.633,-1.263,-1.548,7.0
686,0.549,-0.327,0.000,-50.553,-1.265,-1.546,7.0
687,0.549,-0.327,0.000,-50.474,-1.267,-1.544,7.0
688,0.549,-0.327,0.000,-50.394,-1.270,-1.543,7.0
689,0.549,-0.327,0.000,-50.315,-1.272,-1.541,7.0
690,0.549,-0.327,0.000,-50.236,-1.274,-1.539,7.0
691,0.549,-0.327,0.000,-50.158,-1.276,-1.537,7.0
692,0.549,-0.327,0.000,-50.079,-1.278,-1.536,7.0
693,0.549,-0.327,0.000,-50.001,-1.280,-1.534,7.0
694,0.550,-0.328,0.000,-49.923,-1.282,-1.532,7.0
695,0.550,-0.328,0.000,-49.846,-1.284,-1.530,7.0
696,0.550,-0.328,0.000,-49.768,-1.286,-1.529,7.0
697,0.550,-0.328,0.000,-49.691,-1.288,-1.527,7.0
698,0.550,-0.328,0.000,-49.615,-1.290,-1.525,7.0
699,0.550,-0.328,0.000,-49.538,-1.292,-1.523,7.0
700,0.550,-0.328,0.000,-49.462,-1.295,-1.522,7.0
701,0.550,-0.328,0.000,-49.386,-1.297,-1.520,7.0
702,0.550,-0.328,0.000,-49.310,-1.299,-1.518,7.0
703,0.550,-0.328,0.000,-49.235,-1.301,-1.517,7.0
704,0.550,-0.328,0.000,-49.159,-1.303,-1.515,7.0
705,0.550,-0.328,0.000,-49.084,-1.305,-1.513,7.0
706,0.550,-0.328,0.000,-49.010,-1.306,-1.511,7.0
707,0.550,-0.328,0.000,-48.935,-1.308,-1.510,7.0
708,0.550,-0.328,0.000,-48.861,-1.310,-1.508,7.0
709,0.551,-0.328,0.000,-48.787,-1.312,-1.506,7.0
710,0.551,-0.328,0.000,-48.714,-1.314,-1.505,7.0
711,0.551,-0.328,0.000,-48.640,-1.316,-1.503,7.0
712,0.551,-0.328,0.000,-48.567,-1.318,-1.501,7.0
713,0.551,-0.328,0.000,-48.494,-1.320,-1.500,7.0
714,0.551,-0.328,0.000,-48.422,-1.322,-1.498,7.0
715,0.551,-0.328,0.000,-48.350,-1.324,-1.496,7.0
716,0.551,-0.328,0.000,-48.278,-1.326,-1.495,7.0
717,0.551,-0.328,0.000,-48.206,-1.328,-1.493,7.0
718,0.551,-0.328,0.000,-48.134,-1.329,-1.491,7.0
719,0.551,-0.328,0.000,-48.063,-1.331,-1.490,7.0
720,0.551,-0.328,0.000,-47.992,-1.333,-1.488,7.0
721,0.551,-0.328,0.000,-47.921,-1.335,-1.486,7.0
722,0.551,-0.328,0.000,-47.851,-1.337,-1.485,7.0
723,0.551,-0.328,0.000,-47.781,-1.339,-1.483,7.0
724,0.552,-0.328,0.000,-47.711,-1.340,-1.481,7.0
725,0.552,-0.328,0.000,-47.641,-1.342,-1.480,7.0
726,0.552,-0.328,0.000,-47.572,-1.344,-1.478,7.0
727,0.552,-0.328,0.000,-47.503,-1.346,-1.477,7.0
728,0.552,-0.328,0.000,-47.434,-1.348,-1.475,7.0
729,0.552,-0.328,0.000,-47.365,-1.349,-1.473,7.0
730,0.552,-0.328,0.000,-47.297,-1.351,-1.472,7.0
731,0.552,-0.328,0.000,-47.229,-1.353,-1.470,7.0
732,0.552,-0.328,0.000,-47.162,-1.355,-1.469,7.0
733,0.552,-0.328,0.000,-47.098,-1.356,-1.467,7.0
734,0.552,-0.328,0.000,-47.035,-1.358,-1.466,7.0
735,0.552,-0.328,0.000,-46.975,-1.359,-1.464,7.0
736,0.552,-0.328,0.000,-46.916,-1.361,-1.463,7.0
737,0.552,-0.328,0.000,-46.860,-1.362,-1.461,7.0
738,0.552,-0.328,0.000,-46.805,-1.364,-1.460,7.0
739,0.552,-0.328,0.000,-46.753,-1.365,-1.459,7.0
740,0.552,-0.328,0.000,-46.702,-1.366,-1.458,7.0
741,0.552,-0.328,0.000,-46.653,-1.368,-1.457,7.0
742,0.552,-0.328,0.000,-46.606,-1.369,-1.455,7.0
743,0.553,-0.328,0.000,-46.561,-1.370,-1.454,7.0
744,0.553,-0.328,0.000,-46.517,-1.371,-1.453,7.0
745,0.553,-0.328,0.000,-46.475,-1.372,-1.452,7.0
746,0.553,-0.328,0.000,-46.435,-1.373,-1.451,7.0
747,0.553,-0.328,0.000,-46.397,-1.374,-1.450,7.0
748,0.553,-0.328,0.000,-46.360,-1.375,-1.449,7.0
749,0.553,-0.328,0.000,-46.325,-1.376,-1.449,7.0
750,0.553,-0.328,0.000,-46.291,-1.377,-1.448,7.0
751,0.553,-0.328,0.000,-46.259,-1.378,-1.447,7.0
752,0.553,-0.328,0.000,-46.228,-1.378,-1.446,7.0
753,0.553,-0.328,0.000,-46.199,-1.379,-1.446,7.0
754,0.553,-0.328,0.000,-46.171,-1.380,-1.445,7.0
755,0.553,-0.328,0.000,-46.145,-1.380,-1.444,7.0
756,0.553,-0.328,0.000,-46.120,-1.381,-1.444,7.0
757,0.553,-0.328,0.000,-46.097,-1.382,-1.443,7.0
758,0.553,-0.328,0.000,-46.075,-1.382,-1.443,7.0
759,0.553,-0.328,0.000,-46.054,-1.383,-1.442,7.0
760,0.553,-0.328,0.000,-46.034,-1.383,-1.442,7.0
761,0.553,-0.328,0.000,-46.016,-1.384,-1.441,7.0
762,0.553,-0.328,0.000,-45.999,-1.384,-1.441,7.0
763,0.553,-0.328,0.000,-45.983,-1.384,-1.440,7.0
764,0.553,-0.328,0.000,-45.969,-1.385,-1.440,7.0
765,0.553,-0.328,0.000,-45.955,-1.385,-1.440,7.0
766,0.553,-0.328,0.000,-45.943,-1.385,-1.439,7.0
767,0.553,-0.328,0.000,-45.932,-1.386,-1.439,7.0
768,0.553,-0.328,0.000,-45.922,-1.386,-1.439,7.0
769,0.553,-0.328,0.000,-45.914,-1.386,-1.439,7.0
770,0.553,-0.328,0.000,-45.906,-1.386,-1.439,7.0
771,0.553,-0.328,0.000,-45.899,-1.387,-1.438,7.0
772,0.553,-0.328,0.000,-45.894,-1.387,-1.438,7.0
773,0.553,-0.328,0.000,-45.889,-1.387,-1.438,7.0
774,0.553,-0.328,0.000,-45.886,-1.387,-1.438,7.0
775,0.553,-0.328,0.000,-45.883,-1.387,-1.438,7.0
776,0.553,-0.328,0.000,-45.882,-1.387,-1.438,7.0
777,0.553,-0.328,0.000,-45.881,-1.387,-1.438,7.0
778,0.553,-0.328,0.000,-45.881,-1.387,-1.438,7.0
779,0.553,-0.328,0.000,-45.883,-1.387,-1.438,7.0
780,0.553,-0.328,0.000,-45.885,-1.387,-1.438,7.0
781,0.553,-0.328,0.000,-45.888,-1.387,-1.438,7.0
782,0.553,-0.328,0.000,-45.892,-1.387,-1.438,7.0
783,0.553,-0.328,0.000,-45.897,-1.387,-1.438,7.0
784,0.553,-0.328,0.000,-45.903,-1.386,-1.438,7.0
785,0.553,-0.328,0.000,-45.909,-1.386,-1.439,7.0
786,0.553,-0.328,0.000,-45.917,-1.386,-1.439,7.0
787,0.553,-0.328,0.000,-45.925,-1.386,-1.439,7.0
788,0.553,-0.328,0.000,-45.934,-1.386,-1.439,7.0
789,0.553,-0.328,0.000,-45.943,-1.385,-1.439,7.0
790,0.553,-0.328,0.000,-45.954,-1.385,-1.440,7.0
791,0.553,-0.328,0.000,-45.965,-1.385,-1.440,7.0
792,0.553,-0.328,0.000,-45.977,-1.385,-1.440,7.0
793,0.553,-0.328,0.000,-45.990,-1.384,-1.441,7.0
794,0.553,-0.328,0.000,-46.003,-1.384,-1.441,7.0
795,0.553,-0.328,0.000,-46.017,-1.384,-1.441,7.0
796,0.553,-0.328,0.000,-46.032,-1.383,-1.442,7.0
797,0.553,-0.328,0.000,-46.048,-1.383,-1.442,7.0
798,0.553,-0.328,0.000,-46.064,-1.382,-1.442,7.0
799,0.553,-0.328,0.000,-46.081,-1.382,-1.443,7.0
800,0.553,-0.328,0.000,-46.098,-1.382,-1.443,7.0
801,0.553,-0.328,0.000,-46.116,-1.381,-1.444,7.0
802,0.553,-0.328,0.000,-46.135,-1.381,-1.444,7.0
803,0.553,-0.328,0.000,-46.154,-1.380,-1.445,7.0
804,0.553,-0.328,0.000,-46.174,-1.380,-1.445,7.0
805,0.553,-0.328,0.000,-46.195,-1.379,-1.446,7.0
806,0.553,-0.328,0.000,-46.216,-1.379,-1.446,7.0
807,0.553,-0.328,0.000,-46.237,-1.378,-1.447,7.0
808,0.553,-0.328,0.000,-46.260,-1.378,-1.447,7.0
809,0.553,-0.328,0.000,-46.282,-1.377,-1.448,7.0
810,0.553,-0.328,0.000,-46.306,-1.376,-1.448,7.0
811,0.553,-0.328,0.000,-46.329,-1.376,-1.449,7.0
812,0.553,-0.328,0.000,-46.354,-1.375,-1.449,7.0
813,0.553,-0.328,0.000,-46.379,-1.374,-1.450,7.0
814,0.553,-0.328,0.000,-46.404,-1.374,-1.451,7.0
815,0.553,-0.328,0.000,-46.430,-1.373,-1.451,7.0
816,0.553,-0.328,0.000,-46.456,-1.373,-1.452,7.0
817,0.553,-0.328,0.000,-46.483,-1.372,-1.452,7.0
818,0.553,-0.328,0.000,-46.510,-1.371,-1.453,7.0
819,0.553,-0.328,0.000,-46.538,-1.370,-1.454,7.0
820,0.553,-0.328,0.000,-46.566,-1.370,-1.454,7.0
821,0.553,-0.328,0.000,-46.595,-1.369,-1.455,7.0
822,0.552,-0.328,0.000,-46.624,-1.368,-1.456,7.0
823,0.552,-0.328,0.000,-46.653,-1.368,-1.456,7.0
824,0.552,-0.328,0.000,-46.683,-1.367,-1.457,7.0
825,0.552,-0.328,0.000,-46.713,-1.366,-1.458,7.0
826,0.552,-0.328,0.000,-46.744,-1.365,-1.459,7.0
827,0.552,-0.328,0.000,-46.775,-1.364,-1.459,7.0
828,0.552,-0.328,0.000,-46.806,-1.364,-1.460,7.0
829,0.552,-0.328,0.000,-46.838,-1.363,-1.461,7.0
830,0.552,-0.328,0.000,-46.870,-1.362,-1.462,7.0
831,0.552,-0.328,0.000,-46.903,-1.361,-1.462,7.0
832,0.552,-0.328,0.000,-46.936,-1.360,-1.463,7.0
833,0.552,-0.328,0.000,-46.969,-1.359,-1.464,7.0
834,0.552,-0.328,0.000,-47.003,-1.359,-1.465,7.0
835,0.552,-0.328,0.000,-47.037,-1.358,-1.466,7.0
836,0.552,-0.328,0.000,-47.071,-1.357,-1.466,7.0
837,0.552,-0.328,0.000,-47.106,-1.356,-1.467,7.0
838,0.552,-0.328,0.000,-47.141,-1.355,-1.468,7.0
839,0.552,-0.328,0.000,-47.176,-1.354,-1.469,7.0
840,0.552,-0.328,0.000,-47.212,-1.353,-1.470,7.0
841,0.552,-0.328,0.000,-47.248,-1.352,-1.471,7.0
842,0.552,-0.328,0.000,-47.284,-1.351,-1.471,7.0
843,0.552,-0.328,0.000,-47.321,-1.350,-1.472,7.0
844,0.552,-0.328,0.000,-47.357,-1.350,-1.473,7.0
845,0.552,-0.328,0.000,-47.394,-1.349,-1.474,7.0
846,0.552,-0.328,0.000,-47.431,-1.348,-1.475,7.0
847,0.552,-0.328,0.000,-47.466,-1.347,-1.476,7.0
848,0.552,-0.328,0.000,-47.499,-1.346,-1.477,7.0
849,0.552,-0.328,0.000,-47.530,-1.345,-1.477,7.0
850,0.552,-0.328,0.000,-47.560,-1.344,-1.478,7.0
851,0.552,-0.328,0.000,-47.589,-1.344,-1.479,7.0
852,0.552,-0.328,0.000,-47.616,-1.343,-1.479,7.0
853,0.552,-0.328,0.000,-47.642,-1.342,-1.480,7.0
854,0.552,-0.328,0.000,-47.666,-1.342,-1.480,7.0
855,0.552,-0.328,0.000,-47.688,-1.341,-1.481,7.0
856,0.552,-0.328,0.000,-47.710,-1.340,-1.481,7.0
857,0.551,-0.328,0.000,-47.730,-1.340,-1.482,7.0
858,0.551,-0.328,0.000,-47.748,-1.339,-1.482,7.0
859,0.551,-0.328,0.000,-47.766,-1.339,-1.483,7.0
860,0.551,-0.328,0.000,-47.782,-1.339,-1.483,7.0
861,0.551,-0.328,0.000,-47.796,-1.338,-1.483,7.0
862,0.551,-0.328,0.000,-47.810,-1.338,-1.484,7.0
863,0.551,-0.328,0.000,-47.822,-1.338,-1.484,7.0
864,0.551,-0.328,0.000,-47.833,-1.337,-1.484,7.0
865,0.551,-0.328,0.000,-47.843,-1.337,-1.485,7.0
866,0.551,-0.328,0.000,-47.851,-1.337,-1.485,7.0
867,0.551,-0.328,0.000,-47.859,-1.337,-1.485,7.0
868,0.551,-0.328,0.000,-47.865,-1.336,-1.485,7.0
869,0.551,-0.328,0.000,-47.870,-1.336,-1.485,7.0
870,0.551,-0.328,0.000,-47.874,-1.336,-1.485,7.0
871,0.551,-0.328,0.000,-47.877,-1.336,-1.485,7.0
872,0.551,-0.328,0.000,-47.879,-1.336,-1.485,7.0
873,0.551,-0.328,0.000,-47.880,-1.336,-1.485,7.0
874,0.551,-0.328,0.000,-47.880,-1.336,-1.485,7.0
875,0.551,-0.328,0.000,-47.879,-1.336,-1.485,7.0
876,0.551,-0.328,0.000,-47.877,-1.336,-1.485,7.0
877,0.551,-0.328,0.000,-47.873,-1.336,-1.485,7.0
878,0.551,-0.328,0.000,-47.869,-1.336,-1.485,7.0
879,0.551,-0.328,0.000,-47.864,-1.336,-1.485,7.0
880,0.551,-0.328,0.000,-47.859,-1.337,-1.485,7.0
881,0.551,-0.328,0.000,-47.852,-1.337,-1.485,7.0
882,0.551,-0.328,0.000,-47.844,-1.337,-1.485,7.0
883,0.551,-0.328,0.000,-47.836,-1.337,-1.484,7.0
884,0.551,-0.328,0.000,-47.826,-1.337,-1.484,7.0
885,0.551,-0.328,0.000,-47.816,-1.338,-1.484,7.0
886,0.551,-0.328,0.000,-47.805,-1.338,-1.484,7.0
887,0.551,-0.328,0.000,-47.793,-1.338,-1.483,7.0
888,0.551,-0.328,0.000,-47.781,-1.339,-1.483,7.0
889,0.551,-0.328,0.000,-47.767,-1.339,-1.483,7.0
890,0.551,-0.328,0.000,-47.753,-1.339,-1.482,7.0
891,0.551,-0.328,0.000,-47.738,-1.340,-1.482,7.0
892,0.551,-0.328,0.000,-47.723,-1.340,-1.482,7.0
893,0.552,-0.328,0.000,-47.706,-1.341,-1.481,7.0
894,0.552,-0.328,0.000,-47.689,-1.341,-1.481,7.0
895,0.552,-0.328,0.000,-47.671,-1.341,-1.481,7.0
896,0.552,-0.328,0.000,-47.653,-1.342,-1.480,7.0
897,0.552,-0.328,0.000,-47.634,-1.342,-1.480,7.0
898,0.552,-0.328,0.000,-47.614,-1.343,-1.479,7.0
899,0.552,-0.328,0.000,-47.594,-1.343,-1.479,7.0
900,0.552,-0.328,0.000,-47.573,-1.344,-1.478,7.0
901,0.552,-0.328,0.000,-47.552,-1.345,-1.478,7.0
902,0.552,-0.328,0.000,-47.530,-1.345,-1.477,7.0
903,0.552,-0.328,0.000,-47.507,-1.346,-1.477,7.0
904,0.552,-0.328,0.000,-47.484,-1.346,-1.476,7.0
905,0.552,-0.328,0.000,-47.460,-1.347,-1.476,7.0
906,0.552,-0.328,0.000,-47.435,-1.348,-1.475,7.0
907,0.552,-0.328,0.000,-47.411,-1.348,-1.474,7.0
908,0.552,-0.328,0.000,-47.385,-1.349,-1.474,7.0
909,0.552,-0.328,0.000,-47.359,-1.349,-1.473,7.0
910,0.552,-0.328,0.000,-47.333,-1.350,-1.473,7.0
911,0.552,-0.328,0.000,-47.306,-1.351,-1.472,7.0
912,0.552,-0.328,0.000,-47.280,-1.352,-1.471,7.0
913,0.552,-0.328,0.000,-47.255,-1.352,-1.471,7.0
914,0.552,-0.328,0.000,-47.231,-1.353,-1.470,7.0
915,0.552,-0.328,0.000,-47.209,-1.353,-1.470,7.0
916,0.552,-0.328,0.000,-47.188,-1.354,-1.469,7.0
917,0.552,-0.328,0.000,-47.168,-1.354,-1.469,7.0
918,0.552,-0.328,0.000,-47.150,-1.355,-1.468,7.0
919,0.552,-0.328,0.000,-47.133,-1.355,-1.468,7.0
920,0.552,-0.328,0.000,-47.118,-1.356,-1.468,7.0
921,0.552,-0.328,0.000,-47.103,-1.356,-1.467,7.0
922,0.552,-0.328,0.000,-47.090,-1.356,-1.467,7.0
923,0.552,-0.328,0.000,-47.078,-1.357,-1.467,7.0
924,0.552,-0.328,0.000,-47.067,-1.357,-1.466,7.0
925,0.552,-0.328,0.000,-47.057,-1.357,-1.466,7.0
926,0.552,-0.328,0.000,-47.048,-1.357,-1.466,7.0
927,0.552,-0.328,0.000,-47.041,-1.358,-1.466,7.0
928,0.552,-0.328,0.000,-47.034,-1.358,-1.466,7.0
929,0.552,-0.328,0.000,-47.029,-1.358,-1.465,7.0
930,0.552,-0.328,0.000,-47.024,-1.358,-1.465,7.0
931,0.552,-0.328,0.000,-47.021,-1.358,-1.465,7.0
932,0.552,-0.328,0.000,-47.019,-1.358,-1.465,7.0
933,0.552,-0.328,0.000,-47.017,-1.358,-1.465,7.0
934,0.552,-0.328,0.000,-47.017,-1.358,-1.465,7.0
935,0.552,-0.328,0.000,-47.017,-1.358,-1.465,7.0
936,0.552,-0.328,0.000,-47.019,-1.358,-1.465,7.0
937,0.552,-0.328,0.000,-47.021,-1.358,-1.465,7.0
938,0.552,-0.328,0.000,-47.025,-1.358,-1.465,7.0
939,0.552,-0.328,0.000,-47.029,-1.358,-1.465,7.0
940,0.552,-0.328,0.000,-47.034,-1.358,-1.466,7.0
941,0.552,-0.328,0.000,-47.040,-1.358,-1.466,7.0
942,0.552,-0.328,0.000,-47.047,-1.357,-1.466,7.0
943,0.552,-0.328,0.000,-47.054,-1.357,-1.466,7.0
944,0.552,-0.328,0.000,-47.063,-1.357,-1.466,7.0
945,0.552,-0.328,0.000,-47.072,-1.357,-1.466,7.0
946,0.552,-0.328,0.000,-47.082,-1.357,-1.467,7.0
947,0.552,-0.328,0.000,-47.092,-1.356,-1.467,7.0
948,0.552,-0.328,0.000,-47.104,-1.356,-1.467,7.0
949,0.552,-0.328,0.000,-47.116,-1.356,-1.468,7.0
950,0.552,-0.328,0.000,-47.129,-1.355,-1.468,7.0
951,0.552,-0.328,0.000,-47.143,-1.355,-1.468,7.0
952,0.552,-0.328,0.000,-47.157,-1.355,-1.468,7.0
953,0.552,-0.328,0.000,-47.172,-1.354,-1.469,7.0
954,0.552,-0.328,0.000,-47.188,-1.354,-1.469,7.0
955,0.552,-0.328,0.000,-47.204,-1.353,-1.470,7.0
956,0.552,-0.328,0.000,-47.221,-1.353,-1.470,7.0
957,0.552,-0.328,0.000,-47.239,-1.353,-1.470,7.0
958,0.552,-0.328,0.000,-47.257,-1.352,-1.471,7.0
959,0.552,-0.328,0.000,-47.276,-1.352,-1.471,7.0
960,0.552,-0.328,0.000,-47.296,-1.351,-1.472,7.0
961,0.552,-0.328,0.000,-47.316,-1.351,-1.472,7.0
962,0.552,-0.328,0.000,-47.337,-1.350,-1.473,7.0
963,0.552,-0.328,0.000,-47.358,-1.350,-1.473,7.0
964,0.552,-0.328,0.000,-47.379,-1.349,-1.474,7.0
965,0.552,-0.328,0.000,-47.398,-1.348,-1.474,7.0
966,0.552,-0.328,0.000,-47.417,-1.348,-1.475,7.0
967,0.552,-0.328,0.000,-47.433,-1.348,-1.475,7.0
968,0.552,-0.328,0.000,-47.449,-1.347,-1.475,7.0
969,0.552,-0.328,0.000,-47.464,-1.347,-1.476,7.0
970,0.552,-0.328,0.000,-47.477,-1.346,-1.476,7.0
971,0.552,-0.328,0.000,-47.489,-1.346,-1.476,7.0
972,0.552,-0.328,0.000,-47.499,-1.346,-1.477,7.0
973,0.552,-0.328,0.000,-47.509,-1.346,-1.477,7.0
974,0.552,-0.328,0.000,-47.518,-1.345,-1.477,7.0
975,0.552,-0.328,0.000,-47.525,-1.345,-1.477,7.0
976,0.552,-0.328,0.000,-47.531,-1.345,-1.477,7.0
977,0.552,-0.328,0.000,-47.536,-1.345,-1.477,7.0
978,0.552,-0.328,0.000,-47.540,-1.345,-1.478,7.0
979,0.552,-0.328,0.000,-47.543,-1.345,-1.478,7.0
980,0.552,-0.328,0.000,-47.545,-1.345,-1.478,7.0
981,0.552,-0.328,0.000,-47.546,-1.345,-1.478,7.0
982,0.552,-0.328,0.000,-47.547,-1.345,-1.478,7.0
983,0.552,-0.328,0.000,-47.546,-1.345,-1.478,7.0
984,0.552,-0.328,0.000,-47.544,-1.345,-1.478,7.0
985,0.552,-0.328,0.000,-47.541,-1.345,-1.478,7.0
986,0.552,-0.328,0.000,-47.537,-1.345,-1.477,7.0
987,0.552,-0.328,0.000,-47.532,-1.345,-1.477,7.0
988,0.552,-0.328,0.000,-47.527,-1.345,-1.477,7.0
989,0.552,-0.328,0.000,-47.520,-1.345,-1.477,7.0
990,0.552,-0.328,0.000,-47.513,-1.346,-1.477,7.0
991,0.552,-0.328,0.000,-47.505,-1.346,-1.477,7.0
992,0.552,-0.328,0.000,-47.496,-1.346,-1.476,7.0
993,0.552,-0.328,0.000,-47.486,-1.346,-1.476,7.0
994,0.552,-0.328,0.000,-47.475,-1.346,-1.476,7.0
995,0.552,-0.328,0.000,-47.464,-1.347,-1.476,7.0
996,0.552,-0.328,0.000,-47.452,-1.347,-1.475,7.0
997,0.552,-0.328,0.000,-47.439,-1.347,-1.475,7.0
998,0.552,-0.328,0.000,-47.425,-1.348,-1.475,7.0
999,0.552,-0.328,0.000,-47.411,-1.348,-1.474,7.0
1000,0.552,-0.328,0.000,-47.396,-1.349,-1.474,7.0
1001,0.552,-0.328,0.000,-47.380,-1.349,-1.474,7.0
1002,0.552,-0.328,0.000,-47.364,-1.349,-1.473,7.0
1003,0.552,-0.328,0.000,-47.346,-1.350,-1.473,7.0
1004,0.552,-0.328,0.000,-47.329,-1.350,-1.473,7.0
1005,0.552,-0.328,0.000,-47.310,-1.351,-1.472,7.0
1006,0.552,-0.328,0.000,-47.292,-1.351,-1.472,7.0
1007,0.552,-0.328,0.000,-47.275,-1.352,-1.471,7.0
1008,0.552,-0.328,0.000,-47.260,-1.352,-1.471,7.0
1009,0.552,-0.328,0.000,-47.246,-1.352,-1.471,7.0
1010,0.552,-0.328,0.000,-47.233,-1.353,-1.470,7.0
1011,0.552,-0.328,0.000,-47.221,-1.353,-1.470,7.0
1012,0.552,-0.328,0.000,-47.210,-1.353,-1.470,7.0
1013,0.552,-0.328,0.000,-47.200,-1.354,-1.469,7.0
1014,0.552,-0.328,0.000,-47.192,-1.354,-1.469,7.0
1015,0.552,-0.328,0.000,-47.184,-1.354,-1.469,7.0
1016,0.552,-0.328,0.000,-47.178,-1.354,-1.469,7.0
1017,0.552,-0.328,0.000,-47.173,-1.354,-1.469,7.0
1018,0.552,-0.328,0.000,-47.169,-1.354,-1.469,7.0
1019,0.552,-0.328,0.000,-47.165,-1.354,-1.469,7.0
1020,0.552,-0.328,0.000,-47.163,-1.355,-1.469,7.0
1021,0.552,-0.328,0.000,-47.162,-1.355,-1.469,7.0
1022,0.552,-0.328,0.000,-47.162,-1.355,-1.469,7.0
1023,0.552,-0.328,0.000,-47.162,-1.355,-1.469,7.0
1024,0.552,-0.328,0.000,-47.164,-1.354,-1.469,7.0
1025,0.552,-0.328,0.000,-47.167,-1.354,-1.469,7.0
1026,0.552,-0.328,0.000,-47.170,-1.354,-1.469,7.0
1027,0.552,-0.328,0.000,-47.175,-1.354,-1.469,7.0
1028,0.552,-0.328,0.000,-47.180,-1.354,-1.469,7.0
1029,0.552,-0.328,0.000,-47.186,-1.354,-1.469,7.0
1030,0.552,-0.328,0.000,-47.193,-1.354,-1.469,7.0
1031,0.552,-0.328,0.000,-47.200,-1.354,-1.469,7.0
1032,0.552,-0.328,0.000,-47.209,-1.353,-1.470,7.0
1033,0.552,-0.328,0.000,-47.218,-1.353,-1.470,7.0
1034,0.552,-0.328,0.000,-47.228,-1.353,-1.470,7.0
1035,0.552,-0.328,0.000,-47.239,-1.353,-1.470,7.0
1036,0.552,-0.328,0.000,-47.251,-1.352,-1.471,7.0
1037,0.552,-0.328,0.000,-47.263,-1.352,-1.471,7.0
1038,0.552,-0.328,0.000,-47.276,-1.352,-1.471,7.0
1039,0.552,-0.328,0.000,-47.290,-1.351,-1.472,7.0
1040,0.552,-0.328,0.000,-47.305,-1.351,-1.472,7.0
1041,0.552,-0.328,0.000,-47.320,-1.350,-1.472,7.0
1042,0.552,-0.328,0.000,-47.336,-1.350,-1.473,7.0
1043,0.552,-0.328,0.000,-47.352,-1.350,-1.473,7.0
1044,0.552,-0.328,0.000,-47.368,-1.349,-1.473,7.0
1045,0.552,-0.328,0.000,-47.383,-1.349,-1.474,7.0
1046,0.552,-0.328,0.000,-47.397,-1.349,-1.474,7.0
1047,0.552,-0.328,0.000,-47.409,-1.348,-1.474,7.0
1048,0.552,-0.328,0.000,-47.421,-1.348,-1.475,7.0
1049,0.552,-0.328,0.000,-47.431,-1.348,-1.475,7.0
1050,0.552,-0.328,0.000,-47.440,-1.347,-1.475,7.0
1051,0.552,-0.328,0.000,-47.448,-1.347,-1.475,7.0
1052,0.552,-0.328,0.000,-47.455,-1.347,-1.475,7.0
1053,0.552,-0.328,0.000,-47.460,-1.347,-1.476,7.0
1054,0.552,-0.328,0.000,-47.465,-1.347,-1.476,7.0
1055,0.552,-0.328,0.000,-47.468,-1.347,-1.476,7.0
1056,0.552,-0.328,0.000,-47.471,-1.347,-1.476,7.0
1057,0.552,-0.328,0.000,-47.472,-1.347,-1.476,7.0
1058,0.552,-0.328,0.000,-47.473,-1.347,-1.476,7.0
1059,0.552,-0.328,0.000,-47.472,-1.347,-1.476,7.0
1060,0.552,-0.328,0.000,-47.471,-1.347,-1.476,7.0
1061,0.552,-0.328,0.000,-47.468,-1.347,-1.476,7.0
1062,0.552,-0.328,0.000,-47.465,-1.347,-1.476,7.0
1063,0.552,-0.328,0.000,-47.461,-1.347,-1.476,7.0
1064,0.552,-0.328,0.000,-47.456,-1.347,-1.476,7.0
1065,0.552,-0.328,0.000,-47.450,-1.347,-1.475,7.0
1066,0.552,-0.328,0.000,-47.443,-1.347,-1.475,7.0
1067,0.552,-0.328,0.000,-47.435,-1.348,-1.475,7.0
1068,0.552,-0.328,0.000,-47.427,-1.348,-1.475,7.0
1069,0.552,-0.328,0.000,-47.417,-1.348,-1.475,7.0
1070,0.552,-0.328,0.000,-47.407,-1.348,-1.474,7.0
1071,0.552,-0.328,0.000,-47.396,-1.349,-1.474,7.0
1072,0.552,-0.328,0.000,-47.385,-1.349,-1.474,7.0
1073,0.552,-0.328,0.000,-47.372,-1.349,-1.474,7.0
1074,0.552,-0.328,0.000,-47.359,-1.349,-1.473,7.0
1075,0.552,-0.328,0.000,-47.345,-1.350,-1.473,7.0
1076,0.552,-0.328,0.000,-47.330,-1.350,-1.473,7.0
1077,0.552,-0.328,0.000,-47.315,-1.351,-1.472,7.0
1078,0.552,-0.328,0.000,-47.300,-1.351,-1.472,7.0
1079,0.552,-0.328,0.000,-47.286,-1.351,-1.472,7.0
1080,0.552,-0.328,0.000,-47.274,-1.352,-1.471,7.0
1081,0.552,-0.328,0.000,-47.262,-1.352,-1.471,7.0
1082,0.552,-0.328,0.000,-47.252,-1.352,-1.471,7.0
1083,0.552,-0.328,0.000,-47.243,-1.352,-1.470,7.0
1084,0.552,-0.328,0.000,-47.235,-1.353,-1.470,7.0
1085,0.552,-0.328,0.000,-47.228,-1.353,-1.470,7.0
1086,0.552,-0.328,0.000,-47.222,-1.353,-1.470,7.0
1087,0.552,-0.328,0.000,-47.217,-1.353,-1.470,7.0
1088,0.552,-0.328,0.000,-47.213,-1.353,-1.470,7.0
1089,0.552,-0.328,0.000,-47.211,-1.353,-1.470,7.0
1090,0.552,-0.328,0.000,-47.209,-1.353,-1.470,7.0
1091,0.552,-0.328,0.000,-47.208,-1.353,-1.470,7.0
1092,0.552,-0.328,0.000,-47.208,-1.353,-1.470,7.0
1093,0.552,-0.328,0.000,-47.209,-1.353,-1.470,7.0
1094,0.552,-0.328,0.000,-47.211,-1.353,-1.470,7.0
1095,0.552,-0.328,0.000,-47.214,-1.353,-1.470,7.0
1096,0.552,-0.328,0.000,-47.218,-1.353,-1.470,7.0
1097,0.552,-0.328,0.000,-47.223,-1.353,-1.470,7.0
1098,0.552,-0.328,0.000,-47.228,-1.353,-1.470,7.0
1099,0.552,-0.328,0.000,-47.235,-1.353,-1.470,7.0
1100,0.552,-0.328,0.000,-47.242,-1.352,-1.470,7.0
1101,0.552,-0.328,0.000,-47.250,-1.352,-1.471,7.0
1102,0.552,-0.328,0.000,-47.259,-1.352,-1.471,7.0
1103,0.552,-0.328,0.000,-47.269,-1.352,-1.471,7.0
1104,0.552,-0.328,0.000,-47.279,-1.352,-1.471,7.0
1105,0.552,-0.328,0.000,-47.290,-1.351,-1.472,7.0
1106,0.552,-0.328,0.000,-47.302,-1.351,-1.472,7.0
1107,0.552,-0.328,0.000,-47.315,-1.351,-1.472,7.0
1108,0.552,-0.328,0.000,-47.328,-1.350,-1.473,7.0
1109,0.552,-0.328,0.000,-47.342,-1.350,-1.473,7.0
1110,0.552,-0.328,0.000,-47.357,-1.350,-1.473,7.0
1111,0.552,-0.328,0.000,-47.372,-1.349,-1.474,7.0
1112,0.552,-0.328,0.000,-47.385,-1.349,-1.474,7.0
1113,0.552,-0.328,0.000,-47.397,-1.349,-1.474,7.0
1114,0.552,-0.328,0.000,-47.408,-1.348,-1.474,7.0
1115,0.552,-0.328,0.000,-47.418,-1.348,-1.475,7.0
1116,0.552,-0.328,0.000,-47.426,-1.348,-1.475,7.0
1117,0.552,-0.328,0.000,-47.434,-1.348,-1.475,7.0
1118,0.552,-0.328,0.000,-47.440,-1.347,-1.475,7.0
1119,0.552,-0.328,0.000,-47.445,-1.347,-1.475,7.0
1120,0.552,-0.328,0.000,-47.450,-1.347,-1.475,7.0
1121,0.552,-0.328,0.000,-47.453,-1.347,-1.475,7.0
1122,0.552,-0.328,0.000,-47.455,-1.347,-1.475,7.0
1123,0.552,-0.328,0.000,-47.456,-1.347,-1.476,7.0
1124,0.552,-0.328,0.000,-47.456,-1.347,-1.476,7.0
1125,0.552,-0.328,0.000,-47.455,-1.347,-1.476,7.0
1126,0.552,-0.328,0.000,-47.454,-1.347,-1.475,7.0
1127,0.552,-0.328,0.000,-47.451,-1.347,-1.475,7.0
1128,0.552,-0.328,0.000,-47.447,-1.347,-1.475,7.0
1129,0.552,-0.328,0.000,-47.443,-1.347,-1.475,7.0
1130,0.552,-0.328,0.000,-47.437,-1.347,-1.475,7.0
1131,0.552,-0.328,0.000,-47.431,-1.348,-1.475,7.0
1132,0.552,-0.328,0.000,-47.424,-1.348,-1.475,7.0
1133,0.552,-0.328,0.000,-47.416,-1.348,-1.475,7.0
1134,0.552,-0.328,0.000,-47.407,-1.348,-1.474,7.0
1135,0.552,-0.328,0.000,-47.398,-1.348,-1.474,7.0
1136,0.552,-0.328,0.000,-47.387,-1.349,-1.474,7.0
1137,0.552,-0.328,0.000,-47.376,-1.349,-1.474,7.0
1138,0.552,-0.328,0.000,-47.364,-1.349,-1.473,7.0
1139,0.552,-0.328,0.000,-47.351,-1.350,-1.473,7.0
1140,0.552,-0.328,0.000,-47.338,-1.350,-1.473,7.0
1141,0.552,-0.328,0.000,-47.324,-1.350,-1.472,7.0
1142,0.552,-0.328,0.000,-47.309,-1.351,-1.472,7.0
1143,0.552,-0.328,0.000,-47.294,-1.351,-1.472,7.0
1144,0.552,-0.328,0.000,-47.281,-1.351,-1.471,7.0
1145,0.552,-0.328,0.000,-47.269,-1.352,-1.471,7.0
1146,0.552,-0.328,0.000,-47.258,-1.352,-1.471,7.0
1147,0.552,-0.328,0.000,-47.248,-1.352,-1.471,7.0
1148,0.552,-0.328,0.000,-47.239,-1.353,-1.470,7.0
1149,0.552,-0.328,0.000,-47.232,-1.353,-1.470,7.0
1150,0.552,-0.328,0.000,-47.225,-1.353,-1.470,7.0
1151,0.552,-0.328,0.000,-47.220,-1.353,-1.470,7.0
1152,0.552,-0.328,0.000,-47.215,-1.353,-1.470,7.0
1153,0.552,-0.328,0.000,-47.212,-1.353,-1.470,7.0
1154,0.552,-0.328,0.000,-47.210,-1.353,-1.470,7.0
1155,0.552,-0.328,0.000,-47.208,-1.353,-1.470,7.0
1156,0.552,-0.328,0.000,-47.208,-1.353,-1.470,7.0
1157,0.552,-0.328,0.000,-47.208,-1.353,-1.470,7.0
1158,0.552,-0.328,0.000,-47.210,-1.353,-1.470,7.0
1159,0.552,-0.328,0.000,-47.212,-1.353,-1.470,7.0
1160,0.552,-0.328,0.000,-47.215,-1.353,-1.470,7.0
1161,0.552,-0.328,0.000,-47.220,-1.353,-1.470,7.0
1162,0.552,-0.328,0.000,-47.225,-1.353,-1.470,7.0
1163,0.552,-0.328,0.000,-47.231,-1.353,-1.470,7.0
1164,0.552,-0.328,0.000,-47.237,-1.353,-1.470,7.0
1165,0.552,-0.328,0.000,-47.245,-1.352,-1.471,7.0
1166,0.552,-0.328,0.000,-47.253,-1.352,-1.471,7.0
1167,0.552,-0.328,0.000,-47.262,-1.352,-1.471,7.0
1168,0.552,-0.328,0.000,-47.272,-1.352,-1.471,7.0
1169,0.552,-0.328,0.000,-47.283,-1.351,-1.471,7.0
1170,0.552,-0.328,0.000,-47.295,-1.351,-1.472,7.0
1171,0.552,-0.328,0.000,-47.307,-1.351,-1.472,7.0
1172,0.552,-0.328,0.000,-47.320,-1.350,-1.472,7.0
1173,0.552,-0.328,0.000,-47.333,-1.350,-1.473,7.0
1174,0.552,-0.328,0.000,-47.348,-1.350,-1.473,7.0
1175,0.552,-0.328,0.000,-47.362,-1.349,-1.473,7.0
1176,0.552,-0.328,0.000,-47.375,-1.349,-1.474,7.0
1177,0.552,-0.328,0.000,-47.386,-1.349,-1.474,7.0
1178,0.552,-0.328,0.000,-47.397,-1.349,-1.474,7.0
1179,0.552,-0.328,0.000,-47.406,-1.348,-1.474,7.0
1180,0.552,-0.328,0.000,-47.414,-1.348,-1.475,7.0
1181,0.552,-0.328,0.000,-47.421,-1.348,-1.475,7.0
1182,0.552,-0.328,0.000,-47.427,-1.348,-1.475,7.0
1183,0.552,-0.328,0.000,-47.432,-1.348,-1.475,7.0
1184,0.552,-0.328,0.000,-47.436,-1.347,-1.475,7.0
1185,0.552,-0.328,0.000,-47.439,-1.347,-1.475,7.0
1186,0.552,-0.328,0.000,-47.441,-1.347,-1.475,7.0
1187,0.552,-0.328,0.000,-47.442,-1.347,-1.475,7.0
1188,0.552,-0.328,0.000,-47.442,-1.347,-1.475,7.0
1189,0.552,-0.328,0.000,-47.440,-1.347,-1.475,7.0
1190,0.552,-0.328,0.000,-47.438,-1.347,-1.475,7.0
1191,0.552,-0.328,0.000,-47.435,-1.348,-1.475,7.0
1192,0.552,-0.328,0.000,-47.431,-1.348,-1.475,7.0
1193,0.552,-0.328,0.000,-47.427,-1.348,-1.475,7.0
1194,0.552,-0.328,0.000,-47.421,-1.348,-1.475,7.0
1195,0.552,-0.328,0.000,-47.414,-1.348,-1.475,7.0
1196,0.552,-0.328,0.000,-47.407,-1.348,-1.474,7.0
1197,0.552,-0.328,0.000,-47.399,-1.348,-1.474,7.0
1198,0.552,-0.328,0.000,-47.390,-1.349,-1.474,7.0
1199,0.552,-0.328,0.000,-47.380,-1.349,-1.474,7.0
1200,0.552,-0.328,0.000,-47.369,-1.349,-1.473,7.0
1201,0.552,-0.328,0.000,-47.358,-1.350,-1.473,7.0
1202,0.552,-0.328,0.000,-47.346,-1.350,-1.473,7.0
1203,0.552,-0.328,0.000,-47.333,-1.350,-1.473,7.0
1204,0.552,-0.328,0.000,-47.319,-1.351,-1.472,7.0
1205,0.552,-0.328,0.000,-47.306,-1.351,-1.472,7.0
1206,0.552,-0.328,0.000,-47.293,-1.351,-1.472,7.0
1207,0.552,-0.328,0.000,-47.282,-1.351,-1.471,7.0
1208,0.552,-0.328,0.000,-47.273,-1.352,-1.471,7.0
1209,0.552,-0.328,0.000,-47.264,-1.352,-1.471,7.0
1210,0.552,-0.328,0.000,-47.256,-1.352,-1.471,7.0
1211,0.552,-0.328,0.000,-47.250,-1.352,-1.471,7.0
1212,0.552,-0.328,0.000,-47.244,-1.352,-1.471,7.0
1213,0.552,-0.328,0.000,-47.240,-1.353,-1.470,7.0
1214,0.552,-0.328,0.000,-47.236,-1.353,-1.470,7.0
1215,0.552,-0.328,0.000,-47.234,-1.353,-1.470,7.0
1216,0.552,-0.328,0.000,-47.233,-1.353,-1.470,7.0
1217,0.552,-0.328,0.000,-47.232,-1.353,-1.470,7.0
1218,0.552,-0.328,0.000,-47.233,-1.353,-1.470,7.0
1219,0.552,-0.328,0.000,-47.234,-1.353,-1.470,7.0
1220,0.552,-0.328,0.000,-47.236,-1.353,-1.470,7.0
1221,0.552,-0.328,0.000,-47.240,-1.353,-1.470,7.0
1222,0.552,-0.328,0.000,-47.244,-1.352,-1.471,7.0
1223,0.552,-0.328,0.000,-47.249,-1.352,-1.471,7.0
1224,0.552,-0.328,0.000,-47.255,-1.352,-1.471,7.0
1225,0.552,-0.328,0.000,-47.261,-1.352,-1.471,7.0
1226,0.552,-0.328,0.000,-47.269,-1.352,-1.471,7.0
1227,0.552,-0.328,0.000,-47.277,-1.352,-1.471,7.0
1228,0.552,-0.328,0.000,-47.287,-1.351,-1.472,7.0
1229,0.552,-0.328,0.000,-47.296,-1.351,-1.472,7.0
1230,0.552,-0.328,0.000,-47.307,-1.351,-1.472,7.0
1231,0.552,-0.328,0.000,-47.319,-1.351,-1.472,7.0
1232,0.552,-0.328,0.000,-47.331,-1.350,-1.473,7.0
1233,0.552,-0.328,0.000,-47.344,-1.350,-1.473,7.0
1234,0.552,-0.328,0.000,-47.357,-1.350,-1.473,7.0
1235,0.552,-0.328,0.000,-47.371,-1.349,-1.474,7.0
1236,0.552,-0.328,0.000,-47.383,-1.349,-1.474,7.0
1237,0.552,-0.328,0.000,-47.394,-1.349,-1.474,7.0
1238,0.552,-0.328,0.000,-47.404,-1.348,-1.474,7.0
1239,0.552,-0.328,0.000,-47.412,-1.348,-1.474,7.0
1240,0.552,-0.328,0.000,-47.420,-1.348,-1.475,7.0
1241,0.552,-0.328,0.000,-47.426,-1.348,-1.475,7.0
1242,0.552,-0.328,0.000,-47.432,-1.348,-1.475,7.0
1243,0.552,-0.328,0.000,-47.436,-1.348,-1.475,7.0
1244,0.552,-0.328,0.000,-47.439,-1.347,-1.475,7.0
1245,0.552,-0.328,0.000,-47.442,-1.347,-1.475,7.0
1246,0.552,-0.328,0.000,-47.443,-1.347,-1.475,7.0
1247,0.552,-0.328,0.000,-47.443,-1.347,-1.475,7.0
1248,0.552,-0.328,0.000,-47.442,-1.347,-1.475,7.0
1249,0.552,-0.328,0.000,-47.441,-1.347,-1.475,7.0
1250,0.552,-0.328,0.000,-47.438,-1.347,-1.475,7.0
1251,0.552,-0.328,0.000,-47.435,-1.348,-1.475,7.0
1252,0.552,-0.328,0.000,-47.430,-1.348,-1.475,7.0
1253,0.552,-0.328,0.000,-47.425,-1.348,-1.475,7.0
1254,0.552,-0.328,0.000,-47.419,-1.348,-1.475,7.0
1255,0.552,-0.328,0.000,-47.412,-1.348,-1.474,7.0
1256,0.552,-0.328,0.000,-47.404,-1.348,-1.474,7.0
1257,0.552,-0.328,0.000,-47.395,-1.349,-1.474,7.0
1258,0.552,-0.328,0.000,-47.386,-1.349,-1.474,7.0
1259,0.552,-0.328,0.000,-47.375,-1.349,-1.474,7.0
1260,0.552,-0.328,0.000,-47.364,-1.349,-1.473,7.0
1261,0.552,-0.328,0.000,-47.352,-1.350,-1.473,7.0
1262,0.552,-0.328,0.000,-47.340,-1.350,-1.473,7.0
1263,0.552,-0.328,0.000,-47.326,-1.350,-1.472,7.0
1264,0.552,-0.328,0.000,-47.312,-1.351,-1.472,7.0
1265,0.552,-0.328,0.000,-47.298,-1.351,-1.472,7.0
1266,0.552,-0.328,0.000,-47.286,-1.351,-1.472,7.0
1267,0.552,-0.328,0.000,-47.275,-1.352,-1.471,7.0
1268,0.552,-0.328,0.000,-47.264,-1.352,-1.471,7.0
1269,0.552,-0.328,0.000,-47.255,-1.352,-1.471,7.0
1270,0.552,-0.328,0.000,-47.247,-1.352,-1.471,7.0
1271,0.552,-0.328,0.000,-47.240,-1.353,-1.470,7.0
1272,0.552,-0.328,0.000,-47.234,-1.353,-1.470,7.0
1273,0.552,-0.328,0.000,-47.230,-1.353,-1.470,7.0
1274,0.552,-0.328,0.000,-47.226,-1.353,-1.470,7.0
1275,0.552,-0.328,0.000,-47.223,-1.353,-1.470,7.0
1276,0.552,-0.328,0.000,-47.221,-1.353,-1.470,7.0
1277,0.552,-0.328,0.000,-47.221,-1.353,-1.470,7.0
1278,0.552,-0.328,0.000,-47.221,-1.353,-1.470,7.0
1279,0.552,-0.328,0.000,-47.222,-1.353,-1.470,7.0
1280,0.552,-0.328,0.000,-47.224,-1.353,-1.470,7.0
1281,0.552,-0.328,0.000,-47.227,-1.353,-1.470,7.0
1282,0.552,-0.328,0.000,-47.231,-1.353,-1.470,7.0
1283,0.552,-0.328,0.000,-47.235,-1.353,-1.470,7.0
1284,0.552,-0.328,0.000,-47.241,-1.353,-1.470,7.0
1285,0.552,-0.328,0.000,-47.248,-1.352,-1.471,7.0
1286,0.552,-0.328,0.000,-47.255,-1.352,-1.471,7.0
1287,0.552,-0.328,0.000,-47.263,-1.352,-1.471,7.0
1288,0.552,-0.328,0.000,-47.272,-1.352,-1.471,7.0
1289,0.552,-0.328,0.000,-47.281,-1.351,-1.471,7.0
1290,0.552,-0.328,0.000,-47.292,-1.351,-1.472,7.0
1291,0.552,-0.328,0.000,-47.303,-1.351,-1.472,7.0
1292,0.552,-0.328,0.000,-47.315,-1.351,-1.472,7.0
1293,0.552,-0.328,0.000,-47.328,-1.350,-1.473,7.0
1294,0.552,-0.328,0.000,-47.341,-1.350,-1.473,7.0
1295,0.552,-0.328,0.000,-47.355,-1.350,-1.473,7.0
1296,0.552,-0.328,0.000,-47.369,-1.349,-1.473,7.0
1297,0.552,-0.328,0.000,-47.382,-1.349,-1.474,7.0
1298,0.552,-0.328,0.000,-47.393,-1.349,-1.474,7.0
1299,0.552,-0.328,0.000,-47.403,-1.348,-1.474,7.0
1300,0.552,-0.328,0.000,-47.412,-1.348,-1.474,7.0
1301,0.552,-0.328,0.000,-47.420,-1.348,-1.475,7.0
1302,0.552,-0.328,0.000,-47.427,-1.348,-1.475,7.0
1303,0.552,-0.328,0.000,-47.433,-1.348,-1.475,7.0
1304,0.552,-0.328,0.000,-47.438,-1.347,-1.475,7.0
1305,0.552,-0.328,0.000,-47.441,-1.347,-1.475,7.0
1306,0.552,-0.328,0.000,-47.444,-1.347,-1.475,7.0
1307,0.552,-0.328,0.000,-47.446,-1.347,-1.475,7.0
1308,0.552,-0.328,0.000,-47.446,-1.347,-1.475,7.0
1309,0.552,-0.328,0.000,-47.446,-1.347,-1.475,7.0
1310,0.552,-0.328,0.000,-47.445,-1.347,-1.475,7.0
1311,0.552,-0.328,0.000,-47.442,-1.347,-1.475,7.0
1312,0.552,-0.328,0.000,-47.439,-1.347,-1.475,7.0
1313,0.552,-0.328,0.000,-47.435,-1.348,-1.475,7.0
1314,0.552,-0.328,0.000,-47.430,-1.348,-1.475,7.0
1315,0.552,-0.328,0.000,-47.424,-1.348,-1.475,7.0
1316,0.552,-0.328,0.000,-47.417,-1.348,-1.475,7.0
1317,0.552,-0.328,0.000,-47.410,-1.348,-1.474,7.0
1318,0.552,-0.328,0.000,-47.401,-1.348,-1.474,7.0
1319,0.552,-0.328,0.000,-47.392,-1.349,-1.474,7.0
1320,0.552,-0.328,0.000,-47.382,-1.349,-1.474,7.0
1321,0.552,-0.328,0.000,-47.371,-1.349,-1.474,7.0
1322,0.552,-0.328,0.000,-47.360,-1.349,-1.473,7.0
1323,0.552,-0.328,0.000,-47.348,-1.350,-1.473,7.0
1324,0.552,-0.328,0.000,-47.334,-1.350,-1.473,7.0
1325,0.552,-0.328,0.000,-47.321,-1.350,-1.472,7.0
1326,0.552,-0.328,0.000,-47.306,-1.351,-1.472,7.0
1327,0.552,-0.328,0.000,-47.292,-1.351,-1.472,7.0
1328,0.552,-0.328,0.000,-47.279,-1.352,-1.471,7.0
1329,0.552,-0.328,0.000,-47.267,-1.352,-1.471,7.0
1330,0.552,-0.328,0.000,-47.256,-1.352,-1.471,7.0
1331,0.552,-0.328,0.000,-47.247,-1.352,-1.471,7.0
1332,0.552,-0.328,0.000,-47.239,-1.353,-1.470,7.0
1333,0.552,-0.328,0.000,-47.231,-1.353,-1.470,7.0
1334,0.552,-0.328,0.000,-47.225,-1.353,-1.470,7.0
1335,0.552,-0.328,0.000,-47.220,-1.353,-1.470,7.0
1336,0.552,-0.328,0.000,-47.216,-1.353,-1.470,7.0
1337,0.552,-0.328,0.000,-47.213,-1.353,-1.470,7.0
1338,0.552,-0.328,0.000,-47.210,-1.353,-1.470,7.0
1339,0.552,-0.328,0.000,-47.209,-1.353,-1.470,7.0
1340,0.552,-0.328,0.000,-47.209,-1.353,-1.470,7.0
1341,0.552,-0.328,0.000,-47.210,-1.353,-1.470,7.0
1342,0.552,-0.328,0.000,-47.212,-1.353,-1.470,7.0
1343,0.552,-0.328,0.000,-47.214,-1.353,-1.470,7.0
1344,0.552,-0.328,0.000,-47.218,-1.353,-1.470,7.0
1345,0.552,-0.328,0.000,-47.222,-1.353,-1.470,7.0
1346,0.552,-0.328,0.000,-47.228,-1.353,-1.470,7.0
1347,0.552,-0.328,0.000,-47.234,-1.353,-1.470,7.0
1348,0.552,-0.328,0.000,-47.241,-1.353,-1.470,7.0
1349,0.552,-0.328,0.000,-47.248,-1.352,-1.471,7.0
1350,0.552,-0.328,0.000,-47.257,-1.352,-1.471,7.0
1351,0.552,-0.328,0.000,-47.266,-1.352,-1.471,7.0
1352,0.552,-0.328,0.000,-47.277,-1.352,-1.471,7.0
1353,0.552,-0.328,0.000,-47.288,-1.351,-1.472,7.0
1354,0.552,-0.328,0.000,-47.299,-1.351,-1.472,7.0
1355,0.552,-0.328,0.000,-47.312,-1.351,-1.472,7.0
1356,0.552,-0.328,0.000,-47.325,-1.350,-1.472,7.0
1357,0.552,-0.328,0.000,-47.339,-1.350,-1.473,7.0
1358,0.552,-0.328,0.000,-47.353,-1.350,-1.473,7.0
1359,0.552,-0.328,0.000,-47.367,-1.349,-1.473,7.0
1360,0.552,-0.328,0.000,-47.380,-1.349,-1.474,7.0
1361,0.552,-0.328,0.000,-47.392,-1.349,-1.474,7.0
1362,0.552,-0.328,0.000,-47.403,-1.348,-1.474,7.0
1363,0.552,-0.328,0.000,-47.412,-1.348,-1.474,7.0
1364,0.552,-0.328,0.000,-47.421,-1.348,-1.475,7.0
1365,0.552,-0.328,0.000,-47.428,-1.348,-1.475,7.0
1366,0.552,-0.328,0.000,-47.434,-1.348,-1.475,7.0
1367,0.552,-0.328,0.000,-47.439,-1.347,-1.475,7.0
1368,0.552,-0.328,0.000,-47.443,-1.347,-1.475,7.0
1369,0.552,-0.328,0.000,-47.446,-1.347,-1.475,7.0
1370,0.552,-0.328,0.000,-47.448,-1.347,-1.475,7.0
1371,0.552,-0.328,0.000,-47.449,-1.347,-1.475,7.0
1372,0.552,-0.328,0.000,-47.449,-1.347,-1.475,7.0
1373,0.552,-0.328,0.000,-47.448,-1.347,-1.475,7.0
1374,0.552,-0.328,0.000,-47.446,-1.347,-1.475,7.0
1375,0.552,-0.328,0.000,-47.443,-1.347,-1.475,7.0
1376,0.552,-0.328,0.000,-47.440,-1.347,-1.475,7.0
1377,0.552,-0.328,0.000,-47.435,-1.348,-1.475,7.0
1378,0.552,-0.328,0.000,-47.429,-1.348,-1.475,7.0
1379,0.552,-0.328,0.000,-47.423,-1.348,-1.475,7.0
1380,0.552,-0.328,0.000,-47.416,-1.348,-1.475,7.0
1381,0.552,-0.328,0.000,-47.408,-1.348,-1.474,7.0
1382,0.552,-0.328,0.000,-47.399,-1.348,-1.474,7.0
1383,0.552,-0.328,0.000,-47.389,-1.349,-1.474,7.0
1384,0.552,-0.328,0.000,-47.378,-1.349,-1.474,7.0
1385,0.552,-0.328,0.000,-47.367,-1.349,-1.473,7.0
1386,0.552,-0.328,0.000,-47.355,-1.350,-1.473,7.0
1387,0.552,-0.328,0.000,-47.342,-1.350,-1.473,7.0
1388,0.552,-0.328,0.000,-47.329,-1.350,-1.473,7.0
1389,0.552,-0.328,0.000,-47.314,-1.351,-1.472,7.0
1390,0.552,-0.328,0.000,-47.300,-1.351,-1.472,7.0
1391,0.552,-0.328,0.000,-47.288,-1.351,-1.472,7.0
1392,0.552,-0.328,0.000,-47.276,-1.352,-1.471,7.0
1393,0.552,-0.328,0.000,-47.266,-1.352,-1.471,7.0
1394,0.552,-0.328,0.000,-47.256,-1.352,-1.471,7.0
1395,0.552,-0.328,0.000,-47.248,-1.352,-1.471,7.0
1396,0.552,-0.328,0.000,-47.241,-1.353,-1.470,7.0
1397,0.552,-0.328,0.000,-47.235,-1.353,-1.470,7.0
1398,0.552,-0.328,0.000,-47.230,-1.353,-1.470,7.0
1399,0.552,-0.328,0.000,-47.226,-1.353,-1.470,7.0
1400,0.552,-0.328,0.000,-47.223,-1.353,-1.470,7.0
1401,0.552,-0.328,0.000,-47.221,-1.353,-1.470,7.0
1402,0.552,-0.328,0.000,-47.220,-1.353,-1.470,7.0
1403,0.552,-0.328,0.000,-47.220,-1.353,-1.470,7.0
1404,0.552,-0.328,0.000,-47.221,-1.353,-1.470,7.0
1405,0.552,-0.328,0.000,-47.223,-1.353,-1.470,7.0
1406,0.552,-0.328,0.000,-47.226,-1.353,-1.470,7.0
1407,0.552,-0.328,0.000,-47.230,-1.353,-1.470,7.0
1408,0.552,-0.328,0.000,-47.234,-1.353,-1.470,7.0
1409,0.552,-0.328,0.000,-47.240,-1.353,-1.470,7.0
1410,0.552,-0.328,0.000,-47.246,-1.352,-1.471,7.0
1411,0.552,-0.328,0.000,-47.253,-1.352,-1.471,7.0
1412,0.552,-0.328,0.000,-47.261,-1.352,-1.471,7.0
1413,0.552,-0.328,0.000,-47.270,-1.352,-1.471,7.0
1414,0.552,-0.328,0.000,-47.279,-1.352,-1.471,7.0
1415,0.552,-0.328,0.000,-47.290,-1.351,-1.472,7.0
1416,0.552,-0.328,0.000,-47.301,-1.351,-1.472,7.0
1417,0.552,-0.328,0.000,-47.313,-1.351,-1.472,7.0
1418,0.552,-0.328,0.000,-47.325,-1.350,-1.472,7.0
1419,0.552,-0.328,0.000,-47.339,-1.350,-1.473,7.0
1420,0.552,-0.328,0.000,-47.353,-1.350,-1.473,7.0
1421,0.552,-0.328,0.000,-47.366,-1.349,-1.473,7.0
1422,0.552,-0.328,0.000,-47.379,-1.349,-1.474,7.0
1423,0.552,-0.328,0.000,-47.390,-1.349,-1.474,7.0
1424,0.552,-0.328,0.000,-47.400,-1.348,-1.474,7.0
1425,0.552,-0.328,0.000,-47.409,-1.348,-1.474,7.0
1426,0.552,-0.328,0.000,-47.417,-1.348,-1.475,7.0
1427,0.552,-0.328,0.000,-47.424,-1.348,-1.475,7.0
1428,0.552,-0.328,0.000,-47.430,-1.348,-1.475,7.0
1429,0.552,-0.328,0.000,-47.434,-1.348,-1.475,7.0
1430,0.552,-0.328,0.000,-47.438,-1.347,-1.475,7.0
1431,0.552,-0.328,0.000,-47.440,-1.347,-1.475,7.0
1432,0.552,-0.328,0.000,-47.442,-1.347,-1.475,7.0
1433,0.552,-0.328,0.000,-47.442,-1.347,-1.475,7.0
1434,0.552,-0.328,0.000,-47.442,-1.347,-1.475,7.0
1435,0.552,-0.328,0.000,-47.440,-1.347,-1.475,7.0
1436,0.552,-0.328,0.000,-47.438,-1.347,-1.475,7.0
1437,0.552,-0.328,0.000,-47.435,-1.348,-1.475,7.0
1438,0.552,-0.328,0.000,-47.431,-1.348,-1.475,7.0
1439,0.552,-0.328,0.000,-47.426,-1.348,-1.475,7.0
1440,0.552,-0.328,0.000,-47.420,-1.348,-1.475,7.0
1441,0.552,-0.328,0.000,-47.413,-1.348,-1.475,7.0
1442,0.552,-0.328,0.000,-47.405,-1.348,-1.474,7.0
1443,0.552,-0.328,0.000,-47.397,-1.349,-1.474,7.0
1444,0.552,-0.328,0.000,-47.387,-1.349,-1.474,7.0
1445,0.552,-0.328,0.000,-47.377,-1.349,-1.474,7.0
1446,0.552,-0.328,0.000,-47.366,-1.349,-1.473,7.0
1447,0.552,-0.328,0.000,-47.355,-1.350,-1.473,7.0
1448,0.552,-0.328,0.000,-47.342,-1.350,-1.473,7.0
1449,0.552,-0.328,0.000,-47.329,-1.350,-1.473,7.0
1450,0.552,-0.328,0.000,-47.315,-1.351,-1.472,7.0
1451,0.552,-0.328,0.000,-47.302,-1.351,-1.472,7.0
1452,0.552,-0.328,0.000,-47.289,-1.351,-1.472,7.0
1453,0.552,-0.328,0.000,-47.278,-1.352,-1.471,7.0
1454,0.552,-0.328,0.000,-47.268,-1.352,-1.471,7.0
1455,0.552,-0.328,0.000,-47.259,-1.352,-1.471,7.0
1456,0.552,-0.328,0.000,-47.251,-1.352,-1.471,7.0
1457,0.552,-0.328,0.000,-47.245,-1.352,-1.471,7.0
1458,0.552,-0.328,0.000,-47.239,-1.353,-1.470,7.0
1459,0.552,-0.328,0.000,-47.234,-1.353,-1.470,7.0
1460,0.552,-0.328,0.000,-47.231,-1.353,-1.470,7.0
1461,0.552,-0.328,0.000,-47.228,-1.353,-1.470,7.0
1462,0.552,-0.328,0.000,-47.227,-1.353,-1.470,7.0
1463,0.552,-0.328,0.000,-47.226,-1.353,-1.470,7.0
1464,0.552,-0.328,0.000,-47.226,-1.353,-1.470,7.0
1465,0.552,-0.328,0.000,-47.228,-1.353,-1.470,7.0
1466,0.552,-0.328,0.000,-47.230,-1.353,-1.470,7.0
1467,0.552,-0.328,0.000,-47.233,-1.353,-1.470,7.0
1468,0.552,-0.328,0.000,-47.237,-1.353,-1.470,7.0
1469,0.552,-0.328,0.000,-47.242,-1.352,-1.470,7.0
1470,0.552,-0.328,0.000,-47.248,-1.352,-1.471,7.0
1471,0.552,-0.328,0.000,-47.254,-1.352,-1.471,7.0
1472,0.552,-0.328,0.000,-47.262,-1.352,-1.471,7.0
1473,0.552,-0.328,0.000,-47.270,-1.352,-1.471,7.0
1474,0.552,-0.328,0.000,-47.279,-1.352,-1.471,7.0
1475,0.552,-0.328,0.000,-47.289,-1.351,-1.472,7.0
1476,0.552,-0.328,0.000,-47.299,-1.351,-1.472,7.0
1477,0.552,-0.328,0.000,-47.311,-1.351,-1.472,7.0
1478,0.552,-0.328,0.000,-47.323,-1.350,-1.472,7.0
1479,0.552,-0.328,0.000,-47.335,-1.350,-1.473,7.0
1480,0.552,-0.328,0.000,-47.349,-1.350,-1.473,7.0
1481,0.552,-0.328,0.000,-47.362,-1.349,-1.473,7.0
1482,0.552,-0.328,0.000,-47.374,-1.349,-1.474,7.0
1483,0.552,-0.328,0.000,-47.385,-1.349,-1.474,7.0
1484,0.552,-0.328,0.000,-47.395,-1.349,-1.474,7.0
1485,0.552,-0.328,0.000,-47.403,-1.348,-1.474,7.0
1486,0.552,-0.328,0.000,-47.411,-1.348,-1.474,7.0
1487,0.552,-0.328,0.000,-47.417,-1.348,-1.475,7.0
1488,0.552,-0.328,0.000,-47.422,-1.348,-1.475,7.0
1489,0.552,-0.328,0.000,-47.427,-1.348,-1.475,7.0
1490,0.552,-0.328,0.000,-47.430,-1.348,-1.475,7.0
1491,0.552,-0.328,0.000,-47.432,-1.348,-1.475,7.0
1492,0.552,-0.328,0.000,-47.433,-1.348,-1.475,7.0
1493,0.552,-0.328,0.000,-47.433,-1.348,-1.475,7.0
1494,0.552,-0.328,0.000,-47.432,-1.348,-1.475,7.0
1495,0.552,-0.328,0.000,-47.431,-1.348,-1.475,7.0
1496,0.552,-0.328,0.000,-47.428,-1.348,-1.475,7.0
1497,0.552,-0.328,0.000,-47.424,-1.348,-1.475,7.0
1498,0.552,-0.328,0.000,-47.420,-1.348,-1.475,7.0
1499,0.552,-0.328,0.000,-47.414,-1.348,-1.475,7.0
1500,0.552,-0.328,0.000,-47.408,-1.348,-1.474,7.0
1501,0.552,-0.328,0.000,-47.401,-1.348,-1.474,7.0
1502,0.552,-0.328,0.000,-47.393,-1.349,-1.474,7.0
1503,0.552,-0.328,0.000,-47.384,-1.349,-1.474,7.0
1504,0.552,-0.328,0.000,-47.375,-1.349,-1.474,7.0
1505,0.552,-0.328,0.000,-47.364,-1.349,-1.473,7.0
1506,0.552,-0.328,0.000,-47.353,-1.350,-1.473,7.0
1507,0.552,-0.328,0.000,-47.341,-1.350,-1.473,7.0
1508,0.552,-0.328,0.000,-47.329,-1.350,-1.473,7.0
1509,0.552,-0.328,0.000,-47.315,-1.351,-1.472,7.0
1510,0.552,-0.328,0.000,-47.302,-1.351,-1.472,7.0
1511,0.552,-0.328,0.000,-47.290,-1.351,-1.472,7.0
1512,0.552,-0.328,0.000,-47.279,-1.352,-1.471,7.0
1513,0.552,-0.328,0.000,-47.270,-1.352,-1.471,7.0
1514,0.552,-0.328,0.000,-47.261,-1.352,-1.471,7.0
1515,0.552,-0.328,0.000,-47.254,-1.352,-1.471,7.0
1516,0.552,-0.328,0.000,-47.248,-1.352,-1.471,7.0
1517,0.552,-0.328,0.000,-47.242,-1.352,-1.470,7.0
1518,0.552,-0.328,0.000,-47.238,-1.353,-1.470,7.0
1519,0.552,-0.328,0.000,-47.235,-1.353,-1.470,7.0
1520,0.552,-0.328,0.000,-47.233,-1.353,-1.470,7.0
1521,0.552,-0.328,0.000,-47.231,-1.353,-1.470,7.0
1522,0.552,-0.328,0.000,-47.231,-1.353,-1.470,7.0
1523,0.552,-0.328,0.000,-47.232,-1.353,-1.470,7.0
1524,0.552,-0.328,0.000,-47.234,-1.353,-1.470,7.0
1525,0.552,-0.328,0.000,-47.236,-1.353,-1.470,7.0
1526,0.552,-0.328,0.000,-47.240,-1.353,-1.470,7.0
1527,0.552,-0.328,0.000,-47.244,-1.352,-1.471,7.0
1528,0.552,-0.328,0.000,-47.249,-1.352,-1.471,7.0
1529,0.552,-0.328,0.000,-47.255,-1.352,-1.471,7.0
1530,0.552,-0.328,0.000,-47.262,-1.352,-1.471,7.0
1531,0.552,-0.328,0.000,-47.270,-1.352,-1.471,7.0
1532,0.552,-0.328,0.000,-47.278,-1.352,-1.471,7.0
1533,0.552,-0.328,0.000,-47.288,-1.351,-1.472,7.0
1534,0.552,-0.328,0.000,-47.298,-1.351,-1.472,7.0
1535,0.552,-0.328,0.000,-47.309,-1.351,-1.472,7.0
1536,0.552,-0.328,0.000,-47.320,-1.350,-1.472,7.0
1537,0.552,-0.328,0.000,-47.333,-1.350,-1.473,7.0
1538,0.552,-0.328,0.000,-47.346,-1.350,-1.473,7.0
1539,0.552,-0.328,0.000,-47.359,-1.349,-1.473,7.0
1540,0.552,-0.328,0.000,-47.373,-1.349,-1.474,7.0
1541,0.552,-0.328,0.000,-47.385,-1.349,-1.474,7.0
1542,0.552,-0.328,0.000,-47.396,-1.349,-1.474,7.0
1543,0.552,-0.328,0.000,-47.406,-1.348,-1.474,7.0
1544,0.552,-0.328,0.000,-47.415,-1.348,-1.475,7.0
1545,0.552,-0.328,0.000,-47.423,-1.348,-1.475,7.0
1546,0.552,-0.328,0.000,-47.429,-1.348,-1.475,7.0
1547,0.552,-0.328,0.000,-47.435,-1.348,-1.475,7.0
1548,0.552,-0.328,0.000,-47.439,-1.347,-1.475,7.0
1549,0.552,-0.328,0.000,-47.443,-1.347,-1.475,7.0
1550,0.552,-0.328,0.000,-47.445,-1.347,-1.475,7.0
1551,0.552,-0.328,0.000,-47.446,-1.347,-1.475,7.0
1552,0.552,-0.328,0.000,-47.447,-1.347,-1.475,7.0
1553,0.552,-0.328,0.000,-47.446,-1.347,-1.475,7.0
1554,0.552,-0.328,0.000,-47.445,-1.347,-1.475,7.0
1555,0.552,-0.328,0.000,-47.442,-1.347,-1.475,7.0
1556,0.552,-0.328,0.000,-47.439,-1.347,-1.475,7.0
1557,0.552,-0.328,0.000,-47.434,-1.348,-1.475,7.0
1558,0.552,-0.328,0.000,-47.429,-1.348,-1.475,7.0
1559,0.552,-0.328,0.000,-47.423,-1.348,-1.475,7.0
1560,0.552,-0.328,0.000,-47.416,-1.348,-1.475,7.0
1561,0.552,-0.328,0.000,-47.408,-1.348,-1.474,7.0
1562,0.552,-0.328,0.000,-47.400,-1.348,-1.474,7.0
1563,0.552,-0.328,0.000,-47.390,-1.349,-1.474,7.0
1564,0.552,-0.328,0.000,-47.380,-1.349,-1.474,7.0
1565,0.552,-0.328,0.000,-47.369,-1.349,-1.473,7.0
1566,0.552,-0.328,0.000,-47.357,-1.350,-1.473,7.0
1567,0.552,-0.328,0.000,-47.345,-1.350,-1.473,7.0
1568,0.552,-0.328,0.000,-47.331,-1.350,-1.473,7.0
1569,0.552,-0.328,0.000,-47.317,-1.351,-1.472,7.0
1570,0.552,-0.328,0.000,-47.304,-1.351,-1.472,7.0
1571,0.552,-0.328,0.000,-47.291,-1.351,-1.472,7.0
1572,0.552,-0.328,0.000,-47.280,-1.352,-1.471,7.0
1573,0.552,-0.328,0.000,-47.270,-1.352,-1.471,7.0
1574,0.552,-0.328,0.000,-47.261,-1.352,-1.471,7.0
1575,0.552,-0.328,0.000,-47.253,-1.352,-1.471,7.0
1576,0.552,-0.328,0.000,-47.246,-1.352,-1.471,7.0
1577,0.552,-0.328,0.000,-47.240,-1.353,-1.470,7.0
1578,0.552,-0.328,0.000,-47.235,-1.353,-1.470,7.0
1579,0.552,-0.328,0.000,-47.232,-1.353,-1.470,7.0
1580,0.552,-0.328,0.000,-47.229,-1.353,-1.470,7.0
1581,0.552,-0.328,0.000,-47.227,-1.353,-1.470,7.0
1582,0.552,-0.328,0.000,-47.227,-1.353,-1.470,7.0
1583,0.552,-0.328,0.000,-47.227,-1.353,-1.470,7.0
1584,0.552,-0.328,0.000,-47.228,-1.353,-1.470,7.0
1585,0.552,-0.328,0.000,-47.230,-1.353,-1.470,7.0
1586,0.552,-0.328,0.000,-47.233,-1.353,-1.470,7.0
1587,0.552,-0.328,0.000,-47.237,-1.353,-1.470,7.0
1588,0.552,-0.328,0.000,-47.242,-1.352,-1.470,7.0
1589,0.552,-0.328,0.000,-47.248,-1.352,-1.471,7.0
1590,0.552,-0.328,0.000,-47.254,-1.352,-1.471,7.0
1591,0.552,-0.328,0.000,-47.261,-1.352,-1.471,7.0
1592,0.552,-0.328,0.000,-47.270,-1.352,-1.471,7.0
1593,0.552,-0.328,0.000,-47.278,-1.352,-1.471,7.0
1594,0.552,-0.328,0.000,-47.288,-1.351,-1.472,7.0
1595,0.552,-0.328,0.000,-47.299,-1.351,-1.472,7.0
1596,0.552,-0.328,0.000,-47.310,-1.351,-1.472,7.0
1597,0.552,-0.328,0.000,-47.322,-1.350,-1.472,7.0
1598,0.552,-0.328,0.000,-47.335,-1.350,-1.473,7.0
1599,0.552,-0.328,0.000,-47.348,-1.350,-1.473,7.0
1600,0.552,-0.328,0.000,-47.361,-1.349,-1.473,7.0
1601,0.552,-0.328,0.000,-47.373,-1.349,-1.474,7.0
1602,0.552,-0.328,0.000,-47.384,-1.349,-1.474,7.0
1603,0.552,-0.328,0.000,-47.394,-1.349,-1.474,7.0
1604,0.552,-0.328,0.000,-47.402,-1.348,-1.474,7.0
1605,0.552,-0.328,0.000,-47.410,-1.348,-1.474,7.0
1606,0.552,-0.328,0.000,-47.416,-1.348,-1.475,7.0
1607,0.552,-0.328,0.000,-47.421,-1.348,-1.475,7.0
1608,0.552,-0.328,0.000,-47.425,-1.348,-1.475,7.0
1609,0.552,-0.328,0.000,-47.428,-1.348,-1.475,7.0
1610,0.552,-0.328,0.000,-47.431,-1.348,-1.475,7.0
1611,0.552,-0.328,0.000,-47.432,-1.348,-1.475,7.0
1612,0.552,-0.328,0.000,-47.432,-1.348,-1.475,7.0
1613,0.552,-0.328,0.000,-47.431,-1.348,-1.475,7.0
1614,0.552,-0.328,0.000,-47.429,-1.348,-1.475,7.0
1615,0.552,-0.328,0.000,-47.426,-1.348,-1.475,7.0
1616,0.552,-0.328,0.000,-47.423,-1.348,-1.475,7.0
1617,0.552,-0.328,0.000,-47.418,-1.348,-1.475,7.0
1618,0.552,-0.328,0.000,-47.413,-1.348,-1.474,7.0
1619,0.552,-0.328,0.000,-47.406,-1.348,-1.474,7.0
1620,0.552,-0.328,0.000,-47.399,-1.348,-1.474,7.0
1621,0.552,-0.328,0.000,-47.391,-1.349,-1.474,7.0
1622,0.552,-0.328,0.000,-47.382,-1.349,-1.474,7.0
1623,0.552,-0.328,0.000,-47.373,-1.349,-1.474,7.0
1624,0.552,-0.328,0.000,-47.362,-1.349,-1.473,7.0
1625,0.552,-0.328,0.000,-47.351,-1.350,-1.473,7.0
1626,0.552,-0.328,0.000,-47.339,-1.350,-1.473,7.0
1627,0.552,-0.328,0.000,-47.326,-1.350,-1.472,7.0
1628,0.552,-0.328,0.000,-47.313,-1.351,-1.472,7.0
1629,0.552,-0.328,0.000,-47.300,-1.351,-1.472,7.0
1630,0.552,-0.328,0.000,-47.288,-1.351,-1.472,7.0
1631,0.552,-0.328,0.000,-47.277,-1.352,-1.471,7.0
1632,0.552,-0.328,0.000,-47.267,-1.352,-1.471,7.0
1633,0.552,-0.328,0.000,-47.259,-1.352,-1.471,7.0
1634,0.552,-0.328,0.000,-47.251,-1.352,-1.471,7.0
1635,0.552,-0.328,0.000,-47.245,-1.352,-1.471,7.0
1636,0.552,-0.328,0.000,-47.240,-1.353,-1.470,7.0
1637,0.552,-0.328,0.000,-47.235,-1.353,-1.470,7.0
1638,0.552,-0.328,0.000,-47.232,-1.353,-1.470,7.0
1639,0.552,-0.328,0.000,-47.230,-1.353,-1.470,7.0
1640,0.552,-0.328,0.000,-47.229,-1.353,-1.470,7.0
1641,0.552,-0.328,0.000,-47.228,-1.353,-1.470,7.0
1642,0.552,-0.328,0.000,-47.229,-1.353,-1.470,7.0
1643,0.552,-0.328,0.000,-47.231,-1.353,-1.470,7.0
1644,0.552,-0.328,0.000,-47.233,-1.353,-1.470,7.0
1645,0.552,-0.328,0.000,-47.237,-1.353,-1.470,7.0
1646,0.552,-0.328,0.000,-47.241,-1.353,-1.470,7.0
1647,0.552,-0.328,0.000,-47.246,-1.352,-1.471,7.0
1648,0.552,-0.328,0.000,-47.252,-1.352,-1.471,7.0
1649,0.552,-0.328,0.000,-47.259,-1.352,-1.471,7.0
1650,0.552,-0.328,0.000,-47.267,-1.352,-1.471,7.0
1651,0.552,-0.328,0.000,-47.275,-1.352,-1.471,7.0
1652,0.552,-0.328,0.000,-47.285,-1.351,-1.471,7.0
1653,0.552,-0.328,0.000,-47.295,-1.351,-1.472,7.0
1654,0.552,-0.328,0.000,-47.305,-1.351,-1.472,7.0
1655,0.552,-0.328,0.000,-47.317,-1.351,-1.472,7.0
1656,0.552,-0.328,0.000,-47.329,-1.350,-1.473,7.0
1657,0.552,-0.328,0.000,-47.342,-1.350,-1.473,7.0
1658,0.552,-0.328,0.000,-47.356,-1.350,-1.473,7.0
1659,0.552,-0.328,0.000,-47.370,-1.349,-1.473,7.0
1660,0.552,-0.328,0.000,-47.382,-1.349,-1.474,7.0
1661,0.552,-0.328,0.000,-47.393,-1.349,-1.474,7.0
1662,0.552,-0.328,0.000,-47.403,-1.348,-1.474,7.0
1663,0.552,-0.328,0.000,-47.412,-1.348,-1.474,7.0
1664,0.552,-0.328,0.000,-47.419,-1.348,-1.475,7.0
1665,0.552,-0.328,0.000,-47.426,-1.348,-1.475,7.0
1666,0.552,-0.328,0.000,-47.432,-1.348,-1.475,7.0
1667,0.552,-0.328,0.000,-47.436,-1.348,-1.475,7.0
1668,0.552,-0.328,0.000,-47.439,-1.347,-1.475,7.0
1669,0.552,-0.328,0.000,-47.442,-1.347,-1.475,7.0
1670,0.552,-0.328,0.000,-47.443,-1.347,-1.475,7.0
1671,0.552,-0.328,0.000,-47.443,-1.347,-1.475,7.0
1672,0.552,-0.328,0.000,-47.443,-1.347,-1.475,7.0
1673,0.552,-0.328,0.000,-47.441,-1.347,-1.475,7.0
1674,0.552,-0.328,0.000,-47.439,-1.347,-1.475,7.0
1675,0.552,-0.328,0.000,-47.435,-1.348,-1.475,7.0
1676,0.552,-0.328,0.000,-47.431,-1.348,-1.475,7.0
1677,0.552,-0.328,0.000,-47.426,-1.348,-1.475,7.0
1678,0.552,-0.328,0.000,-47.419,-1.348,-1.475,7.0
1679,0.552,-0.328,0.000,-47.412,-1.348,-1.474,7.0
1680,0.552,-0.328,0.000,-47.405,-1.348,-1.474,7.0
1681,0.552,-0.328,0.000,-47.396,-1.349,-1.474,7.0
1682,0.552,-0.328,0.000,-47.387,-1.349,-1.474,7.0
1683,0.552,-0.328,0.000,-47.376,-1.349,-1.474,7.0
1684,0.552,-0.328,0.000,-47.365,-1.349,-1.473,7.0
1685,0.552,-0.328,0.000,-47.354,-1.350,-1.473,7.0
1686,0.552,-0.328,0.000,-47.341,-1.350,-1.473,7.0
1687,0.552,-0.328,0.000,-47.328,-1.350,-1.473,7.0
1688,0.552,-0.328,0.000,-47.314,-1.351,-1.472,7.0
1689,0.552,-0.328,0.000,-47.300,-1.351,-1.472,7.0
1690,0.552,-0.328,0.000,-47.288,-1.351,-1.472,7.0
1691,0.552,-0.328,0.000,-47.276,-1.352,-1.471,7.0
1692,0.552,-0.328,0.000,-47.266,-1.352,-1.471,7.0
1693,0.552,-0.328,0.000,-47.257,-1.352,-1.471,7.0
1694,0.552,-0.328,0.000,-47.249,-1.352,-1.471,7.0
1695,0.552,-0.328,0.000,-47.242,-1.352,-1.470,7.0
1696,0.552,-0.328,0.000,-47.236,-1.353,-1.470,7.0
1697,0.552,-0.328,0.000,-47.232,-1.353,-1.470,7.0
1698,0.552,-0.328,0.000,-47.228,-1.353,-1.470,7.0
1699,0.552,-0.328,0.000,-47.225,-1.353,-1.470,7.0
1700,0.552,-0.328,0.000,-47.224,-1.353,-1.470,7.0
1701,0.552,-0.328,0.000,-47.223,-1.353,-1.470,7.0
1702,0.552,-0.328,0.000,-47.223,-1.353,-1.470,7.0
1703,0.552,-0.328,0.000,-47.224,-1.353,-1.470,7.0
1704,0.552,-0.328,0.000,-47.226,-1.353,-1.470,7.0
1705,0.552,-0.328,0.000,-47.229,-1.353,-1.470,7.0
1706,0.552,-0.328,0.000,-47.233,-1.353,-1.470,7.0
1707,0.552,-0.328,0.000,-47.238,-1.353,-1.470,7.0
1708,0.552,-0.328,0.000,-47.244,-1.352,-1.471,7.0
1709,0.552,-0.328,0.000,-47.250,-1.352,-1.471,7.0
1710,0.552,-0.328,0.000,-47.258,-1.352,-1.471,7.0
1711,0.552,-0.328,0.000,-47.266,-1.352,-1.471,7.0
1712,0.552,-0.328,0.000,-47.275,-1.352,-1.471,7.0
1713,0.552,-0.328,0.000,-47.284,-1.351,-1.471,7.0
1714,0.552,-0.328,0.000,-47.295,-1.351,-1.472,7.0
1715,0.552,-0.328,0.000,-47.306,-1.351,-1.472,7.0
1716,0.552,-0.328,0.000,-47.318,-1.351,-1.472,7.0
1717,0.552,-0.328,0.000,-47.331,-1.350,-1.473,7.0
1718,0.552,-0.328,0.000,-47.344,-1.350,-1.473,7.0
1719,0.552,-0.328,0.000,-47.358,-1.349,-1.473,7.0
1720,0.552,-0.328,0.000,-47.372,-1.349,-1.474,7.0
1721,0.552,-0.328,0.000,-47.385,-1.349,-1.474,7.0
1722,0.552,-0.328,0.000,-47.396,-1.349,-1.474,7.0
1723,0.552,-0.328,0.000,-47.407,-1.348,-1.474,7.0
1724,0.552,-0.328,0.000,-47.416,-1.348,-1.475,7.0
1725,0.552,-0.328,0.000,-47.424,-1.348,-1.475,7.0
1726,0.552,-0.328,0.000,-47.431,-1.348,-1.475,7.0
1727,0.552,-0.328,0.000,-47.437,-1.347,-1.475,7.0
1728,0.552,-0.328,0.000,-47.441,-1.347,-1.475,7.0
1729,0.552,-0.328,0.000,-47.445,-1.347,-1.475,7.0
1730,0.552,-0.328,0.000,-47.448,-1.347,-1.475,7.0
1731,0.552,-0.328,0.000,-47.449,-1.347,-1.475,7.0
1732,0.552,-0.328,0.000,-47.450,-1.347,-1.475,7.0
1733,0.552,-0.328,0.000,-47.450,-1.347,-1.475,7.0
1734,0.552,-0.328,0.000,-47.448,-1.347,-1.475,7.0
1735,0.552,-0.328,0.000,-47.446,-1.347,-1.475,7.0
1736,0.552,-0.328,0.000,-47.443,-1.347,-1.475,7.0
1737,0.552,-0.328,0.000,-47.439,-1.347,-1.475,7.0
1738,0.552,-0.328,0.000,-47.434,-1.348,-1.475,7.0
1739,0.552,-0.328,0.000,-47.428,-1.348,-1.475,7.0
1740,0.552,-0.328,0.000,-47.421,-1.348,-1.475,7.0
1741,0.552,-0.328,0.000,-47.414,-1.348,-1.475,7.0
1742,0.552,-0.328,0.000,-47.405,-1.348,-1.474,7.0
1743,0.552,-0.328,0.000,-47.396,-1.349,-1.474,7.0
1744,0.552,-0.328,0.000,-47.386,-1.349,-1.474,7.0
1745,0.552,-0.328,0.000,-47.375,-1.349,-1.474,7.0
1746,0.552,-0.328,0.000,-47.364,-1.349,-1.473,7.0
1747,0.552,-0.328,0.000,-47.351,-1.350,-1.473,7.0
1748,0.552,-0.328,0.000,-47.338,-1.350,-1.473,7.0
1749,0.552,-0.328,0.000,-47.325,-1.350,-1.472,7.0
1750,0.552,-0.328,0.000,-47.310,-1.351,-1.472,7.0
1751,0.552,-0.328,0.000,-47.296,-1.351,-1.472,7.0
1752,0.552,-0.328,0.000,-47.283,-1.351,-1.471,7.0
1753,0.552,-0.328,0.000,-47.271,-1.352,-1.471,7.0
1754,0.552,-0.328,0.000,-47.261,-1.352,-1.471,7.0
1755,0.552,-0.328,0.000,-47.251,-1.352,-1.471,7.0
1756,0.552,-0.328,0.000,-47.243,-1.352,-1.470,7.0
1757,0.552,-0.328,0.000,-47.235,-1.353,-1.470,7.0
1758,0.552,-0.328,0.000,-47.229,-1.353,-1.470,7.0
1759,0.552,-0.328,0.000,-47.224,-1.353,-1.470,7.0
1760,0.552,-0.328,0.000,-47.220,-1.353,-1.470,7.0
1761,0.552,-0.328,0.000,-47.217,-1.353,-1.470,7.0
1762,0.552,-0.328,0.000,-47.215,-1.353,-1.470,7.0
1763,0.552,-0.328,0.000,-47.213,-1.353,-1.470,7.0
1764,0.552,-0.328,0.000,-47.213,-1.353,-1.470,7.0
1765,0.552,-0.328,0.000,-47.214,-1.353,-1.470,7.0
1766,0.552,-0.328,0.000,-47.216,-1.353,-1.470,7.0
1767,0.552,-0.328,0.000,-47.219,-1.353,-1.470,7.0
1768,0.552,-0.328,0.000,-47.222,-1.353,-1.470,7.0
1769,0.552,-0.328,0.000,-47.226,-1.353,-1.470,7.0
1770,0.552,-0.328,0.000,-47.232,-1.353,-1.470,7.0
1771,0.552,-0.328,0.000,-47.238,-1.353,-1.470,7.0
1772,0.552,-0.328,0.000,-47.245,-1.352,-1.471,7.0
1773,0.552,-0.328,0.000,-47.253,-1.352,-1.471,7.0
1774,0.552,-0.328,0.000,-47.261,-1.352,-1.471,7.0
1775,0.552,-0.328,0.000,-47.271,-1.352,-1.471,7.0
1776,0.552,-0.328,0.000,-47.281,-1.351,-1.471,7.0
1777,0.552,-0.328,0.000,-47.292,-1.351,-1.472,7.0
1778,0.552,-0.328,0.000,-47.304,-1.351,-1.472,7.0
1779,0.552,-0.328,0.000,-47.316,-1.351,-1.472,7.0
1780,0.552,-0.328,0.000,-47.329,-1.350,-1.473,7.0
1781,0.552,-0.328,0.000,-47.343,-1.350,-1.473,7.0
1782,0.552,-0.328,0.000,-47.358,-1.350,-1.473,7.0
1783,0.552,-0.328,0.000,-47.372,-1.349,-1.474,7.0
1784,0.552,-0.328,0.000,-47.385,-1.349,-1.474,7.0
1785,0.552,-0.328,0.000,-47.397,-1.349,-1.474,7.0
1786,0.552,-0.328,0.000,-47.407,-1.348,-1.474,7.0
1787,0.552,-0.328,0.000,-47.417,-1.348,-1.475,7.0
1788,0.552,-0.328,0.000,-47.425,-1.348,-1.475,7.0
1789,0.552,-0.328,0.000,-47.433,-1.348,-1.475,7.0
1790,0.552,-0.328,0.000,-47.439,-1.347,-1.475,7.0
1791,0.552,-0.328,0.000,-47.444,-1.347,-1.475,7.0
1792,0.552,-0.328,0.000,-47.448,-1.347,-1.475,7.0
1793,0.552,-0.328,0.000,-47.451,-1.347,-1.475,7.0
1794,0.552,-0.328,0.000,-47.453,-1.347,-1.475,7.0
1795,0.552,-0.328,0.000,-47.454,-1.347,-1.475,7.0
1796,0.552,-0.328,0.000,-47.454,-1.347,-1.475,7.0
1797,0.552,-0.328,0.000,-47.453,-1.347,-1.475,7.0
1798,0.552,-0.328,0.000,-47.451,-1.347,-1.475,7.0
1799,0.552,-0.328,0.000,-47.448,-1.347,-1.475,7.0
1800,0.552,-0.328,0.000,-47.444,-1.347,-1.475,7.0
1801,0.552,-0.328,0.000,-47.439,-1.347,-1.475,7.0
1802,0.552,-0.328,0.000,-47.434,-1.348,-1.475,7.0
1803,0.552,-0.328,0.000,-47.427,-1.348,-1.475,7.0
1804,0.552,-0.328,0.000,-47.420,-1.348,-1.475,7.0
1805,0.552,-0.328,0.000,-47.412,-1.348,-1.474,7.0
1806,0.552,-0.328,0.000,-47.403,-1.348,-1.474,7.0
1807,0.552,-0.328,0.000,-47.393,-1.349,-1.474,7.0
1808,0.552,-0.328,0.000,-47.383,-1.349,-1.474,7.0
1809,0.552,-0.328,0.000,-47.371,-1.349,-1.474,7.0
1810,0.552,-0.328,0.000,-47.359,-1.349,-1.473,7.0
1811,0.552,-0.328,0.000,-47.347,-1.350,-1.473,7.0
1812,0.552,-0.328,0.000,-47.333,-1.350,-1.473,7.0
1813,0.552,-0.328,0.000,-47.319,-1.351,-1.472,7.0
1814,0.552,-0.328,0.000,-47.304,-1.351,-1.472,7.0
1815,0.552,-0.328,0.000,-47.289,-1.351,-1.472,7.0
1816,0.552,-0.328,0.000,-47.276,-1.352,-1.471,7.0
1817,0.552,-0.328,0.000,-47.263,-1.352,-1.471,7.0
1818,0.552,-0.328,0.000,-47.252,-1.352,-1.471,7.0
1819,0.552,-0.328,0.000,-47.242,-1.352,-1.470,7.0
1820,0.552,-0.328,0.000,-47.234,-1.353,-1.470,7.0
1821,0.552,-0.328,0.000,-47.226,-1.353,-1.470,7.0
1822,0.552,-0.328,0.000,-47.219,-1.353,-1.470,7.0
1823,0.552,-0.328,0.000,-47.214,-1.353,-1.470,7.0
1824,0.552,-0.328,0.000,-47.209,-1.353,-1.470,7.0
1825,0.552,-0.328,0.000,-47.206,-1.353,-1.470,7.0
1826,0.552,-0.328,0.000,-47.203,-1.353,-1.470,7.0
1827,0.552,-0.328,0.000,-47.202,-1.354,-1.470,7.0
1828,0.552,-0.328,0.000,-47.201,-1.354,-1.470,7.0
1829,0.552,-0.328,0.000,-47.202,-1.354,-1.470,7.0
1830,0.552,-0.328,0.000,-47.203,-1.353,-1.470,7.0
1831,0.552,-0.328,0.000,-47.205,-1.353,-1.470,7.0
1832,0.552,-0.328,0.000,-47.208,-1.353,-1.470,7.0
1833,0.552,-0.328,0.000,-47.213,-1.353,-1.470,7.0
1834,0.552,-0.328,0.000,-47.217,-1.353,-1.470,7.0
1835,0.552,-0.328,0.000,-47.223,-1.353,-1.470,7.0
1836,0.552,-0.328,0.000,-47.230,-1.353,-1.470,7.0
1837,0.552,-0.328,0.000,-47.237,-1.353,-1.470,7.0
1838,0.552,-0.328,0.000,-47.246,-1.352,-1.471,7.0
1839,0.552,-0.328,0.000,-47.255,-1.352,-1.471,7.0
1840,0.552,-0.328,0.000,-47.265,-1.352,-1.471,7.0
1841,0.552,-0.328,0.000,-47.275,-1.352,-1.471,7.0
1842,0.552,-0.328,0.000,-47.287,-1.351,-1.472,7.0
1843,0.552,-0.328,0.000,-47.299,-1.351,-1.472,7.0
1844,0.552,-0.328,0.000,-47.312,-1.351,-1.472,7.0
1845,0.552,-0.328,0.000,-47.325,-1.350,-1.472,7.0
1846,0.552,-0.328,0.000,-47.340,-1.350,-1.473,7.0
1847,0.552,-0.328,0.000,-47.355,-1.350,-1.473,7.0
1848,0.552,-0.328,0.000,-47.369,-1.349,-1.473,7.0
1849,0.552,-0.328,0.000,-47.383,-1.349,-1.474,7.0
1850,0.552,-0.328,0.000,-47.395,-1.349,-1.474,7.0
1851,0.552,-0.328,0.000,-47.406,-1.348,-1.474,7.0
1852,0.552,-0.328,0.000,-47.416,-1.348,-1.475,7.0
1853,0.552,-0.328,0.000,-47.425,-1.348,-1.475,7.0
1854,0.552,-0.328,0.000,-47.432,-1.348,-1.475,7.0
1855,0.552,-0.328,0.000,-47.439,-1.347,-1.475,7.0
1856,0.552,-0.328,0.000,-47.444,-1.347,-1.475,7.0
1857,0.552,-0.328,0.000,-47.449,-1.347,-1.475,7.0
1858,0.552,-0.328,0.000,-47.452,-1.347,-1.475,7.0
1859,0.552,-0.328,0.000,-47.454,-1.347,-1.475,7.0
1860,0.552,-0.328,0.000,-47.456,-1.347,-1.476,7.0
1861,0.552,-0.328,0.000,-47.456,-1.347,-1.476,7.0
1862,0.552,-0.328,0.000,-47.455,-1.347,-1.476,7.0
1863,0.552,-0.328,0.000,-47.454,-1.347,-1.475,7.0
1864,0.552,-0.328,0.000,-47.451,-1.347,-1.475,7.0
1865,0.552,-0.328,0.000,-47.448,-1.347,-1.475,7.0
1866,0.552,-0.328,0.000,-47.443,-1.347,-1.475,7.0
1867,0.552,-0.328,0.000,-47.438,-1.347,-1.475,7.0
1868,0.552,-0.328,0.000,-47.432,-1.348,-1.475,7.0
1869,0.552,-0.328,0.000,-47.425,-1.348,-1.475,7.0
1870,0.552,-0.328,0.000,-47.417,-1.348,-1.475,7.0
1871,0.552,-0.328,0.000,-47.408,-1.348,-1.474,7.0
1872,0.552,-0.328,0.000,-47.399,-1.348,-1.474,7.0
1873,0.552,-0.328,0.000,-47.389,-1.349,-1.474,7.0
1874,0.552,-0.328,0.000,-47.377,-1.349,-1.474,7.0
1875,0.552,-0.328,0.000,-47.366,-1.349,-1.473,7.0
1876,0.552,-0.328,0.000,-47.353,-1.350,-1.473,7.0
1877,0.552,-0.328,0.000,-47.340,-1.350,-1.473,7.0
1878,0.552,-0.328,0.000,-47.326,-1.350,-1.472,7.0
1879,0.552,-0.328,0.000,-47.311,-1.351,-1.472,7.0
1880,0.552,-0.328,0.000,-47.297,-1.351,-1.472,7.0
1881,0.552,-0.328,0.000,-47.283,-1.351,-1.471,7.0
1882,0.552,-0.328,0.000,-47.271,-1.352,-1.471,7.0
1883,0.552,-0.328,0.000,-47.260,-1.352,-1.471,7.0
1884,0.552,-0.328,0.000,-47.251,-1.352,-1.471,7.0
1885,0.552,-0.328,0.000,-47.242,-1.352,-1.470,7.0
1886,0.552,-0.328,0.000,-47.235,-1.353,-1.470,7.0
1887,0.552,-0.328,0.000,-47.228,-1.353,-1.470,7.0
1888,0.552,-0.328,0.000,-47.223,-1.353,-1.470,7.0
1889,0.552,-0.328,0.000,-47.218,-1.353,-1.470,7.0
1890,0.552,-0.328,0.000,-47.215,-1.353,-1.470,7.0
1891,0.552,-0.328,0.000,-47.213,-1.353,-1.470,7.0
1892,0.552,-0.328,0.000,-47.211,-1.353,-1.470,7.0
1893,0.552,-0.328,0.000,-47.211,-1.353,-1.470,7.0
1894,0.552,-0.328,0.000,-47.212,-1.353,-1.470,7.0
1895,0.552,-0.328,0.000,-47.213,-1.353,-1.470,7.0
1896,0.552,-0.328,0.000,-47.216,-1.353,-1.470,7.0
1897,0.552,-0.328,0.000,-47.219,-1.353,-1.470,7.0
1898,0.552,-0.328,0.000,-47.223,-1.353,-1.470,7.0
1899,0.552,-0.328,0.000,-47.229,-1.353,-1.470,7.0
1900,0.552,-0.328,0.000,-47.234,-1.353,-1.470,7.0
1901,0.552,-0.328,0.000,-47.241,-1.353,-1.470,7.0
1902,0.552,-0.328,0.000,-47.249,-1.352,-1.471,7.0
1903,0.552,-0.328,0.000,-47.257,-1.352,-1.471,7.0
1904,0.552,-0.328,0.000,-47.267,-1.352,-1.471,7.0
1905,0.552,-0.328,0.000,-47.277,-1.352,-1.471,7.0
1906,0.552,-0.328,0.000,-47.287,-1.351,-1.472,7.0
1907,0.552,-0.328,0.000,-47.299,-1.351,-1.472,7.0
1908,0.552,-0.328,0.000,-47.311,-1.351,-1.472,7.0
1909,0.552,-0.328,0.000,-47.324,-1.350,-1.472,7.0
1910,0.552,-0.328,0.000,-47.338,-1.350,-1.473,7.0
1911,0.552,-0.328,0.000,-47.352,-1.350,-1.473,7.0
1912,0.552,-0.328,0.000,-47.367,-1.349,-1.473,7.0
1913,0.552,-0.328,0.000,-47.379,-1.349,-1.474,7.0
1914,0.552,-0.328,0.000,-47.391,-1.349,-1.474,7.0
1915,0.552,-0.328,0.000,-47.402,-1.348,-1.474,7.0
1916,0.552,-0.328,0.000,-47.411,-1.348,-1.474,7.0
1917,0.552,-0.328,0.000,-47.419,-1.348,-1.475,7.0
1918,0.552,-0.328,0.000,-47.427,-1.348,-1.475,7.0
1919,0.552,-0.328,0.000,-47.433,-1.348,-1.475,7.0
1920,0.552,-0.328,0.000,-47.438,-1.347,-1.475,7.0
1921,0.552,-0.328,0.000,-47.441,-1.347,-1.475,7.0
1922,0.552,-0.328,0.000,-47.444,-1.347,-1.475,7.0
1923,0.552,-0.328,0.000,-47.446,-1.347,-1.475,7.0
1924,0.552,-0.328,0.000,-47.447,-1.347,-1.475,7.0
1925,0.552,-0.328,0.000,-47.447,-1.347,-1.475,7.0
1926,0.552,-0.328,0.000,-47.446,-1.347,-1.475,7.0
1927,0.552,-0.328,0.000,-47.444,-1.347,-1.475,7.0
1928,0.552,-0.328,0.000,-47.441,-1.347,-1.475,7.0
1929,0.552,-0.328,0.000,-47.437,-1.347,-1.475,7.0
1930,0.552,-0.328,0.000,-47.432,-1.348,-1.475,7.0
1931,0.552,-0.328,0.000,-47.427,-1.348,-1.475,7.0
1932,0.552,-0.328,0.000,-47.420,-1.348,-1.475,7.0
1933,0.552,-0.328,0.000,-47.413,-1.348,-1.474,7.0
1934,0.552,-0.328,0.000,-47.404,-1.348,-1.474,7.0
1935,0.552,-0.328,0.000,-47.395,-1.349,-1.474,7.0
1936,0.552,-0.328,0.000,-47.386,-1.349,-1.474,7.0
1937,0.552,-0.328,0.000,-47.375,-1.349,-1.474,7.0
1938,0.552,-0.328,0.000,-47.364,-1.349,-1.473,7.0
1939,0.552,-0.328,0.000,-47.351,-1.350,-1.473,7.0
1940,0.552,-0.328,0.000,-47.339,-1.350,-1.473,7.0
1941,0.552,-0.328,0.000,-47.325,-1.350,-1.472,7.0
1942,0.552,-0.328,0.000,-47.311,-1.351,-1.472,7.0
1943,0.552,-0.328,0.000,-47.297,-1.351,-1.472,7.0
1944,0.552,-0.328,0.000,-47.284,-1.351,-1.471,7.0
1945,0.552,-0.328,0.000,-47.272,-1.352,-1.471,7.0
1946,0.552,-0.328,0.000,-47.262,-1.352,-1.471,7.0
1947,0.552,-0.328,0.000,-47.252,-1.352,-1.471,7.0
1948,0.552,-0.328,0.000,-47.244,-1.352,-1.471,7.0
1949,0.552,-0.328,0.000,-47.237,-1.353,-1.470,7.0
1950,0.552,-0.328,0.000,-47.231,-1.353,-1.470,7.0
1951,0.552,-0.328,0.000,-47.226,-1.353,-1.470,7.0
1952,0.552,-0.328,0.000,-47.222,-1.353,-1.470,7.0
1953,0.552,-0.328,0.000,-47.219,-1.353,-1.470,7.0
1954,0.552,-0.328,0.000,-47.217,-1.353,-1.470,7.0
1955,0.552,-0.328,0.000,-47.216,-1.353,-1.470,7.0
1956,0.552,-0.328,0.000,-47.216,-1.353,-1.470,7.0
1957,0.552,-0.328,0.000,-47.217,-1.353,-1.470,7.0
1958,0.552,-0.328,0.000,-47.219,-1.353,-1.470,7.0
1959,0.552,-0.328,0.000,-47.221,-1.353,-1.470,7.0
1960,0.552,-0.328,0.000,-47.225,-1.353,-1.470,7.0
1961,0.552,-0.328,0.000,-47.229,-1.353,-1.470,7.0
1962,0.552,-0.328,0.000,-47.235,-1.353,-1.470,7.0
1963,0.552,-0.328,0.000,-47.241,-1.353,-1.470,7.0
1964,0.552,-0.328,0.000,-47.248,-1.352,-1.471,7.0
1965,0.552,-0.328,0.000,-47.256,-1.352,-1.471,7.0
1966,0.552,-0.328,0.000,-47.265,-1.352,-1.471,7.0
1967,0.552,-0.328,0.000,-47.274,-1.352,-1.471,7.0
1968,0.552,-0.328,0.000,-47.285,-1.351,-1.471,7.0
1969,0.552,-0.328,0.000,-47.296,-1.351,-1.472,7.0
1970,0.552,-0.328,0.000,-47.307,-1.351,-1.472,7.0
1971,0.552,-0.328,0.000,-47.320,-1.350,-1.472,7.0
1972,0.552,-0.328,0.000,-47.333,-1.350,-1.473,7.0
1973,0.552,-0.328,0.000,-47.347,-1.350,-1.473,7.0
1974,0.552,-0.328,0.000,-47.361,-1.349,-1.473,7.0
1975,0.552,-0.328,0.000,-47.373,-1.349,-1.474,7.0
1976,0.552,-0.328,0.000,-47.385,-1.349,-1.474,7.0
1977,0.552,-0.328,0.000,-47.395,-1.349,-1.474,7.0
1978,0.552,-0.328,0.000,-47.404,-1.348,-1.474,7.0
1979,0.552,-0.328,0.000,-47.412,-1.348,-1.474,7.0
1980,0.552,-0.328,0.000,-47.418,-1.348,-1.475,7.0
1981,0.552,-0.328,0.000,-47.424,-1.348,-1.475,7.0
1982,0.552,-0.328,0.000,-47.428,-1.348,-1.475,7.0
1983,0.552,-0.328,0.000,-47.432,-1.348,-1.475,7.0
1984,0.552,-0.328,0.000,-47.435,-1.348,-1.475,7.0
1985,0.552,-0.328,0.000,-47.436,-1.348,-1.475,7.0
1986,0.552,-0.328,0.000,-47.437,-1.347,-1.475,7.0
1987,0.552,-0.328,0.000,-47.436,-1.348,-1.475,7.0
1988,0.552,-0.328,0.000,-47.435,-1.348,-1.475,7.0
1989,0.552,-0.328,0.000,-47.432,-1.348,-1.475,7.0
1990,0.552,-0.328,0.000,-47.429,-1.348,-1.475,7.0
1991,0.552,-0.328,0.000,-47.425,-1.348,-1.475,7.0
1992,0.552,-0.328,0.000,-47.420,-1.348,-1.475,7.0
1993,0.552,-0.328,0.000,-47.414,-1.348,-1.475,7.0
1994,0.552,-0.328,0.000,-47.407,-1.348,-1.474,7.0
1995,0.552,-0.328,0.000,-47.399,-1.348,-1.474,7.0
1996,0.552,-0.328,0.000,-47.391,-1.349,-1.474,7.0
1997,0.552,-0.328,0.000,-47.381,-1.349,-1.474,7.0
1998,0.552,-0.328,0.000,-47.371,-1.349,-1.474,7.0
1999,0.552,-0.328,0.000,-47.360,-1.349,-1.473,7.0
2000,0.552,-0.328,0.000,-47.349,-1.350,-1.473,7.0
2001,0.552,-0.328,0.000,-47.336,-1.350,-1.473,7.0
2002,0.552,-0.328,0.000,-47.323,-1.350,-1.472,7.0
2003,0.552,-0.328,0.000,-47.309,-1.351,-1.472,7.0
2004,0.552,-0.328,0.000,-47.296,-1.351,-1.472,7.0
2005,0.552,-0.328,0.000,-47.283,-1.351,-1.471,7.0
2006,0.552,-0.328,0.000,-47.272,-1.352,-1.471,7.0
2007,0.552,-0.328,0.000,-47.262,-1.352,-1.471,7.0
2008,0.552,-0.328,0.000,-47.253,-1.352,-1.471,7.0
2009,0.552,-0.328,0.000,-47.245,-1.352,-1.471,7.0
2010,0.552,-0.328,0.000,-47.239,-1.353,-1.470,7.0
2011,0.552,-0.328,0.000,-47.233,-1.353,-1.470,7.0
2012,0.552,-0.328,0.000,-47.228,-1.353,-1.470,7.0
2013,0.552,-0.328,0.000,-47.225,-1.353,-1.470,7.0
2014,0.552,-0.328,0.000,-47.222,-1.353,-1.470,7.0
2015,0.552,-0.328,0.000,-47.220,-1.353,-1.470,7.0
2016,0.552,-0.328,0.000,-47.220,-1.353,-1.470,7.0
2017,0.552,-0.328,0.000,-47.220,-1.353,-1.470,7.0
2018,0.552,-0.328,0.000,-47.221,-1.353,-1.470,7.0
2019,0.552,-0.328,0.000,-47.224,-1.353,-1.470,7.0
2020,0.552,-0.328,0.000,-47.227,-1.353,-1.470,7.0
2021,0.552,-0.328,0.000,-47.231,-1.353,-1.470,7.0
2022,0.552,-0.328,0.000,-47.236,-1.353,-1.470,7.0
2023,0.552,-0.328,0.000,-47.241,-1.353,-1.470,7.0
2024,0.552,-0.328,0.000,-47.248,-1.352,-1.471,7.0
2025,0.552,-0.328,0.000,-47.255,-1.352,-1.471,7.0
2026,0.552,-0.328,0.000,-47.263,-1.352,-1.471,7.0
2027,0.552,-0.328,0.000,-47.272,-1.352,-1.471,7.0
2028,0.552,-0.328,0.000,-47.282,-1.351,-1.471,7.0
2029,0.552,-0.328,0.000,-47.293,-1.351,-1.472,7.0
2030,0.552,-0.328,0.000,-47.304,-1.351,-1.472,7.0
2031,0.552,-0.328,0.000,-47.316,-1.351,-1.472,7.0
2032,0.552,-0.328,0.000,-47.329,-1.350,-1.473,7.0
2033,0.552,-0.328,0.000,-47.343,-1.350,-1.473,7.0
2034,0.552,-0.328,0.000,-47.357,-1.350,-1.473,7.0
2035,0.552,-0.328,0.000,-47.371,-1.349,-1.474,7.0
2036,0.552,-0.328,0.000,-47.383,-1.349,-1.474,7.0
2037,0.552,-0.328,0.000,-47.395,-1.349,-1.474,7.0
2038,0.552,-0.328,0.000,-47.405,-1.348,-1.474,7.0
2039,0.552,-0.328,0.000,-47.415,-1.348,-1.475,7.0
2040,0.552,-0.328,0.000,-47.423,-1.348,-1.475,7.0
2041,0.552,-0.328,0.000,-47.430,-1.348,-1.475,7.0
2042,0.552,-0.328,0.000,-47.435,-1.348,-1.475,7.0
2043,0.552,-0.328,0.000,-47.440,-1.347,-1.475,7.0
2044,0.552,-0.328,0.000,-47.444,-1.347,-1.475,7.0
2045,0.552,-0.328,0.000,-47.447,-1.347,-1.475,7.0
2046,0.552,-0.328,0.000,-47.448,-1.347,-1.475,7.0
2047,0.552,-0.328,0.000,-47.449,-1.347,-1.475,7.0
2048,0.552,-0.328,0.000,-47.449,-1.347,-1.475,7.0
2049,0.552,-0.328,0.000,-47.448,-1.347,-1.475,7.0
2050,0.552,-0.328,0.000,-47.445,-1.347,-1.475,7.0
2051,0.552,-0.328,0.000,-47.442,-1.347,-1.475,7.0
2052,0.552,-0.328,0.000,-47.438,-1.347,-1.475,7.0
2053,0.552,-0.328,0.000,-47.433,-1.348,-1.475,7.0
2054,0.552,-0.328,0.000,-47.427,-1.348,-1.475,7.0
2055,0.552,-0.328,0.000,-47.421,-1.348,-1.475,7.0
2056,0.552,-0.328,0.000,-47.413,-1.348,-1.475,7.0
2057,0.552,-0.328,0.000,-47.405,-1.348,-1.474,7.0
2058,0.552,-0.328,0.000,-47.396,-1.349,-1.474,7.0
2059,0.552,-0.328,0.000,-47.386,-1.349,-1.474,7.0
2060,0.552,-0.328,0.000,-47.375,-1.349,-1.474,7.0
2061,0.552,-0.328,0.000,-47.364,-1.349,-1.473,7.0
2062,0.552,-0.328,0.000,-47.351,-1.350,-1.473,7.0
2063,0.552,-0.328,0.000,-47.338,-1.350,-1.473,7.0
2064,0.552,-0.328,0.000,-47.325,-1.350,-1.472,7.0
2065,0.552,-0.328,0.000,-47.310,-1.351,-1.472,7.0
2066,0.552,-0.328,0.000,-47.296,-1.351,-1.472,7.0
2067,0.552,-0.328,0.000,-47.283,-1.351,-1.471,7.0
2068,0.552,-0.328,0.000,-47.271,-1.352,-1.471,7.0
2069,0.552,-0.328,0.000,-47.261,-1.352,-1.471,7.0
2070,0.552,-0.328,0.000,-47.251,-1.352,-1.471,7.0
2071,0.552,-0.328,0.000,-47.243,-1.352,-1.470,7.0
2072,0.552,-0.328,0.000,-47.236,-1.353,-1.470,7.0
2073,0.552,-0.328,0.000,-47.229,-1.353,-1.470,7.0
2074,0.552,-0.328,0.000,-47.224,-1.353,-1.470,7.0
2075,0.552,-0.328,0.000,-47.220,-1.353,-1.470,7.0
2076,0.552,-0.328,0.000,-47.217,-1.353,-1.470,7.0
2077,0.552,-0.328,0.000,-47.215,-1.353,-1.470,7.0
2078,0.552,-0.328,0.000,-47.214,-1.353,-1.470,7.0
2079,0.552,-0.328,0.000,-47.214,-1.353,-1.470,7.0
2080,0.552,-0.328,0.000,-47.215,-1.353,-1.470,7.0
2081,0.552,-0.328,0.000,-47.216,-1.353,-1.470,7.0
2082,0.552,-0.328,0.000,-47.219,-1.353,-1.470,7.0
2083,0.552,-0.328,0.000,-47.223,-1.353,-1.470,7.0
2084,0.552,-0.328,0.000,-47.227,-1.353,-1.470,7.0
2085,0.552,-0.328,0.000,-47.232,-1.353,-1.470,7.0
2086,0.552,-0.328,0.000,-47.239,-1.353,-1.470,7.0
2087,0.552,-0.328,0.000,-47.246,-1.352,-1.471,7.0
2088,0.552,-0.328,0.000,-47.253,-1.352,-1.471,7.0
2089,0.552,-0.328,0.000,-47.262,-1.352,-1.471,7.0
2090,0.552,-0.328,0.000,-47.272,-1.352,-1.471,7.0
2091,0.552,-0.328,0.000,-47.282,-1.351,-1.471,7.0
2092,0.552,-0.328,0.000,-47.293,-1.351,-1.472,7.0
2093,0.552,-0.328,0.000,-47.304,-1.351,-1.472,7.0
2094,0.552,-0.328,0.000,-47.317,-1.351,-1.472,7.0
2095,0.552,-0.328,0.000,-47.330,-1.350,-1.473,7.0
2096,0.552,-0.328,0.000,-47.344,-1.350,-1.473,7.0
2097,0.552,-0.328,0.000,-47.359,-1.349,-1.473,7.0
2098,0.552,-0.328,0.000,-47.373,-1.349,-1.474,7.0
2099,0.552,-0.328,0.000,-47.386,-1.349,-1.474,7.0
2100,0.552,-0.328,0.000,-47.398,-1.348,-1.474,7.0
2101,0.552,-0.328,0.000,-47.408,-1.348,-1.474,7.0
2102,0.552,-0.328,0.000,-47.418,-1.348,-1.475,7.0
2103,0.552,-0.328,0.000,-47.426,-1.348,-1.475,7.0
2104,0.552,-0.328,0.000,-47.434,-1.348,-1.475,7.0
2105,0.552,-0.328,0.000,-47.440,-1.347,-1.475,7.0
2106,0.552,-0.328,0.000,-47.445,-1.347,-1.475,7.0
2107,0.552,-0.328,0.000,-47.449,-1.347,-1.475,7.0
2108,0.552,-0.328,0.000,-47.452,-1.347,-1.475,7.0
2109,0.552,-0.328,0.000,-47.454,-1.347,-1.475,7.0
2110,0.552,-0.328,0.000,-47.455,-1.347,-1.475,7.0
2111,0.552,-0.328,0.000,-47.455,-1.347,-1.475,7.0
2112,0.552,-0.328,0.000,-47.454,-1.347,-1.475,7.0
2113,0.552,-0.328,0.000,-47.452,-1.347,-1.475,7.0
2114,0.552,-0.328,0.000,-47.449,-1.347,-1.475,7.0
2115,0.552,-0.328,0.000,-47.445,-1.347,-1.475,7.0
2116,0.552,-0.328,0.000,-47.441,-1.347,-1.475,7.0
2117,0.552,-0.328,0.000,-47.435,-1.348,-1.475,7.0
2118,0.552,-0.328,0.000,-47.429,-1.348,-1.475,7.0
2119,0.552,-0.328,0.000,-47.421,-1.348,-1.475,7.0
2120,0.552,-0.328,0.000,-47.413,-1.348,-1.475,7.0
2121,0.552,-0.328,0.000,-47.404,-1.348,-1.474,7.0
2122,0.552,-0.328,0.000,-47.395,-1.349,-1.474,7.0
2123,0.552,-0.328,0.000,-47.384,-1.349,-1.474,7.0
2124,0.552,-0.328,0.000,-47.373,-1.349,-1.474,7.0
2125,0.552,-0.328,0.000,-47.361,-1.349,-1.473,7.0
2126,0.552,-0.328,0.000,-47.348,-1.350,-1.473,7.0
2127,0.552,-0.328,0.000,-47.334,-1.350,-1.473,7.0
2128,0.552,-0.328,0.000,-47.320,-1.350,-1.472,7.0
2129,0.552,-0.328,0.000,-47.305,-1.351,-1.472,7.0
2130,0.552,-0.328,0.000,-47.291,-1.351,-1.472,7.0
2131,0.552,-0.328,0.000,-47.277,-1.352,-1.471,7.0
2132,0.552,-0.328,0.000,-47.265,-1.352,-1.471,7.0
2133,0.552,-0.328,0.000,-47.254,-1.352,-1.471,7.0
2134,0.552,-0.328,0.000,-47.244,-1.352,-1.471,7.0
2135,0.552,-0.328,0.000,-47.235,-1.353,-1.470,7.0
2136,0.552,-0.328,0.000,-47.227,-1.353,-1.470,7.0
2137,0.552,-0.328,0.000,-47.221,-1.353,-1.470,7.0
2138,0.552,-0.328,0.000,-47.215,-1.353,-1.470,7.0
2139,0.552,-0.328,0.000,-47.211,-1.353,-1.470,7.0
2140,0.552,-0.328,0.000,-47.207,-1.353,-1.470,7.0
2141,0.552,-0.328,0.000,-47.205,-1.353,-1.470,7.0
2142,0.552,-0.328,0.000,-47.203,-1.353,-1.470,7.0
2143,0.552,-0.328,0.000,-47.203,-1.353,-1.470,7.0
2144,0.552,-0.328,0.000,-47.203,-1.353,-1.470,7.0
2145,0.552,-0.328,0.000,-47.205,-1.353,-1.470,7.0
2146,0.552,-0.328,0.000,-47.207,-1.353,-1.470,7.0
2147,0.552,-0.328,0.000,-47.210,-1.353,-1.470,7.0
2148,0.552,-0.328,0.000,-47.214,-1.353,-1.470,7.0
2149,0.552,-0.328,0.000,-47.219,-1.353,-1.470,7.0
2150,0.552,-0.328,0.000,-47.225,-1.353,-1.470,7.0
2151,0.552,-0.328,0.000,-47.232,-1.353,-1.470,7.0
2152,0.552,-0.328,0.000,-47.239,-1.353,-1.470,7.0
2153,0.552,-0.328,0.000,-47.247,-1.352,-1.471,7.0
2154,0.552,-0.328,0.000,-47.256,-1.352,-1.471,7.0
2155,0.552,-0.328,0.000,-47.266,-1.352,-1.471,7.0
2156,0.552,-0.328,0.000,-47.277,-1.352,-1.471,7.0
2157,0.552,-0.328,0.000,-47.288,-1.351,-1.472,7.0
2158,0.552,-0.328,0.000,-47.301,-1.351,-1.472,7.0
2159,0.552,-0.328,0.000,-47.313,-1.351,-1.472,7.0
2160,0.552,-0.328,0.000,-47.327,-1.350,-1.472,7.0
2161,0.552,-0.328,0.000,-47.341,-1.350,-1.473,7.0
2162,0.552,-0.328,0.000,-47.356,-1.350,-1.473,7.0
2163,0.552,-0.328,0.000,-47.371,-1.349,-1.474,7.0
2164,0.552,-0.328,0.000,-47.384,-1.349,-1.474,7.0
2165,0.552,-0.328,0.000,-47.397,-1.349,-1.474,7.0
2166,0.552,-0.328,0.000,-47.408,-1.348,-1.474,7.0
2167,0.552,-0.328,0.000,-47.418,-1.348,-1.475,7.0
2168,0.552,-0.328,0.000,-47.426,-1.348,-1.475,7.0
2169,0.552,-0.328,0.000,-47.434,-1.348,-1.475,7.0
2170,0.552,-0.328,0.000,-47.441,-1.347,-1.475,7.0
2171,0.552,-0.328,0.000,-47.446,-1.347,-1.475,7.0
2172,0.552,-0.328,0.000,-47.450,-1.347,-1.475,7.0
2173,0.552,-0.328,0.000,-47.454,-1.347,-1.475,7.0
2174,0.552,-0.328,0.000,-47.456,-1.347,-1.476,7.0
2175,0.552,-0.328,0.000,-47.457,-1.347,-1.476,7.0
2176,0.552,-0.328,0.000,-47.458,-1.347,-1.476,7.0
2177,0.552,-0.328,0.000,-47.457,-1.347,-1.476,7.0
2178,0.552,-0.328,0.000,-47.455,-1.347,-1.476,7.0
2179,0.552,-0.328,0.000,-47.453,-1.347,-1.475,7.0
2180,0.552,-0.328,0.000,-47.449,-1.347,-1.475,7.0
2181,0.552,-0.328,0.000,-47.445,-1.347,-1.475,7.0
2182,0.552,-0.328,0.000,-47.440,-1.347,-1.475,7.0
2183,0.552,-0.328,0.000,-47.434,-1.348,-1.475,7.0
2184,0.552,-0.328,0.000,-47.427,-1.348,-1.475,7.0
2185,0.552,-0.328,0.000,-47.419,-1.348,-1.475,7.0
2186,0.552,-0.328,0.000,-47.410,-1.348,-1.474,7.0
2187,0.552,-0.328,0.000,-47.401,-1.348,-1.474,7.0
2188,0.552,-0.328,0.000,-47.390,-1.349,-1.474,7.0
2189,0.552,-0.328,0.000,-47.379,-1.349,-1.474,7.0
2190,0.552,-0.328,0.000,-47.367,-1.349,-1.473,7.0
2191,0.552,-0.328,0.000,-47.355,-1.350,-1.473,7.0
2192,0.552,-0.328,0.000,-47.342,-1.350,-1.473,7.0
2193,0.552,-0.328,0.000,-47.328,-1.350,-1.472,7.0
2194,0.552,-0.328,0.000,-47.313,-1.351,-1.472,7.0
2195,0.552,-0.328,0.000,-47.298,-1.351,-1.472,7.0
2196,0.552,-0.328,0.000,-47.285,-1.351,-1.471,7.0
2197,0.552,-0.328,0.000,-47.273,-1.352,-1.471,7.0
2198,0.552,-0.328,0.000,-47.262,-1.352,-1.471,7.0
2199,0.552,-0.328,0.000,-47.252,-1.352,-1.471,7.0
2200,0.552,-0.328,0.000,-47.244,-1.352,-1.471,7.0
2201,0.552,-0.328,0.000,-47.236,-1.353,-1.470,7.0
2202,0.552,-0.328,0.000,-47.230,-1.353,-1.470,7.0
2203,0.552,-0.328,0.000,-47.225,-1.353,-1.470,7.0
2204,0.552,-0.328,0.000,-47.220,-1.353,-1.470,7.0
2205,0.552,-0.328,0.000,-47.217,-1.353,-1.470,7.0
2206,0.552,-0.328,0.000,-47.215,-1.353,-1.470,7.0
2207,0.552,-0.328,0.000,-47.213,-1.353,-1.470,7.0
2208,0.552,-0.328,0.000,-47.213,-1.353,-1.470,7.0
2209,0.552,-0.328,0.000,-47.214,-1.353,-1.470,7.0
2210,0.552,-0.328,0.000,-47.215,-1.353,-1.470,7.0
2211,0.552,-0.328,0.000,-47.218,-1.353,-1.470,7.0
2212,0.552,-0.328,0.000,-47.221,-1.353,-1.470,7.0
2213,0.552,-0.328,0.000,-47.225,-1.353,-1.470,7.0
2214,0.552,-0.328,0.000,-47.230,-1.353,-1.470,7.0
2215,0.552,-0.328,0.000,-47.236,-1.353,-1.470,7.0
2216,0.552,-0.328,0.000,-47.243,-1.352,-1.471,7.0
2217,0.552,-0.328,0.000,-47.251,-1.352,-1.471,7.0
2218,0.552,-0.328,0.000,-47.259,-1.352,-1.471,7.0
2219,0.552,-0.328,0.000,-47.268,-1.352,-1.471,7.0
2220,0.552,-0.328,0.000,-47.278,-1.352,-1.471,7.0
2221,0.552,-0.328,0.000,-47.289,-1.351,-1.472,7.0
2222,0.552,-0.328,0.000,-47.301,-1.351,-1.472,7.0
2223,0.552,-0.328,0.000,-47.313,-1.351,-1.472,7.0
2224,0.552,-0.328,0.000,-47.326,-1.350,-1.472,7.0
2225,0.552,-0.328,0.000,-47.340,-1.350,-1.473,7.0
2226,0.552,-0.328,0.000,-47.354,-1.350,-1.473,7.0
2227,0.552,-0.328,0.000,-47.368,-1.349,-1.473,7.0
2228,0.552,-0.328,0.000,-47.381,-1.349,-1.474,7.0
2229,0.552,-0.328,0.000,-47.393,-1.349,-1.474,7.0
2230,0.552,-0.328,0.000,-47.404,-1.348,-1.474,7.0
2231,0.552,-0.328,0.000,-47.413,-1.348,-1.475,7.0
2232,0.552,-0.328,0.000,-47.421,-1.348,-1.475,7.0
2233,0.552,-0.328,0.000,-47.428,-1.348,-1.475,7.0
2234,0.552,-0.328,0.000,-47.434,-1.348,-1.475,7.0
2235,0.552,-0.328,0.000,-47.439,-1.347,-1.475,7.0
2236,0.552,-0.328,0.000,-47.443,-1.347,-1.475,7.0
2237,0.552,-0.328,0.000,-47.446,-1.347,-1.475,7.0
2238,0.552,-0.328,0.000,-47.448,-1.347,-1.475,7.0
2239,0.552,-0.328,0.000,-47.449,-1.347,-1.475,7.0
2240,0.552,-0.328,0.000,-47.449,-1.347,-1.475,7.0
2241,0.552,-0.328,0.000,-47.448,-1.347,-1.475,7.0
2242,0.552,-0.328,0.000,-47.446,-1.347,-1.475,7.0
2243,0.552,-0.328,0.000,-47.443,-1.347,-1.475,7.0
2244,0.552,-0.328,0.000,-47.439,-1.347,-1.475,7.0
2245,0.552,-0.328,0.000,-47.434,-1.348,-1.475,7.0
2246,0.552,-0.328,0.000,-47.428,-1.348,-1.475,7.0
2247,0.552,-0.328,0.000,-47.422,-1.348,-1.475,7.0
2248,0.552,-0.328,0.000,-47.414,-1.348,-1.475,7.0
2249,0.552,-0.328,0.000,-47.406,-1.348,-1.474,7.0
2250,0.552,-0.328,0.000,-47.397,-1.349,-1.474,7.0
2251,0.552,-0.328,0.000,-47.387,-1.349,-1.474,7.0
2252,0.552,-0.328,0.000,-47.377,-1.349,-1.474,7.0
2253,0.552,-0.328,0.000,-47.365,-1.349,-1.473,7.0
2254,0.552,-0.328,0.000,-47.353,-1.350,-1.473,7.0
2255,0.552,-0.328,0.000,-47.340,-1.350,-1.473,7.0
2256,0.552,-0.328,0.000,-47.327,-1.350,-1.472,7.0
2257,0.552,-0.328,0.000,-47.312,-1.351,-1.472,7.0
2258,0.552,-0.328,0.000,-47.298,-1.351,-1.472,7.0
2259,0.552,-0.328,0.000,-47.285,-1.351,-1.472,7.0
2260,0.552,-0.328,0.000,-47.274,-1.352,-1.471,7.0
2261,0.552,-0.328,0.000,-47.263,-1.352,-1.471,7.0
2262,0.552,-0.328,0.000,-47.254,-1.352,-1.471,7.0
2263,0.552,-0.328,0.000,-47.246,-1.352,-1.471,7.0
2264,0.552,-0.328,0.000,-47.239,-1.353,-1.470,7.0
2265,0.552,-0.328,0.000,-47.232,-1.353,-1.470,7.0
2266,0.552,-0.328,0.000,-47.227,-1.353,-1.470,7.0
2267,0.552,-0.328,0.000,-47.223,-1.353,-1.470,7.0
2268,0.552,-0.328,0.000,-47.220,-1.353,-1.470,7.0
2269,0.552,-0.328,0.000,-47.218,-1.353,-1.470,7.0
2270,0.552,-0.328,0.000,-47.217,-1.353,-1.470,7.0
2271,0.552,-0.328,0.000,-47.217,-1.353,-1.470,7.0
2272,0.552,-0.328,0.000,-47.218,-1.353,-1.470,7.0
2273,0.552,-0.328,0.000,-47.220,-1.353,-1.470,7.0
2274,0.552,-0.328,0.000,-47.223,-1.353,-1.470,7.0
2275,0.552,-0.328,0.000,-47.227,-1.353,-1.470,7.0
2276,0.552,-0.328,0.000,-47.231,-1.353,-1.470,7.0
2277,0.552,-0.328,0.000,-47.237,-1.353,-1.470,7.0
2278,0.552,-0.328,0.000,-47.243,-1.352,-1.470,7.0
2279,0.552,-0.328,0.000,-47.250,-1.352,-1.471,7.0
2280,0.552,-0.328,0.000,-47.258,-1.352,-1.471,7.0
2281,0.552,-0.328,0.000,-47.267,-1.352,-1.471,7.0
2282,0.552,-0.328,0.000,-47.276,-1.352,-1.471,7.0
2283,0.552,-0.328,0.000,-47.286,-1.351,-1.472,7.0
2284,0.552,-0.328,0.000,-47.297,-1.351,-1.472,7.0
2285,0.552,-0.328,0.000,-47.309,-1.351,-1.472,7.0
2286,0.552,-0.328,0.000,-47.322,-1.350,-1.472,7.0
2287,0.552,-0.328,0.000,-47.335,-1.350,-1.473,7.0
2288,0.552,-0.328,0.000,-47.349,-1.350,-1.473,7.0
2289,0.552,-0.328,0.000,-47.363,-1.349,-1.473,7.0
2290,0.552,-0.328,0.000,-47.375,-1.349,-1.474,7.0
2291,0.552,-0.328,0.000,-47.386,-1.349,-1.474,7.0
2292,0.552,-0.328,0.000,-47.396,-1.349,-1.474,7.0
2293,0.552,-0.328,0.000,-47.405,-1.348,-1.474,7.0
2294,0.552,-0.328,0.000,-47.413,-1.348,-1.475,7.0
2295,0.552,-0.328,0.000,-47.420,-1.348,-1.475,7.0
2296,0.552,-0.328,0.000,-47.426,-1.348,-1.475,7.0
2297,0.552,-0.328,0.000,-47.430,-1.348,-1.475,7.0
2298,0.552,-0.328,0.000,-47.434,-1.348,-1.475,7.0
2299,0.552,-0.328,0.000,-47.436,-1.348,-1.475,7.0
2300,0.552,-0.328,0.000,-47.438,-1.347,-1.475,7.0
2301,0.552,-0.328,0.000,-47.438,-1.347,-1.475,7.0
2302,0.552,-0.328,0.000,-47.438,-1.347,-1.475,7.0
2303,0.552,-0.328,0.000,-47.436,-1.347,-1.475,7.0
2304,0.552,-0.328,0.000,-47.434,-1.348,-1.475,7.0
2305,0.552,-0.328,0.000,-47.431,-1.348,-1.475,7.0
2306,0.552,-0.328,0.000,-47.426,-1.348,-1.475,7.0
2307,0.552,-0.328,0.000,-47.421,-1.348,-1.475,7.0
2308,0.552,-0.328,0.000,-47.415,-1.348,-1.475,7.0
2309,0.552,-0.328,0.000,-47.408,-1.348,-1.474,7.0
2310,0.552,-0.328,0.000,-47.401,-1.348,-1.474,7.0
2311,0.552,-0.328,0.000,-47.392,-1.349,-1.474,7.0
2312,0.552,-0.328,0.000,-47.383,-1.349,-1.474,7.0
2313,0.552,-0.328,0.000,-47.373,-1.349,-1.474,7.0
2314,0.552,-0.328,0.000,-47.362,-1.349,-1.473,7.0
2315,0.552,-0.328,0.000,-47.350,-1.350,-1.473,7.0
2316,0.552,-0.328,0.000,-47.338,-1.350,-1.473,7.0
2317,0.552,-0.328,0.000,-47.325,-1.350,-1.472,7.0
2318,0.552,-0.328,0.000,-47.311,-1.351,-1.472,7.0
2319,0.552,-0.328,0.000,-47.297,-1.351,-1.472,7.0
2320,0.552,-0.328,0.000,-47.285,-1.351,-1.471,7.0
2321,0.552,-0.328,0.000,-47.274,-1.352,-1.471,7.0
2322,0.552,-0.328,0.000,-47.264,-1.352,-1.471,7.0
2323,0.552,-0.328,0.000,-47.255,-1.352,-1.471,7.0
2324,0.552,-0.328,0.000,-47.247,-1.352,-1.471,7.0
2325,0.552,-0.328,0.000,-47.240,-1.353,-1.470,7.0
2326,0.552,-0.328,0.000,-47.234,-1.353,-1.470,7.0
2327,0.552,-0.328,0.000,-47.230,-1.353,-1.470,7.0
2328,0.552,-0.328,0.000,-47.226,-1.353,-1.470,7.0
2329,0.552,-0.328,0.000,-47.224,-1.353,-1.470,7.0
2330,0.552,-0.328,0.000,-47.222,-1.353,-1.470,7.0
2331,0.552,-0.328,0.000,-47.221,-1.353,-1.470,7.0
2332,0.552,-0.328,0.000,-47.222,-1.353,-1.470,7.0
2333,0.552,-0.328,0.000,-47.223,-1.353,-1.470,7.0
2334,0.552,-0.328,0.000,-47.225,-1.353,-1.470,7.0
2335,0.552,-0.328,0.000,-47.228,-1.353,-1.470,7.0
2336,0.552,-0.328,0.000,-47.232,-1.353,-1.470,7.0
2337,0.552,-0.328,0.000,-47.237,-1.353,-1.470,7.0
2338,0.552,-0.328,0.000,-47.243,-1.352,-1.470,7.0
2339,0.552,-0.328,0.000,-47.249,-1.352,-1.471,7.0
2340,0.552,-0.328,0.000,-47.257,-1.352,-1.471,7.0
2341,0.552,-0.328,0.000,-47.265,-1.352,-1.471,7.0
2342,0.552,-0.328,0.000,-47.274,-1.352,-1.471,7.0
2343,0.552,-0.328,0.000,-47.284,-1.351,-1.471,7.0
2344,0.552,-0.328,0.000,-47.294,-1.351,-1.472,7.0
2345,0.552,-0.328,0.000,-47.306,-1.351,-1.472,7.0
2346,0.552,-0.328,0.000,-47.318,-1.351,-1.472,7.0
2347,0.552,-0.328,0.000,-47.331,-1.350,-1.473,7.0
2348,0.552,-0.328,0.000,-47.344,-1.350,-1.473,7.0
2349,0.552,-0.328,0.000,-47.358,-1.350,-1.473,7.0
2350,0.552,-0.328,0.000,-47.372,-1.349,-1.474,7.0
2351,0.552,-0.328,0.000,-47.385,-1.349,-1.474,7.0
2352,0.552,-0.328,0.000,-47.396,-1.349,-1.474,7.0
2353,0.552,-0.328,0.000,-47.407,-1.348,-1.474,7.0
2354,0.552,-0.328,0.000,-47.416,-1.348,-1.475,7.0
2355,0.552,-0.328,0.000,-47.424,-1.348,-1.475,7.0
2356,0.552,-0.328,0.000,-47.431,-1.348,-1.475,7.0
2357,0.552,-0.328,0.000,-47.437,-1.347,-1.475,7.0
2358,0.552,-0.328,0.000,-47.442,-1.347,-1.475,7.0
2359,0.552,-0.328,0.000,-47.445,-1.347,-1.475,7.0
2360,0.552,-0.328,0.000,-47.448,-1.347,-1.475,7.0
2361,0.552,-0.328,0.000,-47.450,-1.347,-1.475,7.0
2362,0.552,-0.328,0.000,-47.450,-1.347,-1.475,7.0
2363,0.552,-0.328,0.000,-47.450,-1.347,-1.475,7.0
2364,0.552,-0.328,0.000,-47.449,-1.347,-1.475,7.0
2365,0.552,-0.328,0.000,-47.447,-1.347,-1.475,7.0
2366,0.552,-0.328,0.000,-47.444,-1.347,-1.475,7.0
2367,0.552,-0.328,0.000,-47.440,-1.347,-1.475,7.0
2368,0.552,-0.328,0.000,-47.435,-1.348,-1.475,7.0
2369,0.552,-0.328,0.000,-47.429,-1.348,-1.475,7.0
2370,0.552,-0.328,0.000,-47.422,-1.348,-1.475,7.0
2371,0.552,-0.328,0.000,-47.415,-1.348,-1.475,7.0
2372,0.552,-0.328,0.000,-47.406,-1.348,-1.474,7.0
2373,0.552,-0.328,0.000,-47.397,-1.349,-1.474,7.0
2374,0.552,-0.328,0.000,-47.387,-1.349,-1.474,7.0
2375,0.552,-0.328,0.000,-47.376,-1.349,-1.474,7.0
2376,0.552,-0.328,0.000,-47.365,-1.349,-1.473,7.0
2377,0.552,-0.328,0.000,-47.353,-1.350,-1.473,7.0
2378,0.552,-0.328,0.000,-47.340,-1.350,-1.473,7.0
2379,0.552,-0.328,0.000,-47.326,-1.350,-1.472,7.0
2380,0.552,-0.328,0.000,-47.311,-1.351,-1.472,7.0
2381,0.552,-0.328,0.000,-47.297,-1.351,-1.472,7.0
2382,0.552,-0.328,0.000,-47.284,-1.351,-1.471,7.0
2383,0.552,-0.328,0.000,-47.273,-1.352,-1.471,7.0
2384,0.552,-0.328,0.000,-47.262,-1.352,-1.471,7.0
2385,0.552,-0.328,0.000,-47.252,-1.352,-1.471,7.0
2386,0.552,-0.328,0.000,-47.244,-1.352,-1.471,7.0
2387,0.552,-0.328,0.000,-47.237,-1.353,-1.470,7.0
2388,0.552,-0.328,0.000,-47.231,-1.353,-1.470,7.0
2389,0.552,-0.328,0.000,-47.226,-1.353,-1.470,7.0
2390,0.552,-0.328,0.000,-47.221,-1.353,-1.470,7.0
2391,0.552,-0.328,0.000,-47.218,-1.353,-1.470,7.0
2392,0.552,-0.328,0.000,-47.216,-1.353,-1.470,7.0
2393,0.552,-0.328,0.000,-47.215,-1.353,-1.470,7.0
2394,0.552,-0.328,0.000,-47.215,-1.353,-1.470,7.0
2395,0.552,-0.328,0.000,-47.216,-1.353,-1.470,7.0
2396,0.552,-0.328,0.000,-47.218,-1.353,-1.470,7.0
2397,0.552,-0.328,0.000,-47.220,-1.353,-1.470,7.0
2398,0.552,-0.328,0.000,-47.224,-1.353,-1.470,7.0
2399,0.552,-0.328,0.000,-47.228,-1.353,-1.470,7.0
2400,0.552,-0.328,0.000,-47.234,-1.353,-1.470,7.0
2401,0.552,-0.328,0.000,-47.240,-1.353,-1.470,7.0
2402,0.552,-0.328,0.000,-47.247,-1.352,-1.471,7.0
2403,0.552,-0.328,0.000,-47.255,-1.352,-1.471,7.0
2404,0.552,-0.328,0.000,-47.263,-1.352,-1.471,7.0
2405,0.552,-0.328,0.000,-47.273,-1.352,-1.471,7.0
2406,0.552,-0.328,0.000,-47.283,-1.351,-1.471,7.0
2407,0.552,-0.328,0.000,-47.294,-1.351,-1.472,7.0
2408,0.552,-0.328,0.000,-47.306,-1.351,-1.472,7.0
2409,0.552,-0.328,0.000,-47.318,-1.351,-1.472,7.0
2410,0.552,-0.328,0.000,-47.331,-1.350,-1.473,7.0
2411,0.552,-0.328,0.000,-47.345,-1.350,-1.473,7.0
2412,0.552,-0.328,0.000,-47.360,-1.349,-1.473,7.0
2413,0.552,-0.328,0.000,-47.374,-1.349,-1.474,7.0
2414,0.552,-0.328,0.000,-47.387,-1.349,-1.474,7.0
2415,0.552,-0.328,0.000,-47.399,-1.348,-1.474,7.0
2416,0.552,-0.328,0.000,-47.410,-1.348,-1.474,7.0
2417,0.552,-0.328,0.000,-47.419,-1.348,-1.475,7.0
2418,0.552,-0.328,0.000,-47.428,-1.348,-1.475,7.0
2419,0.552,-0.328,0.000,-47.435,-1.348,-1.475,7.0
2420,0.552,-0.328,0.000,-47.441,-1.347,-1.475,7.0
2421,0.552,-0.328,0.000,-47.446,-1.347,-1.475,7.0
2422,0.552,-0.328,0.000,-47.450,-1.347,-1.475,7.0
2423,0.552,-0.328,0.000,-47.453,-1.347,-1.475,7.0
2424,0.552,-0.328,0.000,-47.455,-1.347,-1.475,7.0
2425,0.552,-0.328,0.000,-47.456,-1.347,-1.476,7.0
2426,0.552,-0.328,0.000,-47.456,-1.347,-1.476,7.0
2427,0.552,-0.328,0.000,-47.455,-1.347,-1.475,7.0
2428,0.552,-0.328,0.000,-47.453,-1.347,-1.475,7.0
2429,0.552,-0.328,0.000,-47.450,-1.347,-1.475,7.0
2430,0.552,-0.328,0.000,-47.447,-1.347,-1.475,7.0
2431,0.552,-0.328,0.000,-47.442,-1.347,-1.475,7.0
2432,0.552,-0.328,0.000,-47.436,-1.347,-1.475,7.0
2433,0.552,-0.328,0.000,-47.430,-1.348,-1.475,7.0
2434,0.552,-0.328,0.000,-47.423,-1.348,-1.475,7.0
2435,0.552,-0.328,0.000,-47.415,-1.348,-1.475,7.0
2436,0.552,-0.328,0.000,-47.406,-1.348,-1.474,7.0
2437,0.552,-0.328,0.000,-47.396,-1.349,-1.474,7.0
2438,0.552,-0.328,0.000,-47.385,-1.349,-1.474,7.0
2439,0.552,-0.328,0.000,-47.374,-1.349,-1.474,7.0
2440,0.552,-0.328,0.000,-47.362,-1.349,-1.473,7.0
2441,0.552,-0.328,0.000,-47.349,-1.350,-1.473,7.0
2442,0.552,-0.328,0.000,-47.336,-1.350,-1.473,7.0
2443,0.552,-0.328,0.000,-47.321,-1.350,-1.472,7.0
2444,0.552,-0.328,0.000,-47.306,-1.351,-1.472,7.0
2445,0.552,-0.328,0.000,-47.292,-1.351,-1.472,7.0
2446,0.552,-0.328,0.000,-47.278,-1.352,-1.471,7.0
2447,0.552,-0.328,0.000,-47.266,-1.352,-1.471,7.0
2448,0.552,-0.328,0.000,-47.255,-1.352,-1.471,7.0
2449,0.552,-0.328,0.000,-47.245,-1.352,-1.471,7.0
2450,0.552,-0.328,0.000,-47.236,-1.353,-1.470,7.0
2451,0.552,-0.328,0.000,-47.228,-1.353,-1.470,7.0
2452,0.552,-0.328,0.000,-47.222,-1.353,-1.470,7.0
2453,0.552,-0.328,0.000,-47.216,-1.353,-1.470,7.0
2454,0.552,-0.328,0.000,-47.212,-1.353,-1.470,7.0
2455,0.552,-0.328,0.000,-47.208,-1.353,-1.470,7.0
2456,0.552,-0.328,0.000,-47.206,-1.353,-1.470,7.0
2457,0.552,-0.328,0.000,-47.204,-1.353,-1.470,7.0
2458,0.552,-0.328,0.000,-47.204,-1.353,-1.470,7.0
2459,0.552,-0.328,0.000,-47.204,-1.353,-1.470,7.0
2460,0.552,-0.328,0.000,-47.206,-1.353,-1.470,7.0
2461,0.552,-0.328,0.000,-47.208,-1.353,-1.470,7.0
2462,0.552,-0.328,0.000,-47.211,-1.353,-1.470,7.0
2463,0.552,-0.328,0.000,-47.215,-1.353,-1.470,7.0
2464,0.552,-0.328,0.000,-47.220,-1.353,-1.470,7.0
2465,0.552,-0.328,0.000,-47.226,-1.353,-1.470,7.0
2466,0.552,-0.328,0.000,-47.233,-1.353,-1.470,7.0
2467,0.552,-0.328,0.000,-47.240,-1.353,-1.470,7.0
2468,0.552,-0.328,0.000,-47.248,-1.352,-1.471,7.0
2469,0.552,-0.328,0.000,-47.258,-1.352,-1.471,7.0
2470,0.552,-0.328,0.000,-47.267,-1.352,-1.471,7.0
2471,0.552,-0.328,0.000,-47.278,-1.352,-1.471,7.0
2472,0.552,-0.328,0.000,-47.290,-1.351,-1.472,7.0
2473,0.552,-0.328,0.000,-47.302,-1.351,-1.472,7.0
2474,0.552,-0.328,0.000,-47.315,-1.351,-1.472,7.0
2475,0.552,-0.328,0.000,-47.328,-1.350,-1.473,7.0
2476,0.552,-0.328,0.000,-47.342,-1.350,-1.473,7.0
2477,0.552,-0.328,0.000,-47.357,-1.350,-1.473,7.0
2478,0.552,-0.328,0.000,-47.372,-1.349,-1.474,7.0
2479,0.552,-0.328,0.000,-47.386,-1.349,-1.474,7.0
2480,0.552,-0.328,0.000,-47.398,-1.348,-1.474,7.0
2481,0.552,-0.328,0.000,-47.409,-1.348,-1.474,7.0
2482,0.552,-0.328,0.000,-47.419,-1.348,-1.475,7.0
2483,0.552,-0.328,0.000,-47.428,-1.348,-1.475,7.0
2484,0.552,-0.328,0.000,-47.435,-1.348,-1.475,7.0
2485,0.552,-0.328,0.000,-47.442,-1.347,-1.475,7.0
2486,0.552,-0.328,0.000,-47.447,-1.347,-1.475,7.0
2487,0.552,-0.328,0.000,-47.452,-1.347,-1.475,7.0
2488,0.552,-0.328,0.000,-47.455,-1.347,-1.475,7.0
2489,0.552,-0.328,0.000,-47.457,-1.347,-1.476,7.0
2490,0.552,-0.328,0.000,-47.458,-1.347,-1.476,7.0
2491,0.552,-0.328,0.000,-47.459,-1.347,-1.476,7.0
2492,0.552,-0.328,0.000,-47.458,-1.347,-1.476,7.0
2493,0.552,-0.328,0.000,-47.456,-1.347,-1.476,7.0
2494,0.552,-0.328,0.000,-47.454,-1.347,-1.475,7.0
2495,0.552,-0.328,0.000,-47.450,-1.347,-1.475,7.0
2496,0.552,-0.328,0.000,-47.446,-1.347,-1.475,7.0
2497,0.552,-0.328,0.000,-47.441,-1.347,-1.475,7.0
2498,0.552,-0.328,0.000,-47.435,-1.348,-1.475,7.0
2499,0.552,-0.328,0.000,-47.428,-1.348,-1.475,7.0
2500,0.552,-0.328,0.000,-47.420,-1.348,-1.475,7.0
