1,0.482,0.764,0.000,-47.934,-0.005,0.005,-1
2,0.482,0.764,0.000,-47.934,-0.007,0.006,-1
3,0.482,0.764,0.000,-47.934,-0.005,0.004,-1
4,0.482,0.764,0.000,-47.934,-0.004,0.004,-1
5,0.482,0.764,0.000,-47.934,-0.004,0.005,-1
6,0.482,0.764,0.000,-47.934,-0.004,0.006,-1
7,0.482,0.764,0.000,-47.934,-0.003,0.006,-1
8,0.482,0.764,0.000,-47.935,-0.003,0.006,-1
9,0.482,0.764,0.000,-47.935,-0.003,0.006,-1
10,0.482,0.764,0.000,-47.935,-0.002,0.007,-1
11,0.482,0.764,0.000,-47.935,-0.002,0.007,-1
12,0.484,0.762,0.000,-47.961,-0.011,-0.003,-1
13,0.488,0.757,0.000,-48.034,-0.030,-0.024,-1
14,0.493,0.752,0.000,-48.145,-0.053,-0.050,-1
15,0.496,0.749,0.000,-48.238,-0.052,-0.076,14.0
16,0.494,0.751,0.000,-48.269,-0.052,-0.058,14.0
17,0.494,0.750,0.000,-48.234,-0.051,-0.065,14.0
18,0.494,0.751,0.000,-48.117,-0.045,-0.063,14.0
19,0.493,0.752,0.000,-47.920,-0.043,-0.057,14.0
20,0.492,0.752,0.000,-47.645,-0.041,-0.053,14.0
21,0.491,0.753,0.000,-47.293,-0.037,-0.049,14.0
22,0.491,0.754,0.000,-46.865,-0.034,-0.046,14.0
23,0.490,0.755,0.000,-46.362,-0.032,-0.042,14.0
24,0.489,0.756,0.000,-45.784,-0.029,-0.038,14.0
25,0.488,0.757,0.000,-45.133,-0.025,-0.034,14.0
26,0.487,0.758,0.000,-44.408,-0.021,-0.030,14.0
27,0.484,0.760,0.000,-43.618,-0.025,-0.005,14.0
28,0.484,0.760,0.000,-42.781,-0.018,-0.014,14.0
29,0.482,0.762,0.000,-41.887,-0.010,-0.004,14.0
30,0.480,0.764,0.000,-40.926,-0.006,0.005,14.0
31,0.479,0.765,0.000,-39.897,0.001,0.010,14.0
32,0.478,0.766,0.000,-38.810,0.017,-0.005,14.0
33,0.474,0.770,0.000,-37.690,0.017,0.037,14.0
34,0.472,0.771,0.000,-36.535,0.029,0.031,14.0
35,0.469,0.773,0.000,-35.325,0.045,0.035,14.0
36,0.467,0.774,0.000,-34.054,0.056,0.044,14.0
37,0.464,0.776,0.000,-32.722,0.069,0.053,14.0
38,0.461,0.778,0.000,-31.331,0.085,0.059,14.0
39,0.458,0.780,0.000,-29.882,0.104,0.067,14.0
40,0.454,0.783,0.000,-28.380,0.126,0.075,14.0
41,0.450,0.785,0.000,-26.835,0.154,0.067,14.0
42,0.445,0.788,0.000,-25.266,0.177,0.089,14.0
43,0.439,0.791,0.000,-23.663,0.207,0.101,14.0
44,0.433,0.793,0.000,-22.022,0.245,0.106,14.0
45,0.426,0.796,0.000,-20.341,0.285,0.110,14.0
46,0.418,0.799,0.000,-18.624,0.327,0.116,14.0
47,0.411,0.801,0.000,-16.870,0.370,0.120,14.0
48,0.404,0.803,0.000,-15.080,0.415,0.120,14.0
49,0.397,0.805,0.000,-13.263,0.465,0.096,14.0
50,0.389,0.807,0.000,-11.428,0.517,0.099,14.0
51,0.381,0.808,0.000,-9.566,0.569,0.092,14.0
52,0.373,0.809,0.000,-7.680,0.625,0.078,14.0
53,0.366,0.810,0.000,-5.783,0.680,0.066,14.0
54,0.358,0.811,0.000,-3.887,0.740,0.049,14.0
55,0.351,0.812,0.000,-1.988,0.802,0.021,14.0
56,0.343,0.812,0.000,-0.086,0.867,-0.006,14.0
57,0.335,0.812,0.000,1.818,0.935,-0.035,14.0
58,0.331,0.812,0.000,3.713,0.988,-0.070,-1
59,0.330,0.812,0.000,5.585,1.029,-0.107,-1
60,0.329,0.812,0.000,7.437,1.069,-0.146,-1
61,0.329,0.812,0.000,9.268,1.111,-0.187,-1
62,0.329,0.812,0.000,11.078,1.157,-0.223,-1
63,0.330,0.812,0.000,12.862,1.201,-0.273,-1
64,0.332,0.813,0.000,14.601,1.243,-0.319,-1
65,0.334,0.814,0.000,16.295,1.285,-0.379,-1
66,0.338,0.815,0.000,17.942,1.322,-0.437,-1
67,0.343,0.817,0.000,19.543,1.362,-0.492,-1
68,0.348,0.819,0.000,21.098,1.408,-0.549,-1
69,0.352,0.820,0.000,22.609,1.457,-0.612,-1
70,0.357,0.822,0.000,24.076,1.511,-0.682,-1
71,0.361,0.824,0.000,25.498,1.572,-0.757,-1
72,0.365,0.826,0.000,26.877,1.638,-0.837,-1
73,0.368,0.828,0.000,28.212,1.710,-0.924,-1
74,0.371,0.829,0.000,29.509,1.777,-1.002,-1
75,0.372,0.828,0.000,30.775,1.712,-1.020,-1
76,0.370,0.827,0.000,32.037,1.612,-1.010,-1
77,0.370,0.827,0.000,33.314,1.503,-1.004,-1
78,0.368,0.825,0.000,34.602,1.442,-0.965,-1
79,0.368,0.826,0.000,35.897,1.335,-0.980,-1
80,0.365,0.823,0.000,37.200,1.287,-0.956,-1
81,0.365,0.823,0.000,38.517,1.205,-0.969,-1
82,0.364,0.822,0.000,39.861,1.147,-0.965,-1
83,0.363,0.822,0.000,41.234,1.093,-0.965,-1
84,0.361,0.820,0.000,42.632,1.049,-0.970,-1
85,0.360,0.819,0.000,44.054,1.006,-0.978,-1
86,0.359,0.818,0.000,45.503,0.967,-0.994,-1
87,0.358,0.817,0.000,46.979,0.934,-1.012,-1
88,0.356,0.815,0.000,48.481,0.907,-1.033,-1
89,0.355,0.813,0.000,50.008,0.890,-1.057,-1
90,0.353,0.811,0.000,51.542,0.858,-1.101,-1
91,0.351,0.809,0.000,53.092,0.845,-1.139,-1
92,0.349,0.806,0.000,54.666,0.833,-1.181,-1
93,0.347,0.804,0.000,56.262,0.817,-1.233,-1
94,0.345,0.801,0.000,57.878,0.815,-1.287,-1
95,0.343,0.798,0.000,59.503,0.799,-1.356,-1
96,0.342,0.795,0.000,61.144,0.793,-1.426,-1
97,0.340,0.791,0.000,62.804,0.783,-1.505,-1
98,0.338,0.788,0.000,64.476,0.754,-1.599,-1
99,0.337,0.784,0.000,66.151,0.755,-1.688,-1
100,0.335,0.781,0.000,67.834,0.742,-1.791,-1
101,0.333,0.777,0.000,69.526,0.692,-1.884,-1
102,0.333,0.775,0.000,71.204,0.639,-1.836,-1
103,0.331,0.772,0.000,72.884,0.564,-1.801,-1
104,0.330,0.768,0.000,74.577,0.495,-1.777,-1
105,0.329,0.763,0.000,76.282,0.429,-1.760,-1
106,0.327,0.758,0.000,77.989,0.371,-1.754,-1
107,0.326,0.752,0.000,79.702,0.310,-1.754,-1
108,0.325,0.747,0.000,81.425,0.257,-1.759,-1
109,0.324,0.742,0.000,83.155,0.207,-1.771,-1
110,0.324,0.736,0.000,84.891,0.155,-1.791,-1
111,0.323,0.730,0.000,86.632,0.100,-1.819,-1
112,0.323,0.724,0.000,88.373,0.046,-1.854,-1
113,0.323,0.718,0.000,90.111,-0.010,-1.897,-1
114,0.323,0.712,0.000,91.842,-0.069,-1.948,-1
115,0.323,0.706,0.000,93.565,-0.111,-2.005,-1
116,0.324,0.701,0.000,95.277,-0.192,-1.978,-1
117,0.324,0.696,0.000,96.978,-0.220,-1.943,-1
118,0.326,0.690,0.000,98.665,-0.289,-1.915,-1
119,0.327,0.684,0.000,100.341,-0.346,-1.898,-1
120,0.328,0.677,0.000,102.005,-0.392,-1.894,-1
121,0.330,0.671,0.000,103.657,-0.470,-1.890,-1
122,0.331,0.664,0.000,105.297,-0.524,-1.901,-1
123,0.333,0.657,0.000,106.924,-0.576,-1.895,-1
124,0.336,0.651,0.000,108.538,-0.626,-1.861,-1
125,0.338,0.645,0.000,110.137,-0.668,-1.841,-1
126,0.341,0.638,0.000,111.719,-0.719,-1.828,-1
127,0.343,0.631,0.000,113.284,-0.777,-1.820,-1
128,0.346,0.625,0.000,114.830,-0.837,-1.819,-1
129,0.349,0.620,0.000,116.360,-0.873,-1.759,-1
130,0.352,0.615,0.000,117.874,-0.886,-1.678,-1
131,0.355,0.609,0.000,119.369,-0.896,-1.612,-1
132,0.359,0.603,0.000,120.841,-0.917,-1.551,-1
133,0.363,0.597,0.000,122.290,-0.941,-1.497,-1
134,0.366,0.591,0.000,123.713,-0.980,-1.444,-1
135,0.369,0.584,0.000,125.106,-1.000,-1.412,-1
136,0.372,0.578,0.000,126.468,-1.027,-1.383,-1
137,0.375,0.571,0.000,127.800,-1.062,-1.358,-1
138,0.378,0.565,0.000,129.103,-1.099,-1.340,-1
139,0.381,0.559,0.000,130.378,-1.139,-1.329,-1
140,0.384,0.553,0.000,131.625,-1.183,-1.322,-1
141,0.388,0.548,0.000,132.845,-1.233,-1.320,-1
142,0.391,0.542,0.000,134.039,-1.288,-1.323,-1
143,0.395,0.537,0.000,135.207,-1.349,-1.330,-1
144,0.398,0.532,0.000,136.349,-1.415,-1.341,-1
145,0.402,0.527,0.000,137.465,-1.465,-1.354,-1
146,0.406,0.524,0.000,138.556,-1.476,-1.278,-1
147,0.410,0.520,0.000,139.624,-1.459,-1.235,-1
148,0.414,0.517,0.000,140.663,-1.457,-1.192,-1
149,0.418,0.513,0.000,141.669,-1.465,-1.149,-1
150,0.422,0.510,0.000,142.639,-1.476,-1.116,-1
151,0.427,0.506,0.000,143.575,-1.490,-1.092,-1
152,0.431,0.503,0.000,144.476,-1.511,-1.072,-1
153,0.435,0.500,0.000,145.342,-1.538,-1.056,-1
154,0.440,0.497,0.000,146.172,-1.572,-1.045,-1
155,0.444,0.495,0.000,146.966,-1.611,-1.040,-1
156,0.448,0.492,0.000,147.725,-1.657,-1.039,-1
157,0.452,0.489,0.000,148.447,-1.695,-1.045,-1
158,0.456,0.486,0.000,149.142,-1.691,-0.993,-1
159,0.460,0.484,0.000,149.812,-1.671,-0.963,-1
160,0.464,0.482,0.000,150.449,-1.660,-0.939,-1
161,0.468,0.480,0.000,151.050,-1.660,-0.912,-1
162,0.472,0.477,0.000,151.615,-1.666,-0.891,-1
163,0.476,0.475,0.000,152.144,-1.677,-0.878,-1
164,0.479,0.473,0.000,152.636,-1.695,-0.871,-1
165,0.483,0.472,0.000,153.093,-1.720,-0.866,-1
166,0.487,0.470,0.000,153.513,-1.753,-0.866,-1
167,0.491,0.468,0.000,153.898,-1.785,-0.874,-1
168,0.494,0.465,0.000,154.254,-1.779,-0.842,-1
169,0.498,0.464,0.000,154.583,-1.754,-0.827,-1
170,0.501,0.462,0.000,154.879,-1.740,-0.813,-1
171,0.505,0.460,0.000,155.140,-1.736,-0.797,-1
172,0.508,0.459,0.000,155.366,-1.739,-0.788,-1
173,0.512,0.457,0.000,155.557,-1.747,-0.787,-1
174,0.515,0.456,0.000,155.714,-1.763,-0.789,-1
175,0.518,0.455,0.000,155.838,-1.786,-0.796,-1
176,0.521,0.453,0.000,155.939,-1.810,-0.817,-1
177,0.523,0.452,0.000,156.028,-1.790,-0.795,-1
178,0.526,0.449,0.000,156.102,-1.763,-0.801,-1
179,0.530,0.448,0.000,156.161,-1.765,-0.768,-1
180,0.532,0.447,0.000,156.207,-1.745,-0.798,-1
181,0.537,0.445,0.000,156.238,-1.773,-0.762,-1
182,0.540,0.443,0.000,156.253,-1.779,-0.780,-1
183,0.543,0.443,0.000,156.248,-1.796,-0.790,-1
184,0.546,0.441,0.000,156.224,-1.827,-0.788,-1
185,0.548,0.439,0.000,156.180,-1.795,-0.785,-1
186,0.550,0.438,0.000,156.111,-1.776,-0.785,-1
187,0.553,0.437,0.000,156.010,-1.771,-0.781,-1
188,0.556,0.436,0.000,155.876,-1.772,-0.784,-1
189,0.559,0.434,0.000,155.712,-1.780,-0.796,-1
190,0.562,0.433,0.000,155.516,-1.796,-0.812,-1
191,0.565,0.432,0.000,155.289,-1.820,-0.831,-1
192,0.568,0.430,0.000,155.035,-1.816,-0.838,-1
193,0.571,0.428,0.000,154.757,-1.786,-0.840,-1
194,0.574,0.427,0.000,154.450,-1.769,-0.838,-1
195,0.577,0.425,0.000,154.113,-1.758,-0.844,-1
196,0.579,0.424,0.000,153.748,-1.754,-0.857,-1
197,0.582,0.423,0.000,153.353,-1.757,-0.875,-1
198,0.585,0.421,0.000,152.931,-1.769,-0.897,-1
199,0.588,0.420,0.000,152.481,-1.779,-0.927,-1
200,0.591,0.417,0.000,152.009,-1.764,-0.925,-1
201,0.594,0.416,0.000,151.511,-1.739,-0.936,-1
202,0.597,0.414,0.000,150.988,-1.722,-0.950,-1
203,0.600,0.413,0.000,150.438,-1.715,-0.966,-1
204,0.603,0.411,0.000,149.863,-1.715,-0.987,-1
205,0.606,0.409,0.000,149.262,-1.721,-1.016,-1
206,0.608,0.407,0.000,148.638,-1.711,-1.039,-1
207,0.611,0.405,0.000,147.992,-1.686,-1.048,-1
208,0.614,0.404,0.000,147.324,-1.658,-1.069,-1
209,0.617,0.401,0.000,146.641,-1.650,-1.085,-1
210,0.620,0.399,0.000,145.945,-1.636,-1.113,-1
211,0.623,0.397,0.000,145.230,-1.619,-1.135,-1
212,0.626,0.395,0.000,144.494,-1.606,-1.154,-1
213,0.629,0.393,0.000,143.738,-1.591,-1.174,-1
214,0.632,0.391,0.000,142.961,-1.575,-1.195,-1
215,0.634,0.389,0.000,142.166,-1.559,-1.217,-1
216,0.637,0.386,0.000,141.351,-1.541,-1.239,-1
217,0.640,0.384,0.000,140.518,-1.523,-1.262,-1
218,0.643,0.381,0.000,139.667,-1.504,-1.284,-1
219,0.646,0.379,0.000,138.798,-1.484,-1.307,-1
220,0.649,0.376,0.000,137.912,-1.464,-1.330,-1
221,0.652,0.373,0.000,137.010,-1.443,-1.352,-1
222,0.655,0.371,0.000,136.092,-1.421,-1.375,-1
223,0.658,0.368,0.000,135.159,-1.398,-1.398,-1
224,0.661,0.365,0.000,134.210,-1.375,-1.421,-1
225,0.664,0.362,0.000,133.248,-1.351,-1.444,-1
226,0.667,0.359,0.000,132.271,-1.326,-1.467,-1
227,0.669,0.356,0.000,131.282,-1.301,-1.490,-1
228,0.672,0.352,0.000,130.280,-1.274,-1.512,-1
229,0.675,0.349,0.000,129.266,-1.247,-1.535,-1
230,0.678,0.346,0.000,128.241,-1.220,-1.557,-1
231,0.681,0.342,0.000,127.205,-1.191,-1.578,-1
232,0.683,0.339,0.000,126.159,-1.162,-1.600,-1
233,0.686,0.335,0.000,125.103,-1.133,-1.621,-1
234,0.689,0.331,0.000,124.038,-1.102,-1.642,-1
235,0.691,0.327,0.000,122.965,-1.071,-1.662,-1
236,0.694,0.324,0.000,121.883,-1.040,-1.682,-1
237,0.696,0.320,0.000,120.794,-1.008,-1.702,-1
238,0.699,0.316,0.000,119.698,-0.975,-1.721,-1
239,0.701,0.312,0.000,118.596,-0.942,-1.739,-1
240,0.704,0.307,0.000,117.488,-0.908,-1.757,-1
241,0.706,0.303,0.000,116.375,-0.874,-1.774,-1
242,0.708,0.299,0.000,115.258,-0.839,-1.791,-1
243,0.710,0.294,0.000,114.137,-0.816,-1.803,-1
244,0.712,0.290,0.000,113.015,-0.778,-1.828,-1
245,0.714,0.285,0.000,111.891,-0.749,-1.856,-1
246,0.716,0.281,0.000,110.764,-0.716,-1.862,-1
247,0.718,0.276,0.000,109.635,-0.674,-1.872,-1
248,0.719,0.273,0.000,108.492,-0.636,-1.883,-1
249,0.720,0.270,0.000,107.328,-0.599,-1.899,-1
250,0.720,0.267,0.000,106.143,-0.561,-1.921,-1
251,0.721,0.264,0.000,104.937,-0.523,-1.926,-1
252,0.722,0.262,0.000,103.711,-0.479,-1.938,-1
253,0.723,0.259,0.000,102.466,-0.435,-1.951,-1
254,0.723,0.256,0.000,101.202,-0.394,-1.958,-1
255,0.724,0.253,0.000,99.921,-0.349,-1.968,-1
256,0.724,0.250,0.000,98.623,-0.306,-1.974,-1
257,0.725,0.246,0.000,97.309,-0.259,-1.981,-1
258,0.725,0.243,0.000,95.979,-0.214,-1.986,-1
259,0.725,0.240,0.000,94.636,-0.167,-1.991,-1
260,0.725,0.236,0.000,93.280,-0.120,-1.994,-1
261,0.726,0.232,0.000,91.914,-0.072,-1.997,-1
262,0.726,0.229,0.000,90.541,-0.024,-1.998,-1
263,0.725,0.225,0.000,89.166,0.024,-1.998,-1
264,0.725,0.221,0.000,87.789,0.072,-1.997,-1
265,0.725,0.217,0.000,86.407,0.120,-1.994,-1
266,0.725,0.213,0.000,85.016,0.168,-1.991,-1
267,0.725,0.209,0.000,83.617,0.217,-1.986,-1
268,0.724,0.205,0.000,82.210,0.265,-1.980,-1
269,0.723,0.200,0.000,80.795,0.314,-1.973,-1
270,0.723,0.196,0.000,79.373,0.363,-1.965,-1
271,0.722,0.192,0.000,77.945,0.412,-1.955,-1
272,0.721,0.187,0.000,76.511,0.461,-1.944,-1
273,0.719,0.183,0.000,75.071,0.510,-1.932,-1
274,0.718,0.178,0.000,73.628,0.558,-1.918,-1
275,0.716,0.174,0.000,72.181,0.606,-1.904,-1
276,0.715,0.169,0.000,70.731,0.654,-1.888,-1
277,0.713,0.165,0.000,69.280,0.702,-1.871,-1
278,0.711,0.160,0.000,67.827,0.749,-1.852,-1
279,0.709,0.155,0.000,66.373,0.796,-1.833,-1
280,0.707,0.151,0.000,64.920,0.842,-1.812,-1
281,0.705,0.146,0.000,63.469,0.888,-1.790,-1
282,0.702,0.142,0.000,62.019,0.933,-1.767,-1
283,0.700,0.137,0.000,60.572,0.977,-1.743,-1
284,0.697,0.133,0.000,59.128,1.021,-1.718,-1
285,0.694,0.128,0.000,57.689,1.064,-1.691,-1
286,0.691,0.124,0.000,56.254,1.106,-1.664,-1
287,0.688,0.119,0.000,54.825,1.147,-1.636,-1
288,0.685,0.115,0.000,53.402,1.187,-1.607,-1
289,0.682,0.111,0.000,51.978,1.226,-1.577,14.0
290,0.679,0.107,0.000,50.550,1.266,-1.546,14.0
291,0.676,0.103,0.000,49.117,1.303,-1.514,14.0
292,0.672,0.100,0.000,47.682,1.342,-1.481,14.0
293,0.669,0.096,0.000,46.243,1.378,-1.447,14.0
294,0.665,0.093,0.000,44.803,1.414,-1.412,14.0
295,0.662,0.089,0.000,43.362,1.449,-1.376,14.0
296,0.658,0.086,0.000,41.921,1.483,-1.339,14.0
297,0.654,0.083,0.000,40.480,1.516,-1.301,14.0
298,0.650,0.079,0.000,39.041,1.548,-1.263,14.0
299,0.646,0.076,0.000,37.603,1.580,-1.223,14.0
300,0.642,0.073,0.000,36.168,1.610,-1.183,14.0
301,0.638,0.070,0.000,34.737,1.639,-1.143,14.0
302,0.634,0.067,0.000,33.310,1.667,-1.102,14.0
303,0.629,0.064,0.000,31.887,1.694,-1.060,14.0
304,0.625,0.061,0.000,30.470,1.719,-1.018,14.0
305,0.620,0.058,0.000,29.060,1.744,-0.975,14.0
306,0.616,0.056,0.000,27.656,1.767,-0.932,14.0
307,0.611,0.053,0.000,26.261,1.789,-0.889,14.0
308,0.606,0.051,0.000,24.873,1.810,-0.845,14.0
309,0.601,0.049,0.000,23.495,1.830,-0.801,14.0
310,0.596,0.047,0.000,22.126,1.849,-0.757,14.0
311,0.591,0.045,0.000,20.768,1.866,-0.713,14.0
312,0.586,0.043,0.000,19.420,1.882,-0.669,14.0
313,0.581,0.041,0.000,18.084,1.897,-0.625,14.0
314,0.576,0.039,0.000,16.761,1.911,-0.581,14.0
315,0.571,0.038,0.000,15.450,1.924,-0.537,14.0
316,0.566,0.036,0.000,14.153,1.936,-0.494,14.0
317,0.561,0.035,0.000,12.870,1.946,-0.450,14.0
318,0.556,0.034,0.000,11.601,1.956,-0.407,14.0
319,0.550,0.033,0.000,10.347,1.964,-0.364,14.0
320,0.545,0.032,0.000,9.109,1.972,-0.322,14.0
321,0.540,0.031,0.000,7.887,1.978,-0.280,14.0
322,0.535,0.030,0.000,6.682,1.984,-0.238,14.0
323,0.530,0.030,0.000,5.493,1.988,-0.197,14.0
324,0.525,0.029,0.000,4.322,1.992,-0.156,14.0
325,0.519,0.029,0.000,3.168,1.994,-0.116,14.0
326,0.514,0.029,0.000,2.032,1.996,-0.076,14.0
327,0.509,0.028,0.000,0.912,1.997,-0.037,14.0
328,0.504,0.028,0.000,-0.193,1.998,0.001,14.0
329,0.499,0.029,0.000,-1.283,1.997,0.039,14.0
330,0.494,0.029,0.000,-2.357,1.996,0.077,14.0
331,0.489,0.029,0.000,-3.413,1.995,0.113,14.0
332,0.484,0.029,0.000,-4.449,1.992,0.149,14.0
333,0.479,0.030,0.000,-5.464,1.989,0.185,14.0
334,0.474,0.031,0.000,-6.459,1.986,0.219,14.0
335,0.470,0.031,0.000,-7.432,1.982,0.253,14.0
336,0.465,0.032,0.000,-8.383,1.977,0.286,14.0
337,0.460,0.033,0.000,-9.312,1.972,0.318,14.0
338,0.455,0.034,0.000,-10.218,1.967,0.349,14.0
339,0.451,0.035,0.000,-11.101,1.962,0.379,14.0
340,0.446,0.036,0.000,-11.961,1.956,0.408,14.0
341,0.442,0.037,0.000,-12.797,1.949,0.437,14.0
342,0.437,0.038,0.000,-13.610,1.943,0.465,14.0
343,0.433,0.039,0.000,-14.399,1.936,0.491,14.0
344,0.429,0.040,0.000,-15.164,1.930,0.517,14.0
345,0.424,0.041,0.000,-15.905,1.923,0.542,14.0
346,0.420,0.043,0.000,-16.622,1.916,0.566,14.0
347,0.416,0.044,0.000,-17.314,1.909,0.589,14.0
348,0.412,0.046,0.000,-17.982,1.902,0.611,14.0
349,0.408,0.047,0.000,-18.625,1.895,0.633,14.0
350,0.404,0.048,0.000,-19.243,1.888,0.653,14.0
351,0.400,0.050,0.000,-19.837,1.881,0.673,14.0
352,0.396,0.051,0.000,-20.406,1.874,0.691,14.0
353,0.392,0.053,0.000,-20.950,1.868,0.709,14.0
354,0.388,0.055,0.000,-21.470,1.861,0.726,14.0
355,0.385,0.056,0.000,-21.964,1.855,0.742,14.0
356,0.381,0.058,0.000,-22.434,1.849,0.757,14.0
357,0.377,0.059,0.000,-22.879,1.843,0.771,14.0
358,0.374,0.061,0.000,-23.300,1.837,0.785,14.0
359,0.370,0.063,0.000,-23.695,1.832,0.798,14.0
360,0.367,0.064,0.000,-24.067,1.827,0.809,14.0
361,0.363,0.066,0.000,-24.413,1.822,0.820,14.0
362,0.360,0.068,0.000,-24.735,1.817,0.831,14.0
363,0.356,0.069,0.000,-25.033,1.813,0.840,14.0
364,0.353,0.071,0.000,-25.306,1.809,0.849,14.0
365,0.349,0.073,0.000,-25.556,1.805,0.857,14.0
366,0.346,0.074,0.000,-25.781,1.801,0.864,14.0
367,0.343,0.076,0.000,-25.983,1.798,0.870,14.0
368,0.340,0.078,0.000,-26.160,1.796,0.876,14.0
369,0.336,0.079,0.000,-26.314,1.793,0.880,14.0
370,0.333,0.081,0.000,-26.445,1.791,0.885,14.0
371,0.330,0.083,0.000,-26.552,1.790,0.888,14.0
372,0.327,0.084,0.000,-26.636,1.788,0.891,14.0
373,0.323,0.086,0.000,-26.697,1.787,0.892,14.0
374,0.320,0.088,0.000,-26.735,1.787,0.894,14.0
375,0.317,0.090,0.000,-26.751,1.787,0.894,14.0
376,0.314,0.091,0.000,-26.745,1.787,0.894,14.0
377,0.311,0.093,0.000,-26.716,1.787,0.893,14.0
378,0.308,0.095,0.000,-26.665,1.788,0.891,14.0
379,0.305,0.096,0.000,-26.592,1.789,0.889,14.0
380,0.301,0.098,0.000,-26.498,1.791,0.886,14.0
381,0.298,0.099,0.000,-26.382,1.792,0.883,14.0
382,0.295,0.101,0.000,-26.246,1.794,0.878,14.0
383,0.292,0.103,0.000,-26.088,1.797,0.873,14.0
384,0.289,0.104,0.000,-25.910,1.800,0.868,14.0
385,0.286,0.106,0.000,-25.712,1.803,0.862,14.0
386,0.283,0.108,0.000,-25.493,1.806,0.855,14.0
387,0.280,0.109,0.000,-25.255,1.809,0.847,14.0
388,0.276,0.111,0.000,-24.997,1.813,0.839,14.0
389,0.273,0.112,0.000,-24.720,1.817,0.830,14.0
390,0.270,0.114,0.000,-24.423,1.821,0.821,14.0
391,0.267,0.115,0.000,-24.108,1.826,0.811,14.0
392,0.264,0.117,0.000,-23.775,1.831,0.800,14.0
393,0.261,0.118,0.000,-23.424,1.835,0.789,14.0
394,0.257,0.120,0.000,-23.055,1.841,0.777,14.0
395,0.254,0.121,0.000,-22.668,1.846,0.765,14.0
396,0.251,0.123,0.000,-22.264,1.851,0.752,14.0
397,0.247,0.124,0.000,-21.843,1.857,0.738,14.0
398,0.244,0.126,0.000,-21.406,1.862,0.724,14.0
399,0.241,0.127,0.000,-20.952,1.868,0.709,14.0
400,0.237,0.128,0.000,-20.483,1.874,0.694,14.0
401,0.234,0.130,0.000,-19.998,1.879,0.678,14.0
402,0.231,0.131,0.000,-19.497,1.885,0.661,14.0
403,0.227,0.132,0.000,-18.982,1.891,0.644,14.0
404,0.224,0.134,0.000,-18.452,1.897,0.627,14.0
405,0.220,0.135,0.000,-17.909,1.903,0.609,14.0
406,0.216,0.136,0.000,-17.351,1.909,0.590,14.0
407,0.213,0.137,0.000,-16.780,1.914,0.571,14.0
408,0.209,0.138,0.000,-16.195,1.920,0.552,14.0
409,0.206,0.139,0.000,-15.598,1.926,0.532,14.0
410,0.202,0.141,0.000,-14.988,1.931,0.511,14.0
411,0.198,0.142,0.000,-14.367,1.937,0.490,14.0
412,0.195,0.143,0.000,-13.734,1.942,0.469,14.0
413,0.191,0.144,0.000,-13.089,1.947,0.447,14.0
414,0.187,0.145,0.000,-12.434,1.952,0.425,14.0
415,0.183,0.145,0.000,-11.768,1.957,0.402,14.0
416,0.179,0.146,0.000,-11.092,1.962,0.379,14.0
417,0.175,0.147,0.000,-10.407,1.966,0.355,14.0
418,0.171,0.148,0.000,-9.712,1.970,0.331,14.0
419,0.167,0.149,0.000,-9.008,1.974,0.307,14.0
420,0.163,0.149,0.000,-8.296,1.978,0.283,14.0
421,0.159,0.150,0.000,-7.576,1.981,0.258,14.0
422,0.155,0.151,0.000,-6.848,1.984,0.233,14.0
423,0.151,0.151,0.000,-6.113,1.987,0.207,14.0
424,0.147,0.152,0.000,-5.372,1.990,0.181,14.0
425,0.143,0.152,0.000,-4.625,1.992,0.155,14.0
426,0.139,0.152,0.000,-3.872,1.994,0.129,14.0
427,0.134,0.153,0.000,-3.114,1.995,0.103,14.0
428,0.130,0.153,0.000,-2.353,1.996,0.076,14.0
429,0.126,0.153,0.000,-1.589,1.997,0.050,14.0
430,0.122,0.153,0.000,-0.824,1.998,0.023,14.0
431,0.117,0.153,0.000,-0.060,1.998,-0.003,14.0
432,0.113,0.153,0.000,0.703,1.998,-0.030,14.0
433,0.109,0.153,0.000,1.466,1.997,-0.057,14.0
434,0.104,0.153,0.000,2.228,1.996,-0.083,14.0
435,0.100,0.153,0.000,2.991,1.995,-0.110,14.0
436,0.095,0.152,0.000,3.755,1.993,-0.136,14.0
437,0.091,0.152,0.000,4.521,1.991,-0.163,14.0
438,0.086,0.151,0.000,5.288,1.989,-0.190,14.0
439,0.082,0.151,0.000,6.056,1.986,-0.216,14.0
440,0.077,0.150,0.000,6.826,1.983,-0.243,14.0
441,0.073,0.150,0.000,7.596,1.980,-0.270,14.0
442,0.068,0.149,0.000,8.366,1.976,-0.296,14.0
443,0.064,0.148,0.000,9.137,1.972,-0.323,14.0
444,0.059,0.147,0.000,9.907,1.967,-0.349,14.0
445,0.055,0.147,0.000,10.676,1.962,-0.376,14.0
446,0.050,0.146,0.000,11.445,1.957,-0.402,14.0
447,0.046,0.145,0.000,12.212,1.951,-0.428,14.0
448,0.041,0.143,0.000,12.978,1.946,-0.454,14.0
449,0.036,0.142,0.000,13.741,1.939,-0.480,14.0
450,0.032,0.141,0.000,14.502,1.933,-0.506,14.0
451,0.027,0.140,0.000,15.261,1.926,-0.531,14.0
452,0.023,0.138,0.000,16.016,1.919,-0.556,14.0
453,0.018,0.137,0.000,16.768,1.911,-0.582,14.0
454,0.014,0.136,0.000,17.516,1.904,-0.606,14.0
455,0.009,0.134,0.000,18.260,1.896,-0.631,14.0
456,0.005,0.132,0.000,18.999,1.887,-0.656,14.0
457,0.000,0.131,0.000,19.734,1.879,-0.680,14.0
458,-0.004,0.129,0.000,20.463,1.870,-0.704,14.0
459,-0.009,0.127,0.000,21.187,1.861,-0.727,14.0
460,-0.013,0.125,0.000,21.905,1.852,-0.750,14.0
461,-0.018,0.123,0.000,22.617,1.842,-0.773,14.0
462,-0.022,0.121,0.000,23.323,1.832,-0.796,14.0
463,-0.027,0.119,0.000,24.021,1.823,-0.818,14.0
464,-0.031,0.117,0.000,24.713,1.813,-0.840,14.0
465,-0.036,0.115,0.000,25.397,1.802,-0.862,14.0
466,-0.040,0.113,0.000,26.074,1.792,-0.883,14.0
467,-0.044,0.111,0.000,26.742,1.782,-0.904,14.0
468,-0.049,0.108,0.000,27.403,1.771,-0.924,14.0
469,-0.053,0.106,0.000,28.055,1.761,-0.944,14.0
470,-0.057,0.104,0.000,28.698,1.750,-0.964,14.0
471,-0.061,0.101,0.000,29.332,1.739,-0.983,14.0
472,-0.066,0.099,0.000,29.956,1.728,-1.002,14.0
473,-0.070,0.096,0.000,30.571,1.717,-1.021,14.0
474,-0.074,0.094,0.000,31.176,1.707,-1.039,14.0
475,-0.078,0.091,0.000,31.771,1.696,-1.056,14.0
476,-0.082,0.089,0.000,32.356,1.685,-1.074,14.0
477,-0.086,0.086,0.000,32.930,1.674,-1.091,14.0
478,-0.090,0.083,0.000,33.493,1.663,-1.107,14.0
479,-0.094,0.080,0.000,34.045,1.652,-1.123,14.0
480,-0.098,0.078,0.000,34.586,1.642,-1.138,14.0
481,-0.102,0.075,0.000,35.116,1.631,-1.154,14.0
482,-0.106,0.072,0.000,35.634,1.621,-1.168,14.0
483,-0.110,0.069,0.000,36.140,1.610,-1.183,14.0
484,-0.114,0.066,0.000,36.634,1.600,-1.196,14.0
485,-0.118,0.063,0.000,37.116,1.590,-1.210,14.0
486,-0.122,0.060,0.000,37.586,1.580,-1.223,14.0
487,-0.125,0.058,0.000,38.043,1.570,-1.235,14.0
488,-0.129,0.055,0.000,38.487,1.561,-1.248,14.0
489,-0.133,0.052,0.000,38.918,1.551,-1.259,14.0
490,-0.136,0.049,0.000,39.337,1.542,-1.271,14.0
491,-0.140,0.045,0.000,39.742,1.533,-1.281,14.0
492,-0.144,0.042,0.000,40.135,1.524,-1.292,14.0
493,-0.147,0.039,0.000,40.513,1.515,-1.302,14.0
494,-0.151,0.036,0.000,40.879,1.507,-1.312,14.0
495,-0.154,0.033,0.000,41.231,1.499,-1.321,14.0
496,-0.158,0.030,0.000,41.569,1.491,-1.330,14.0
497,-0.161,0.027,0.000,41.893,1.484,-1.338,14.0
498,-0.165,0.024,0.000,42.203,1.476,-1.346,14.0
499,-0.168,0.021,0.000,42.500,1.469,-1.354,14.0
500,-0.172,0.018,0.000,42.783,1.463,-1.361,14.0
501,-0.175,0.014,0.000,43.051,1.456,-1.368,14.0
502,-0.178,0.011,0.000,43.306,1.450,-1.374,14.0
503,-0.182,0.008,0.000,43.546,1.444,-1.380,14.0
504,-0.185,0.005,0.000,43.772,1.439,-1.386,14.0
505,-0.188,0.002,0.000,43.983,1.434,-1.391,14.0
506,-0.192,-0.001,0.000,44.181,1.429,-1.396,14.0
507,-0.195,-0.005,0.000,44.364,1.425,-1.401,14.0
508,-0.198,-0.008,0.000,44.533,1.420,-1.405,14.0
509,-0.201,-0.011,0.000,44.687,1.417,-1.409,14.0
510,-0.204,-0.014,0.000,44.827,1.413,-1.412,14.0
511,-0.208,-0.017,0.000,44.953,1.410,-1.415,14.0
512,-0.211,-0.020,0.000,45.065,1.407,-1.418,14.0
513,-0.214,-0.024,0.000,45.162,1.405,-1.420,14.0
514,-0.217,-0.027,0.000,45.244,1.403,-1.422,14.0
515,-0.220,-0.030,0.000,45.313,1.401,-1.424,14.0
516,-0.223,-0.033,0.000,45.367,1.400,-1.425,14.0
517,-0.227,-0.036,0.000,45.407,1.399,-1.426,14.0
518,-0.230,-0.039,0.000,45.433,1.398,-1.427,14.0
519,-0.233,-0.043,0.000,45.445,1.398,-1.427,14.0
520,-0.236,-0.046,0.000,45.442,1.398,-1.427,14.0
521,-0.239,-0.049,0.000,45.426,1.398,-1.427,14.0
522,-0.242,-0.052,0.000,45.396,1.399,-1.426,14.0
523,-0.245,-0.055,0.000,45.352,1.400,-1.425,14.0
524,-0.248,-0.058,0.000,45.294,1.402,-1.424,14.0
525,-0.251,-0.061,0.000,45.222,1.404,-1.422,14.0
526,-0.255,-0.065,0.000,45.137,1.406,-1.420,14.0
527,-0.258,-0.068,0.000,45.038,1.408,-1.417,14.0
528,-0.261,-0.071,0.000,44.925,1.411,-1.415,14.0
529,-0.264,-0.074,0.000,44.800,1.414,-1.412,14.0
530,-0.267,-0.077,0.000,44.661,1.417,-1.408,14.0
531,-0.270,-0.080,0.000,44.509,1.421,-1.404,14.0
532,-0.273,-0.083,0.000,44.344,1.425,-1.400,14.0
533,-0.276,-0.086,0.000,44.166,1.429,-1.396,14.0
534,-0.280,-0.089,0.000,43.975,1.434,-1.391,14.0
535,-0.283,-0.092,0.000,43.772,1.439,-1.386,14.0
536,-0.286,-0.095,0.000,43.556,1.444,-1.380,14.0
537,-0.289,-0.098,0.000,43.328,1.450,-1.375,14.0
538,-0.292,-0.101,0.000,43.088,1.455,-1.369,14.0
539,-0.295,-0.104,0.000,42.835,1.461,-1.362,14.0
540,-0.299,-0.107,0.000,42.571,1.468,-1.355,14.0
541,-0.302,-0.110,0.000,42.295,1.474,-1.348,14.0
542,-0.305,-0.113,0.000,42.007,1.481,-1.341,14.0
543,-0.308,-0.116,0.000,41.708,1.488,-1.333,14.0
544,-0.312,-0.119,0.000,41.398,1.495,-1.325,14.0
545,-0.315,-0.122,0.000,41.077,1.503,-1.317,14.0
546,-0.318,-0.125,0.000,40.744,1.510,-1.308,14.0
547,-0.322,-0.128,0.000,40.401,1.518,-1.299,14.0
548,-0.325,-0.130,0.000,40.048,1.526,-1.290,14.0
549,-0.328,-0.133,0.000,39.684,1.534,-1.280,14.0
550,-0.332,-0.136,0.000,39.310,1.542,-1.270,14.0
551,-0.335,-0.139,0.000,38.926,1.551,-1.259,14.0
552,-0.338,-0.142,0.000,38.532,1.560,-1.249,14.0
553,-0.342,-0.144,0.000,38.129,1.568,-1.238,14.0
554,-0.345,-0.147,0.000,37.716,1.577,-1.226,14.0
555,-0.349,-0.150,0.000,37.294,1.586,-1.215,14.0
556,-0.352,-0.153,0.000,36.863,1.595,-1.203,14.0
557,-0.356,-0.155,0.000,36.423,1.604,-1.191,14.0
558,-0.360,-0.158,0.000,35.975,1.614,-1.178,14.0
559,-0.363,-0.161,0.000,35.518,1.623,-1.165,14.0
560,-0.367,-0.163,0.000,35.054,1.632,-1.152,14.0
561,-0.370,-0.166,0.000,34.581,1.642,-1.138,14.0
562,-0.374,-0.168,0.000,34.100,1.651,-1.125,14.0
563,-0.378,-0.171,0.000,33.612,1.661,-1.110,14.0
564,-0.382,-0.173,0.000,33.117,1.670,-1.096,14.0
565,-0.385,-0.176,0.000,32.615,1.680,-1.081,14.0
566,-0.389,-0.178,0.000,32.106,1.690,-1.066,14.0
567,-0.393,-0.181,0.000,31.590,1.699,-1.051,14.0
568,-0.397,-0.183,0.000,31.069,1.709,-1.036,14.0
569,-0.401,-0.186,0.000,30.540,1.718,-1.020,14.0
570,-0.405,-0.188,0.000,30.006,1.727,-1.004,14.0
571,-0.408,-0.190,0.000,29.467,1.737,-0.987,14.0
572,-0.412,-0.192,0.000,28.922,1.746,-0.971,14.0
573,-0.416,-0.195,0.000,28.371,1.755,-0.954,14.0
574,-0.420,-0.197,0.000,27.816,1.765,-0.937,14.0
575,-0.424,-0.199,0.000,27.256,1.774,-0.920,14.0
576,-0.428,-0.201,0.000,26.692,1.783,-0.902,14.0
577,-0.433,-0.203,0.000,26.123,1.791,-0.884,14.0
578,-0.437,-0.205,0.000,25.550,1.800,-0.867,14.0
579,-0.441,-0.207,0.000,24.974,1.809,-0.848,14.0
580,-0.445,-0.209,0.000,24.394,1.817,-0.830,14.0
581,-0.449,-0.211,0.000,23.811,1.826,-0.811,14.0
582,-0.453,-0.213,0.000,23.224,1.834,-0.793,14.0
583,-0.458,-0.215,0.000,22.635,1.842,-0.774,14.0
584,-0.462,-0.217,0.000,22.043,1.850,-0.755,14.0
585,-0.466,-0.219,0.000,21.449,1.858,-0.736,14.0
586,-0.470,-0.220,0.000,20.853,1.865,-0.716,14.0
587,-0.475,-0.222,0.000,20.255,1.872,-0.697,14.0
588,-0.479,-0.224,0.000,19.656,1.880,-0.677,14.0
589,-0.484,-0.225,0.000,19.055,1.887,-0.657,14.0
590,-0.488,-0.227,0.000,18.453,1.893,-0.638,14.0
591,-0.492,-0.229,0.000,17.850,1.900,-0.618,14.0
592,-0.497,-0.230,0.000,17.247,1.906,-0.598,14.0
593,-0.501,-0.231,0.000,16.643,1.913,-0.577,14.0
594,-0.506,-0.233,0.000,16.039,1.919,-0.557,14.0
595,-0.510,-0.234,0.000,15.435,1.924,-0.537,14.0
596,-0.515,-0.235,0.000,14.832,1.930,-0.517,14.0
597,-0.519,-0.237,0.000,14.229,1.935,-0.496,14.0
598,-0.524,-0.238,0.000,13.627,1.940,-0.476,14.0
599,-0.528,-0.239,0.000,13.026,1.945,-0.456,14.0
600,-0.533,-0.240,0.000,12.427,1.950,-0.435,14.0
601,-0.537,-0.241,0.000,11.830,1.954,-0.415,14.0
602,-0.542,-0.242,0.000,11.234,1.958,-0.395,14.0
603,-0.546,-0.243,0.000,10.641,1.962,-0.374,14.0
604,-0.550,-0.244,0.000,10.050,1.966,-0.354,14.0
605,-0.554,-0.244,0.000,9.462,1.970,-0.334,14.0
606,-0.559,-0.245,0.000,8.877,1.973,-0.314,14.0
607,-0.563,-0.246,0.000,8.296,1.976,-0.294,14.0
608,-0.567,-0.246,0.000,7.718,1.979,-0.274,14.0
609,-0.571,-0.247,0.000,7.144,1.982,-0.254,14.0
610,-0.575,-0.247,0.000,6.574,1.984,-0.234,14.0
611,-0.579,-0.248,0.000,6.008,1.986,-0.215,14.0
612,-0.583,-0.248,0.000,5.446,1.988,-0.195,14.0
613,-0.587,-0.249,0.000,4.889,1.990,-0.176,14.0
614,-0.590,-0.249,0.000,4.336,1.992,-0.157,14.0
615,-0.594,-0.249,0.000,3.789,1.993,-0.138,14.0
616,-0.598,-0.249,0.000,3.246,1.994,-0.119,14.0
617,-0.601,-0.250,0.000,2.709,1.995,-0.100,14.0
618,-0.605,-0.250,0.000,2.177,1.996,-0.081,14.0
619,-0.608,-0.250,0.000,1.650,1.997,-0.063,14.0
620,-0.612,-0.250,0.000,1.128,1.997,-0.045,14.0
621,-0.615,-0.250,0.000,0.611,1.998,-0.027,14.0
622,-0.619,-0.250,0.000,0.099,1.998,-0.009,14.0
623,-0.622,-0.250,0.000,-0.408,1.998,0.009,14.0
624,-0.625,-0.250,0.000,-0.910,1.998,0.026,14.0
625,-0.628,-0.250,0.000,-1.407,1.997,0.043,14.0
626,-0.631,-0.250,0.000,-1.898,1.997,0.061,14.0
627,-0.635,-0.250,0.000,-2.383,1.996,0.077,14.0
628,-0.638,-0.249,0.000,-2.862,1.996,0.094,14.0
629,-0.641,-0.249,0.000,-3.335,1.995,0.111,14.0
630,-0.644,-0.249,0.000,-3.802,1.994,0.127,14.0
631,-0.647,-0.249,0.000,-4.261,1.993,0.143,14.0
632,-0.649,-0.249,0.000,-4.714,1.991,0.159,14.0
633,-0.652,-0.248,0.000,-5.160,1.990,0.174,14.0
634,-0.655,-0.248,0.000,-5.598,1.989,0.189,14.0
635,-0.658,-0.248,0.000,-6.030,1.987,0.204,14.0
636,-0.660,-0.247,0.000,-6.454,1.986,0.219,14.0
637,-0.663,-0.247,0.000,-6.870,1.984,0.233,14.0
638,-0.666,-0.247,0.000,-7.280,1.982,0.248,14.0
639,-0.668,-0.246,0.000,-7.682,1.981,0.261,14.0
640,-0.671,-0.246,0.000,-8.076,1.979,0.275,14.0
641,-0.673,-0.245,0.000,-8.463,1.977,0.288,14.0
642,-0.675,-0.245,0.000,-8.842,1.975,0.301,14.0
643,-0.678,-0.245,0.000,-9.213,1.973,0.314,14.0
644,-0.680,-0.244,0.000,-9.576,1.971,0.327,14.0
645,-0.682,-0.244,0.000,-9.932,1.969,0.339,14.0
646,-0.685,-0.243,0.000,-10.280,1.967,0.351,14.0
647,-0.687,-0.243,0.000,-10.620,1.965,0.363,14.0
648,-0.689,-0.242,0.000,-10.953,1.962,0.374,14.0
649,-0.691,-0.242,0.000,-11.277,1.960,0.385,14.0
650,-0.693,-0.241,0.000,-11.594,1.958,0.396,14.0
651,-0.695,-0.241,0.000,-11.903,1.956,0.407,14.0
652,-0.697,-0.240,0.000,-12.204,1.954,0.417,14.0
653,-0.699,-0.240,0.000,-12.497,1.952,0.427,14.0
654,-0.701,-0.239,0.000,-12.783,1.950,0.436,14.0
655,-0.703,-0.239,0.000,-13.060,1.947,0.446,14.0
656,-0.705,-0.238,0.000,-13.330,1.945,0.455,14.0
657,-0.707,-0.238,0.000,-13.592,1.943,0.464,14.0
658,-0.708,-0.237,0.000,-13.846,1.941,0.473,14.0
659,-0.710,-0.237,0.000,-14.092,1.939,0.481,14.0
660,-0.712,-0.236,0.000,-14.331,1.937,0.489,14.0
661,-0.714,-0.236,0.000,-14.562,1.935,0.497,14.0
662,-0.715,-0.235,0.000,-14.785,1.933,0.504,14.0
663,-0.717,-0.235,0.000,-15.000,1.931,0.512,14.0
664,-0.719,-0.234,0.000,-15.208,1.929,0.519,14.0
665,-0.720,-0.234,0.000,-15.408,1.928,0.525,14.0
666,-0.722,-0.233,0.000,-15.601,1.926,0.532,14.0
667,-0.723,-0.233,0.000,-15.786,1.924,0.538,14.0
668,-0.725,-0.232,0.000,-15.964,1.922,0.544,14.0
669,-0.726,-0.232,0.000,-16.134,1.921,0.550,14.0
670,-0.728,-0.231,0.000,-16.297,1.919,0.555,14.0
671,-0.729,-0.231,0.000,-16.452,1.918,0.560,14.0
672,-0.730,-0.230,0.000,-16.600,1.916,0.565,14.0
673,-0.732,-0.230,0.000,-16.741,1.915,0.570,14.0
674,-0.733,-0.229,0.000,-16.875,1.913,0.574,14.0
675,-0.735,-0.229,0.000,-17.001,1.912,0.579,14.0
676,-0.736,-0.228,0.000,-17.120,1.911,0.583,14.0
677,-0.737,-0.228,0.000,-17.232,1.910,0.586,14.0
678,-0.738,-0.227,0.000,-17.337,1.909,0.590,14.0
679,-0.740,-0.227,0.000,-17.435,1.908,0.593,14.0
680,-0.741,-0.227,0.000,-17.526,1.907,0.596,14.0
681,-0.742,-0.226,0.000,-17.611,1.906,0.599,14.0
682,-0.743,-0.226,0.000,-17.688,1.905,0.602,14.0
683,-0.744,-0.225,0.000,-17.759,1.904,0.604,14.0
684,-0.745,-0.225,0.000,-17.822,1.904,0.606,14.0
685,-0.747,-0.224,0.000,-17.880,1.903,0.608,14.0
686,-0.748,-0.224,0.000,-17.930,1.903,0.610,14.0
687,-0.749,-0.223,0.000,-17.974,1.902,0.611,14.0
688,-0.750,-0.223,0.000,-18.012,1.902,0.612,14.0
689,-0.751,-0.223,0.000,-18.043,1.901,0.613,14.0
690,-0.752,-0.222,0.000,-18.067,1.901,0.614,14.0
691,-0.753,-0.222,0.000,-18.086,1.901,0.615,14.0
692,-0.754,-0.221,0.000,-18.098,1.901,0.615,14.0
693,-0.755,-0.221,0.000,-18.104,1.901,0.615,14.0
694,-0.756,-0.221,0.000,-18.103,1.901,0.615,14.0
695,-0.757,-0.220,0.000,-18.097,1.901,0.615,14.0
696,-0.758,-0.220,0.000,-18.084,1.901,0.615,14.0
697,-0.759,-0.220,0.000,-18.066,1.901,0.614,14.0
698,-0.760,-0.219,0.000,-18.041,1.901,0.613,14.0
699,-0.761,-0.219,0.000,-18.011,1.902,0.612,14.0
700,-0.761,-0.218,0.000,-17.975,1.902,0.611,14.0
701,-0.762,-0.218,0.000,-17.933,1.903,0.610,14.0
702,-0.763,-0.218,0.000,-17.885,1.903,0.608,14.0
703,-0.764,-0.217,0.000,-17.832,1.904,0.606,14.0
704,-0.765,-0.217,0.000,-17.773,1.904,0.604,14.0
705,-0.766,-0.217,0.000,-17.709,1.905,0.602,14.0
706,-0.766,-0.216,0.000,-17.639,1.906,0.600,14.0
707,-0.767,-0.216,0.000,-17.564,1.906,0.597,14.0
708,-0.768,-0.216,0.000,-17.483,1.907,0.595,14.0
709,-0.769,-0.215,0.000,-17.398,1.908,0.592,14.0
710,-0.770,-0.215,0.000,-17.307,1.909,0.589,14.0
711,-0.770,-0.215,0.000,-17.211,1.910,0.586,14.0
712,-0.771,-0.214,0.000,-17.109,1.911,0.582,14.0
713,-0.772,-0.214,0.000,-17.003,1.912,0.579,14.0
714,-0.773,-0.214,0.000,-16.892,1.913,0.575,14.0
715,-0.773,-0.214,0.000,-16.776,1.914,0.571,14.0
716,-0.774,-0.213,0.000,-16.655,1.916,0.567,14.0
717,-0.775,-0.213,0.000,-16.529,1.917,0.563,14.0
718,-0.776,-0.213,0.000,-16.398,1.918,0.559,14.0
719,-0.776,-0.213,0.000,-16.263,1.919,0.554,14.0
720,-0.777,-0.212,0.000,-16.123,1.921,0.549,14.0
721,-0.778,-0.212,0.000,-15.978,1.922,0.544,14.0
722,-0.778,-0.212,0.000,-15.829,1.924,0.539,14.0
723,-0.779,-0.211,0.000,-15.676,1.925,0.534,14.0
724,-0.780,-0.211,0.000,-15.518,1.926,0.529,14.0
725,-0.780,-0.211,0.000,-15.356,1.928,0.524,14.0
726,-0.781,-0.211,0.000,-15.189,1.929,0.518,14.0
727,-0.782,-0.211,0.000,-15.019,1.931,0.512,14.0
728,-0.782,-0.210,0.000,-14.844,1.933,0.506,14.0
729,-0.783,-0.210,0.000,-14.665,1.934,0.500,14.0
730,-0.784,-0.210,0.000,-14.482,1.936,0.494,14.0
731,-0.784,-0.210,0.000,-14.295,1.937,0.488,14.0
732,-0.785,-0.209,0.000,-14.104,1.939,0.481,14.0
733,-0.785,-0.209,0.000,-13.909,1.941,0.475,14.0
734,-0.786,-0.209,0.000,-13.710,1.942,0.468,14.0
735,-0.787,-0.209,0.000,-13.507,1.944,0.461,14.0
736,-0.787,-0.209,0.000,-13.301,1.946,0.454,14.0
737,-0.788,-0.208,0.000,-13.091,1.947,0.447,14.0
738,-0.788,-0.208,0.000,-12.878,1.949,0.440,14.0
739,-0.789,-0.208,0.000,-12.661,1.950,0.432,14.0
740,-0.790,-0.208,0.000,-12.440,1.952,0.425,14.0
741,-0.790,-0.208,0.000,-12.216,1.954,0.417,14.0
742,-0.791,-0.208,0.000,-11.988,1.955,0.409,14.0
743,-0.791,-0.207,0.000,-11.757,1.957,0.402,14.0
744,-0.792,-0.207,0.000,-11.523,1.959,0.394,14.0
745,-0.792,-0.207,0.000,-11.286,1.960,0.385,14.0
746,-0.793,-0.207,0.000,-11.045,1.962,0.377,14.0
747,-0.793,-0.207,0.000,-10.801,1.963,0.369,14.0
748,-0.794,-0.207,0.000,-10.554,1.965,0.360,14.0
749,-0.795,-0.206,0.000,-10.305,1.967,0.352,14.0
750,-0.795,-0.206,0.000,-10.052,1.968,0.343,14.0
751,-0.796,-0.206,0.000,-9.796,1.970,0.334,14.0
752,-0.796,-0.206,0.000,-9.537,1.971,0.325,14.0
753,-0.797,-0.206,0.000,-9.276,1.973,0.316,14.0
754,-0.797,-0.206,0.000,-9.011,1.974,0.307,14.0
755,-0.798,-0.206,0.000,-8.744,1.975,0.298,14.0
756,-0.798,-0.205,0.000,-8.474,1.977,0.289,14.0
757,-0.799,-0.205,0.000,-8.202,1.978,0.279,14.0
758,-0.799,-0.205,0.000,-7.927,1.979,0.270,14.0
759,-0.800,-0.205,0.000,-7.650,1.981,0.260,14.0
760,-0.800,-0.205,0.000,-7.370,1.982,0.251,14.0
761,-0.801,-0.205,0.000,-7.088,1.983,0.241,14.0
762,-0.801,-0.205,0.000,-6.803,1.984,0.231,14.0
763,-0.802,-0.205,0.000,-6.516,1.986,0.221,14.0
764,-0.802,-0.205,0.000,-6.227,1.987,0.211,14.0
765,-0.803,-0.205,0.000,-5.936,1.988,0.201,14.0
766,-0.803,-0.204,0.000,-5.642,1.989,0.191,14.0
767,-0.804,-0.204,0.000,-5.347,1.990,0.181,14.0
768,-0.804,-0.204,0.000,-5.050,1.991,0.170,14.0
769,-0.805,-0.204,0.000,-4.750,1.991,0.160,14.0
770,-0.805,-0.204,0.000,-4.449,1.992,0.149,14.0
771,-0.806,-0.204,0.000,-4.147,1.993,0.139,14.0
772,-0.806,-0.204,0.000,-3.842,1.994,0.128,14.0
773,-0.807,-0.204,0.000,-3.536,1.994,0.118,14.0
774,-0.807,-0.204,0.000,-3.229,1.995,0.107,14.0
775,-0.808,-0.204,0.000,-2.920,1.995,0.096,14.0
776,-0.808,-0.204,0.000,-2.611,1.996,0.085,14.0
777,-0.809,-0.204,0.000,-2.300,1.996,0.075,14.0
778,-0.809,-0.204,0.000,-1.988,1.997,0.064,14.0
779,-0.810,-0.204,0.000,-1.676,1.997,0.053,14.0
780,-0.810,-0.204,0.000,-1.364,1.997,0.042,14.0
781,-0.810,-0.204,0.000,-1.052,1.998,0.031,14.0
782,-0.811,-0.204,0.000,-0.740,1.998,0.020,14.0
783,-0.811,-0.204,0.000,-0.428,1.998,0.009,14.0
784,-0.812,-0.204,0.000,-0.117,1.998,-0.001,14.0
785,-0.812,-0.204,0.000,0.193,1.998,-0.012,14.0
786,-0.813,-0.204,0.000,0.502,1.998,-0.023,14.0
787,-0.813,-0.204,0.000,0.810,1.997,-0.034,14.0
788,-0.814,-0.204,0.000,1.118,1.997,-0.045,14.0
789,-0.814,-0.204,0.000,1.426,1.997,-0.055,14.0
790,-0.815,-0.204,0.000,1.734,1.997,-0.066,14.0
791,-0.815,-0.204,0.000,2.042,1.996,-0.077,14.0
792,-0.815,-0.204,0.000,2.350,1.996,-0.087,14.0
793,-0.816,-0.204,0.000,2.659,1.995,-0.098,14.0
794,-0.816,-0.204,0.000,2.969,1.995,-0.109,14.0
795,-0.817,-0.204,0.000,3.280,1.994,-0.120,14.0
796,-0.817,-0.204,0.000,3.592,1.994,-0.131,14.0
797,-0.818,-0.204,0.000,3.904,1.993,-0.142,14.0
798,-0.818,-0.204,0.000,4.218,1.992,-0.152,14.0
799,-0.818,-0.204,0.000,4.532,1.991,-0.163,14.0
800,-0.819,-0.204,0.000,4.848,1.990,-0.174,14.0
801,-0.819,-0.204,0.000,5.165,1.989,-0.185,14.0
802,-0.820,-0.205,0.000,5.483,1.988,-0.196,14.0
803,-0.820,-0.205,0.000,5.802,1.987,-0.207,14.0
804,-0.821,-0.205,0.000,6.122,1.986,-0.219,14.0
805,-0.821,-0.205,0.000,6.443,1.985,-0.230,14.0
806,-0.821,-0.205,0.000,6.765,1.983,-0.241,14.0
807,-0.822,-0.205,0.000,7.088,1.982,-0.252,14.0
808,-0.822,-0.205,0.000,7.412,1.980,-0.263,14.0
809,-0.823,-0.205,0.000,7.737,1.979,-0.274,14.0
810,-0.823,-0.205,0.000,8.064,1.977,-0.286,14.0
811,-0.824,-0.205,0.000,8.391,1.976,-0.297,14.0
812,-0.824,-0.205,0.000,8.718,1.974,-0.308,14.0
813,-0.824,-0.206,0.000,9.047,1.972,-0.320,14.0
814,-0.825,-0.206,0.000,9.377,1.970,-0.331,14.0
815,-0.825,-0.206,0.000,9.708,1.968,-0.342,14.0
816,-0.826,-0.206,0.000,10.039,1.966,-0.354,14.0
817,-0.826,-0.206,0.000,10.371,1.964,-0.365,14.0
818,-0.826,-0.206,0.000,10.704,1.962,-0.376,14.0
819,-0.827,-0.206,0.000,11.037,1.960,-0.388,14.0
820,-0.827,-0.207,0.000,11.372,1.957,-0.399,14.0
821,-0.828,-0.207,0.000,11.707,1.955,-0.411,14.0
822,-0.828,-0.207,0.000,12.042,1.953,-0.422,14.0
823,-0.828,-0.207,0.000,12.378,1.950,-0.434,14.0
824,-0.829,-0.207,0.000,12.715,1.948,-0.445,14.0
825,-0.829,-0.207,0.000,13.052,1.945,-0.457,14.0
826,-0.830,-0.207,0.000,13.390,1.942,-0.468,14.0
827,-0.830,-0.208,0.000,13.729,1.939,-0.479,14.0
828,-0.830,-0.208,0.000,14.067,1.937,-0.491,14.0
829,-0.831,-0.208,0.000,14.406,1.934,-0.502,14.0
830,-0.831,-0.208,0.000,14.746,1.931,-0.514,14.0
831,-0.832,-0.208,0.000,15.086,1.928,-0.525,14.0
832,-0.832,-0.208,0.000,15.426,1.924,-0.537,14.0
833,-0.832,-0.209,0.000,15.767,1.921,-0.548,14.0
834,-0.833,-0.209,0.000,16.108,1.918,-0.560,14.0
835,-0.833,-0.209,0.000,16.449,1.914,-0.571,14.0
836,-0.833,-0.209,0.000,16.790,1.911,-0.582,14.0
837,-0.834,-0.209,0.000,17.132,1.908,-0.594,14.0
838,-0.834,-0.210,0.000,17.473,1.904,-0.605,14.0
839,-0.835,-0.210,0.000,17.815,1.900,-0.616,14.0
840,-0.835,-0.210,0.000,18.157,1.897,-0.628,14.0
841,-0.835,-0.210,0.000,18.499,1.893,-0.639,14.0
842,-0.836,-0.210,0.000,18.841,1.889,-0.650,14.0
843,-0.836,-0.211,0.000,19.183,1.885,-0.662,14.0
844,-0.836,-0.211,0.000,19.525,1.881,-0.673,14.0
845,-0.837,-0.211,0.000,19.867,1.877,-0.684,14.0
846,-0.837,-0.211,0.000,20.209,1.873,-0.695,14.0
847,-0.838,-0.212,0.000,20.551,1.869,-0.706,14.0
848,-0.838,-0.212,0.000,20.893,1.865,-0.718,14.0
849,-0.838,-0.212,0.000,21.234,1.860,-0.729,14.0
850,-0.839,-0.212,0.000,21.576,1.856,-0.740,14.0
851,-0.839,-0.212,0.000,21.917,1.851,-0.751,14.0
852,-0.839,-0.213,0.000,22.258,1.847,-0.762,14.0
853,-0.840,-0.213,0.000,22.599,1.842,-0.773,14.0
854,-0.840,-0.213,0.000,22.940,1.838,-0.784,14.0
855,-0.840,-0.213,0.000,23.280,1.833,-0.795,14.0
856,-0.841,-0.214,0.000,23.620,1.828,-0.805,14.0
857,-0.841,-0.214,0.000,23.959,1.823,-0.816,14.0
858,-0.841,-0.214,0.000,24.299,1.819,-0.827,14.0
859,-0.842,-0.214,0.000,24.637,1.814,-0.838,14.0
860,-0.842,-0.215,0.000,24.976,1.809,-0.848,14.0
861,-0.842,-0.215,0.000,25.314,1.804,-0.859,14.0
862,-0.843,-0.215,0.000,25.651,1.799,-0.870,14.0
863,-0.843,-0.215,0.000,25.988,1.793,-0.880,14.0
864,-0.843,-0.216,0.000,26.325,1.788,-0.891,14.0
865,-0.844,-0.216,0.000,26.661,1.783,-0.901,14.0
866,-0.844,-0.216,0.000,26.996,1.778,-0.912,14.0
867,-0.844,-0.216,0.000,27.331,1.772,-0.922,14.0
868,-0.845,-0.217,0.000,27.666,1.767,-0.932,14.0
869,-0.845,-0.217,0.000,27.999,1.761,-0.943,14.0
870,-0.845,-0.217,0.000,28.332,1.756,-0.953,14.0
871,-0.846,-0.217,0.000,28.665,1.750,-0.963,14.0
872,-0.846,-0.218,0.000,28.997,1.745,-0.973,14.0
873,-0.846,-0.218,0.000,29.328,1.739,-0.983,14.0
874,-0.847,-0.218,0.000,29.658,1.733,-0.993,14.0
875,-0.847,-0.219,0.000,29.988,1.728,-1.003,14.0
876,-0.847,-0.219,0.000,30.317,1.722,-1.013,14.0
877,-0.848,-0.219,0.000,30.645,1.716,-1.023,14.0
878,-0.848,-0.219,0.000,30.972,1.710,-1.033,14.0
879,-0.848,-0.220,0.000,31.299,1.704,-1.042,14.0
880,-0.848,-0.220,0.000,31.624,1.698,-1.052,14.0
881,-0.849,-0.220,0.000,31.949,1.692,-1.062,14.0
882,-0.849,-0.220,0.000,32.273,1.686,-1.071,14.0
883,-0.849,-0.221,0.000,32.596,1.680,-1.081,14.0
884,-0.850,-0.221,0.000,32.919,1.674,-1.090,14.0
885,-0.850,-0.221,0.000,33.240,1.668,-1.100,14.0
886,-0.850,-0.222,0.000,33.561,1.662,-1.109,14.0
887,-0.850,-0.222,0.000,33.880,1.656,-1.118,14.0
888,-0.851,-0.222,0.000,34.199,1.649,-1.127,14.0
889,-0.851,-0.222,0.000,34.517,1.643,-1.136,14.0
890,-0.851,-0.223,0.000,34.833,1.637,-1.146,14.0
891,-0.852,-0.223,0.000,35.149,1.631,-1.155,14.0
892,-0.852,-0.223,0.000,35.464,1.624,-1.163,14.0
893,-0.852,-0.224,0.000,35.777,1.618,-1.172,14.0
894,-0.852,-0.224,0.000,36.090,1.611,-1.181,14.0
895,-0.853,-0.224,0.000,36.402,1.605,-1.190,14.0
896,-0.853,-0.224,0.000,36.712,1.598,-1.199,14.0
897,-0.853,-0.225,0.000,37.022,1.592,-1.207,14.0
898,-0.853,-0.225,0.000,37.330,1.585,-1.216,14.0
899,-0.854,-0.225,0.000,37.638,1.579,-1.224,14.0
900,-0.854,-0.225,0.000,37.944,1.572,-1.233,14.0
901,-0.854,-0.226,0.000,38.249,1.566,-1.241,14.0
902,-0.854,-0.226,0.000,38.554,1.559,-1.249,14.0
903,-0.855,-0.226,0.000,38.857,1.552,-1.258,14.0
904,-0.855,-0.227,0.000,39.158,1.546,-1.266,14.0
905,-0.855,-0.227,0.000,39.459,1.539,-1.274,14.0
906,-0.855,-0.227,0.000,39.759,1.532,-1.282,14.0
907,-0.856,-0.227,0.000,40.057,1.526,-1.290,14.0
908,-0.856,-0.228,0.000,40.354,1.519,-1.298,14.0
909,-0.856,-0.228,0.000,40.651,1.512,-1.306,14.0
910,-0.856,-0.228,0.000,40.946,1.506,-1.313,14.0
911,-0.857,-0.228,0.000,41.239,1.499,-1.321,14.0
912,-0.857,-0.229,0.000,41.532,1.492,-1.329,14.0
913,-0.857,-0.229,0.000,41.823,1.485,-1.336,14.0
914,-0.857,-0.229,0.000,42.113,1.479,-1.344,14.0
915,-0.858,-0.230,0.000,42.402,1.472,-1.351,14.0
916,-0.858,-0.230,0.000,42.690,1.465,-1.359,14.0
917,-0.858,-0.230,0.000,42.977,1.458,-1.366,14.0
918,-0.858,-0.230,0.000,43.262,1.451,-1.373,14.0
919,-0.858,-0.231,0.000,43.546,1.444,-1.380,14.0
920,-0.859,-0.231,0.000,43.829,1.438,-1.387,14.0
921,-0.859,-0.231,0.000,44.110,1.431,-1.394,14.0
922,-0.859,-0.231,0.000,44.391,1.424,-1.401,14.0
923,-0.859,-0.232,0.000,44.670,1.417,-1.408,14.0
924,-0.859,-0.232,0.000,44.948,1.410,-1.415,14.0
925,-0.860,-0.232,0.000,45.224,1.403,-1.422,14.0
926,-0.860,-0.232,0.000,45.500,1.397,-1.429,14.0
927,-0.860,-0.233,0.000,45.774,1.390,-1.435,14.0
928,-0.860,-0.233,0.000,46.047,1.383,-1.442,14.0
929,-0.860,-0.233,0.000,46.318,1.376,-1.448,14.0
930,-0.861,-0.233,0.000,46.588,1.369,-1.455,14.0
931,-0.861,-0.234,0.000,46.857,1.362,-1.461,14.0
932,-0.861,-0.234,0.000,47.125,1.355,-1.468,14.0
933,-0.861,-0.234,0.000,47.392,1.349,-1.474,14.0
934,-0.861,-0.234,0.000,47.657,1.342,-1.480,14.0
935,-0.861,-0.235,0.000,47.921,1.335,-1.486,14.0
936,-0.862,-0.235,0.000,48.184,1.328,-1.493,14.0
937,-0.862,-0.235,0.000,48.445,1.321,-1.499,14.0
938,-0.862,-0.235,0.000,48.705,1.315,-1.505,14.0
939,-0.862,-0.235,0.000,48.964,1.308,-1.510,14.0
940,-0.862,-0.236,0.000,49.221,1.301,-1.516,14.0
941,-0.863,-0.236,0.000,49.478,1.294,-1.522,14.0
942,-0.863,-0.236,0.000,49.733,1.287,-1.528,14.0
943,-0.863,-0.236,0.000,49.986,1.281,-1.534,14.0
944,-0.863,-0.237,0.000,50.239,1.274,-1.539,14.0
945,-0.863,-0.237,0.000,50.490,1.267,-1.545,14.0
946,-0.863,-0.237,0.000,50.740,1.260,-1.550,14.0
947,-0.864,-0.237,0.000,50.989,1.254,-1.556,14.0
948,-0.864,-0.237,0.000,51.236,1.247,-1.561,14.0
949,-0.864,-0.238,0.000,51.482,1.240,-1.566,14.0
950,-0.864,-0.238,0.000,51.727,1.233,-1.572,14.0
951,-0.864,-0.238,0.000,51.971,1.227,-1.577,14.0
952,-0.864,-0.238,0.000,52.213,1.220,-1.582,14.0
953,-0.864,-0.239,0.000,52.454,1.213,-1.587,14.0
954,-0.865,-0.239,0.000,52.694,1.207,-1.592,14.0
955,-0.865,-0.239,0.000,52.932,1.200,-1.597,14.0
956,-0.865,-0.239,0.000,53.170,1.193,-1.602,14.0
957,-0.865,-0.239,0.000,53.406,1.187,-1.607,14.0
958,-0.865,-0.240,0.000,53.641,1.180,-1.612,14.0
959,-0.865,-0.240,0.000,53.874,1.174,-1.617,14.0
960,-0.865,-0.240,0.000,54.107,1.167,-1.622,14.0
961,-0.866,-0.240,0.000,54.338,1.160,-1.626,14.0
962,-0.866,-0.240,0.000,54.568,1.154,-1.631,14.0
963,-0.866,-0.241,0.000,54.796,1.147,-1.636,14.0
964,-0.866,-0.241,0.000,55.024,1.141,-1.640,14.0
965,-0.866,-0.241,0.000,55.250,1.134,-1.645,14.0
966,-0.866,-0.241,0.000,55.475,1.128,-1.649,14.0
967,-0.866,-0.241,0.000,55.699,1.122,-1.653,14.0
968,-0.866,-0.241,0.000,55.921,1.115,-1.658,14.0
969,-0.867,-0.242,0.000,56.143,1.109,-1.662,14.0
970,-0.867,-0.242,0.000,56.363,1.102,-1.666,14.0
971,-0.867,-0.242,0.000,56.582,1.096,-1.670,14.0
972,-0.867,-0.242,0.000,56.800,1.090,-1.675,14.0
973,-0.867,-0.242,0.000,57.016,1.083,-1.679,14.0
974,-0.867,-0.243,0.000,57.232,1.077,-1.683,14.0
975,-0.867,-0.243,0.000,57.446,1.071,-1.687,14.0
976,-0.867,-0.243,0.000,57.659,1.064,-1.691,14.0
977,-0.868,-0.243,0.000,57.871,1.058,-1.695,14.0
978,-0.868,-0.243,0.000,58.082,1.052,-1.699,14.0
979,-0.868,-0.243,0.000,58.292,1.046,-1.702,14.0
980,-0.868,-0.244,0.000,58.500,1.039,-1.706,14.0
981,-0.868,-0.244,0.000,58.708,1.033,-1.710,14.0
982,-0.868,-0.244,0.000,58.914,1.027,-1.714,14.0
983,-0.868,-0.244,0.000,59.119,1.021,-1.717,14.0
984,-0.868,-0.244,0.000,59.323,1.015,-1.721,14.0
985,-0.868,-0.244,0.000,59.526,1.009,-1.725,14.0
986,-0.869,-0.245,0.000,59.728,1.003,-1.728,14.0
987,-0.869,-0.245,0.000,59.928,0.997,-1.732,14.0
988,-0.869,-0.245,0.000,60.128,0.990,-1.735,14.0
989,-0.869,-0.245,0.000,60.327,0.984,-1.738,14.0
990,-0.869,-0.245,0.000,60.524,0.978,-1.742,14.0
991,-0.869,-0.245,0.000,60.720,0.972,-1.745,14.0
992,-0.869,-0.245,0.000,60.916,0.967,-1.748,14.0
993,-0.869,-0.246,0.000,61.110,0.961,-1.752,14.0
994,-0.869,-0.246,0.000,61.303,0.955,-1.755,14.0
995,-0.869,-0.246,0.000,61.495,0.949,-1.758,14.0
996,-0.870,-0.246,0.000,61.686,0.943,-1.761,14.0
997,-0.870,-0.246,0.000,61.876,0.937,-1.764,14.0
998,-0.870,-0.246,0.000,62.065,0.931,-1.768,14.0
999,-0.870,-0.246,0.000,62.253,0.925,-1.771,14.0
1000,-0.870,-0.247,0.000,62.440,0.920,-1.774,14.0
1001,-0.870,-0.247,0.000,62.625,0.914,-1.777,14.0
1002,-0.870,-0.247,0.000,62.810,0.908,-1.779,14.0
1003,-0.870,-0.247,0.000,62.994,0.902,-1.782,14.0
1004,-0.870,-0.247,0.000,63.177,0.897,-1.785,14.0
1005,-0.870,-0.247,0.000,63.359,0.891,-1.788,14.0
1006,-0.870,-0.247,0.000,63.540,0.885,-1.791,14.0
1007,-0.871,-0.247,0.000,63.720,0.880,-1.794,14.0
1008,-0.871,-0.248,0.000,63.899,0.874,-1.796,14.0
1009,-0.871,-0.248,0.000,64.077,0.869,-1.799,14.0
1010,-0.871,-0.248,0.000,64.254,0.863,-1.802,14.0
1011,-0.871,-0.248,0.000,64.430,0.858,-1.804,14.0
1012,-0.871,-0.248,0.000,64.605,0.852,-1.807,14.0
1013,-0.871,-0.248,0.000,64.779,0.847,-1.810,14.0
1014,-0.871,-0.248,0.000,64.952,0.841,-1.812,14.0
1015,-0.871,-0.248,0.000,65.125,0.836,-1.815,14.0
1016,-0.871,-0.249,0.000,65.296,0.830,-1.817,14.0
1017,-0.871,-0.249,0.000,65.467,0.825,-1.820,14.0
1018,-0.871,-0.249,0.000,65.636,0.819,-1.822,14.0
1019,-0.871,-0.249,0.000,65.805,0.814,-1.825,14.0
1020,-0.872,-0.249,0.000,65.973,0.809,-1.827,14.0
1021,-0.872,-0.249,0.000,66.140,0.803,-1.829,14.0
1022,-0.872,-0.249,0.000,66.306,0.798,-1.832,14.0
1023,-0.872,-0.249,0.000,66.471,0.793,-1.834,14.0
1024,-0.872,-0.249,0.000,66.635,0.787,-1.836,14.0
1025,-0.872,-0.250,0.000,66.799,0.782,-1.838,14.0
1026,-0.872,-0.250,0.000,66.961,0.777,-1.841,14.0
1027,-0.872,-0.250,0.000,67.123,0.772,-1.843,14.0
1028,-0.872,-0.250,0.000,67.284,0.767,-1.845,14.0
1029,-0.872,-0.250,0.000,67.444,0.761,-1.847,14.0
1030,-0.872,-0.250,0.000,67.604,0.756,-1.849,14.0
1031,-0.872,-0.250,0.000,67.762,0.751,-1.851,14.0
1032,-0.872,-0.250,0.000,67.920,0.746,-1.853,14.0
1033,-0.872,-0.250,0.000,68.077,0.741,-1.855,14.0
1034,-0.873,-0.250,0.000,68.233,0.736,-1.857,14.0
1035,-0.873,-0.251,0.000,68.388,0.731,-1.859,14.0
1036,-0.873,-0.251,0.000,68.543,0.726,-1.861,14.0
1037,-0.873,-0.251,0.000,68.697,0.721,-1.863,14.0
1038,-0.873,-0.251,0.000,68.850,0.716,-1.865,14.0
1039,-0.873,-0.251,0.000,69.002,0.711,-1.867,14.0
1040,-0.873,-0.251,0.000,69.153,0.706,-1.869,14.0
1041,-0.873,-0.251,0.000,69.304,0.701,-1.871,14.0
1042,-0.873,-0.251,0.000,69.454,0.696,-1.873,14.0
1043,-0.873,-0.251,0.000,69.603,0.691,-1.874,14.0
1044,-0.873,-0.251,0.000,69.752,0.686,-1.876,14.0
1045,-0.873,-0.251,0.000,69.900,0.682,-1.878,14.0
1046,-0.873,-0.252,0.000,70.047,0.677,-1.880,14.0
1047,-0.873,-0.252,0.000,70.193,0.672,-1.881,14.0
1048,-0.873,-0.252,0.000,70.339,0.667,-1.883,14.0
1049,-0.874,-0.252,0.000,70.484,0.662,-1.885,14.0
1050,-0.874,-0.252,0.000,70.628,0.658,-1.886,14.0
1051,-0.874,-0.252,0.000,70.772,0.653,-1.888,14.0
1052,-0.874,-0.252,0.000,70.915,0.648,-1.890,14.0
1053,-0.874,-0.252,0.000,71.057,0.643,-1.891,14.0
1054,-0.874,-0.252,0.000,71.199,0.639,-1.893,14.0
1055,-0.874,-0.252,0.000,71.339,0.634,-1.895,14.0
1056,-0.874,-0.252,0.000,71.480,0.630,-1.896,14.0
1057,-0.874,-0.252,0.000,71.619,0.625,-1.898,14.0
1058,-0.874,-0.252,0.000,71.758,0.620,-1.899,14.0
1059,-0.874,-0.253,0.000,71.897,0.616,-1.901,14.0
1060,-0.874,-0.253,0.000,72.035,0.611,-1.902,14.0
1061,-0.874,-0.253,0.000,72.172,0.607,-1.904,14.0
1062,-0.874,-0.253,0.000,72.308,0.602,-1.905,14.0
1063,-0.874,-0.253,0.000,72.444,0.597,-1.906,14.0
1064,-0.874,-0.253,0.000,72.579,0.593,-1.908,14.0
1065,-0.874,-0.253,0.000,72.714,0.588,-1.909,14.0
1066,-0.874,-0.253,0.000,72.848,0.584,-1.911,14.0
1067,-0.875,-0.253,0.000,72.982,0.580,-1.912,14.0
1068,-0.875,-0.253,0.000,73.115,0.575,-1.913,14.0
1069,-0.875,-0.253,0.000,73.247,0.571,-1.915,14.0
1070,-0.875,-0.253,0.000,73.379,0.566,-1.916,14.0
1071,-0.875,-0.253,0.000,73.510,0.562,-1.917,14.0
1072,-0.875,-0.253,0.000,73.641,0.558,-1.918,14.0
1073,-0.875,-0.254,0.000,73.771,0.553,-1.920,14.0
1074,-0.875,-0.254,0.000,73.901,0.549,-1.921,14.0
1075,-0.875,-0.254,0.000,74.030,0.544,-1.922,14.0
1076,-0.875,-0.254,0.000,74.158,0.540,-1.923,14.0
1077,-0.875,-0.254,0.000,74.286,0.536,-1.925,14.0
1078,-0.875,-0.254,0.000,74.414,0.532,-1.926,14.0
1079,-0.875,-0.254,0.000,74.541,0.527,-1.927,14.0
1080,-0.875,-0.254,0.000,74.667,0.523,-1.928,14.0
1081,-0.875,-0.254,0.000,74.793,0.519,-1.929,14.0
1082,-0.875,-0.254,0.000,74.918,0.515,-1.930,14.0
1083,-0.875,-0.254,0.000,75.043,0.510,-1.932,14.0
1084,-0.875,-0.254,0.000,75.168,0.506,-1.933,14.0
1085,-0.875,-0.254,0.000,75.292,0.502,-1.934,14.0
1086,-0.875,-0.254,0.000,75.415,0.498,-1.935,14.0
1087,-0.876,-0.254,0.000,75.538,0.494,-1.936,14.0
1088,-0.876,-0.254,0.000,75.661,0.490,-1.937,14.0
1089,-0.876,-0.255,0.000,75.783,0.485,-1.938,14.0
1090,-0.876,-0.255,0.000,75.904,0.481,-1.939,14.0
1091,-0.876,-0.255,0.000,76.025,0.477,-1.940,14.0
1092,-0.876,-0.255,0.000,76.146,0.473,-1.941,14.0
1093,-0.876,-0.255,0.000,76.266,0.469,-1.942,14.0
1094,-0.876,-0.255,0.000,76.386,0.465,-1.943,14.0
1095,-0.876,-0.255,0.000,76.505,0.461,-1.944,14.0
1096,-0.876,-0.255,0.000,76.624,0.457,-1.945,14.0
1097,-0.876,-0.255,0.000,76.743,0.453,-1.946,14.0
1098,-0.876,-0.255,0.000,76.861,0.449,-1.947,14.0
1099,-0.876,-0.255,0.000,76.979,0.445,-1.948,14.0
1100,-0.876,-0.255,0.000,77.096,0.441,-1.949,14.0
1101,-0.876,-0.255,0.000,77.213,0.437,-1.949,14.0
1102,-0.876,-0.255,0.000,77.329,0.433,-1.950,14.0
1103,-0.876,-0.255,0.000,77.445,0.429,-1.951,14.0
1104,-0.876,-0.255,0.000,77.561,0.425,-1.952,14.0
1105,-0.876,-0.255,0.000,77.676,0.421,-1.953,14.0
1106,-0.876,-0.255,0.000,77.791,0.417,-1.954,14.0
1107,-0.876,-0.255,0.000,77.905,0.413,-1.955,14.0
1108,-0.876,-0.255,0.000,78.019,0.409,-1.955,14.0
1109,-0.876,-0.256,0.000,78.133,0.406,-1.956,14.0
1110,-0.876,-0.256,0.000,78.246,0.402,-1.957,14.0
1111,-0.877,-0.256,0.000,78.359,0.398,-1.958,14.0
1112,-0.877,-0.256,0.000,78.472,0.394,-1.959,14.0
1113,-0.877,-0.256,0.000,78.584,0.390,-1.959,14.0
1114,-0.877,-0.256,0.000,78.696,0.386,-1.960,14.0
1115,-0.877,-0.256,0.000,78.807,0.382,-1.961,14.0
1116,-0.877,-0.256,0.000,78.918,0.379,-1.962,14.0
1117,-0.877,-0.256,0.000,79.029,0.375,-1.962,14.0
1118,-0.877,-0.256,0.000,79.140,0.371,-1.963,14.0
1119,-0.877,-0.256,0.000,79.250,0.367,-1.964,14.0
1120,-0.877,-0.256,0.000,79.359,0.364,-1.964,14.0
1121,-0.877,-0.256,0.000,79.469,0.360,-1.965,14.0
1122,-0.877,-0.256,0.000,79.578,0.356,-1.966,14.0
1123,-0.877,-0.256,0.000,79.687,0.352,-1.966,14.0
1124,-0.877,-0.256,0.000,79.795,0.349,-1.967,14.0
1125,-0.877,-0.256,0.000,79.903,0.345,-1.968,14.0
1126,-0.877,-0.256,0.000,80.011,0.341,-1.968,14.0
1127,-0.877,-0.256,0.000,80.119,0.337,-1.969,14.0
1128,-0.877,-0.256,0.000,80.226,0.334,-1.970,14.0
1129,-0.877,-0.256,0.000,80.333,0.330,-1.970,14.0
1130,-0.877,-0.256,0.000,80.439,0.326,-1.971,14.0
1131,-0.877,-0.256,0.000,80.546,0.323,-1.972,14.0
1132,-0.877,-0.257,0.000,80.652,0.319,-1.972,14.0
1133,-0.877,-0.257,0.000,80.757,0.315,-1.973,14.0
1134,-0.877,-0.257,0.000,80.863,0.312,-1.973,14.0
1135,-0.877,-0.257,0.000,80.968,0.308,-1.974,14.0
1136,-0.877,-0.257,0.000,81.073,0.305,-1.974,14.0
1137,-0.877,-0.257,0.000,81.177,0.301,-1.975,14.0
1138,-0.877,-0.257,0.000,81.282,0.297,-1.976,14.0
1139,-0.877,-0.257,0.000,81.386,0.294,-1.976,14.0
1140,-0.878,-0.257,0.000,81.489,0.290,-1.977,14.0
1141,-0.878,-0.257,0.000,81.593,0.287,-1.977,14.0
1142,-0.878,-0.257,0.000,81.696,0.283,-1.978,14.0
1143,-0.878,-0.257,0.000,81.799,0.280,-1.978,14.0
1144,-0.878,-0.257,0.000,81.901,0.276,-1.979,14.0
1145,-0.878,-0.257,0.000,82.004,0.272,-1.979,14.0
1146,-0.878,-0.257,0.000,82.106,0.269,-1.980,14.0
1147,-0.878,-0.257,0.000,82.208,0.265,-1.980,14.0
1148,-0.878,-0.257,0.000,82.309,0.262,-1.981,14.0
1149,-0.878,-0.257,0.000,82.410,0.258,-1.981,14.0
1150,-0.878,-0.257,0.000,82.511,0.255,-1.981,14.0
1151,-0.878,-0.257,0.000,82.612,0.251,-1.982,14.0
1152,-0.878,-0.257,0.000,82.713,0.248,-1.982,14.0
1153,-0.878,-0.257,0.000,82.813,0.244,-1.983,14.0
1154,-0.878,-0.257,0.000,82.913,0.241,-1.983,14.0
1155,-0.878,-0.257,0.000,83.013,0.238,-1.984,14.0
1156,-0.878,-0.257,0.000,83.112,0.234,-1.984,14.0
1157,-0.878,-0.257,0.000,83.212,0.231,-1.984,14.0
1158,-0.878,-0.257,0.000,83.311,0.227,-1.985,14.0
1159,-0.878,-0.257,0.000,83.410,0.224,-1.985,14.0
1160,-0.878,-0.258,0.000,83.508,0.220,-1.986,14.0
1161,-0.878,-0.258,0.000,83.606,0.217,-1.986,14.0
1162,-0.878,-0.258,0.000,83.704,0.214,-1.986,14.0
1163,-0.878,-0.258,0.000,83.802,0.210,-1.987,14.0
1164,-0.878,-0.258,0.000,83.900,0.207,-1.987,14.0
1165,-0.878,-0.258,0.000,83.997,0.203,-1.987,14.0
1166,-0.878,-0.258,0.000,84.094,0.200,-1.988,14.0
1167,-0.878,-0.258,0.000,84.191,0.197,-1.988,14.0
1168,-0.878,-0.258,0.000,84.288,0.193,-1.988,14.0
1169,-0.878,-0.258,0.000,84.384,0.190,-1.989,14.0
1170,-0.878,-0.258,0.000,84.480,0.187,-1.989,14.0
1171,-0.878,-0.258,0.000,84.576,0.183,-1.989,14.0
1172,-0.878,-0.258,0.000,84.672,0.180,-1.990,14.0
1173,-0.878,-0.258,0.000,84.767,0.177,-1.990,14.0
1174,-0.878,-0.258,0.000,84.862,0.173,-1.990,14.0
1175,-0.878,-0.258,0.000,84.957,0.170,-1.991,14.0
1176,-0.878,-0.258,0.000,85.052,0.167,-1.991,14.0
1177,-0.878,-0.258,0.000,85.146,0.164,-1.991,14.0
1178,-0.878,-0.258,0.000,85.240,0.160,-1.991,14.0
1179,-0.878,-0.258,0.000,85.334,0.157,-1.992,14.0
1180,-0.879,-0.258,0.000,85.428,0.154,-1.992,14.0
1181,-0.879,-0.258,0.000,85.521,0.150,-1.992,14.0
1182,-0.879,-0.258,0.000,85.615,0.147,-1.992,14.0
1183,-0.879,-0.258,0.000,85.707,0.144,-1.993,14.0
1184,-0.879,-0.258,0.000,85.800,0.141,-1.993,14.0
1185,-0.879,-0.258,0.000,85.892,0.138,-1.993,14.0
1186,-0.879,-0.258,0.000,85.984,0.134,-1.993,14.0
1187,-0.879,-0.258,0.000,86.076,0.131,-1.993,14.0
1188,-0.879,-0.258,0.000,86.168,0.128,-1.994,14.0
1189,-0.879,-0.258,0.000,86.259,0.125,-1.994,14.0
1190,-0.879,-0.258,0.000,86.350,0.122,-1.994,14.0
1191,-0.879,-0.258,0.000,86.441,0.119,-1.994,14.0
1192,-0.879,-0.258,0.000,86.531,0.115,-1.994,14.0
1193,-0.879,-0.258,0.000,86.621,0.112,-1.995,14.0
1194,-0.879,-0.258,0.000,86.711,0.109,-1.995,14.0
1195,-0.879,-0.258,0.000,86.800,0.106,-1.995,14.0
1196,-0.879,-0.258,0.000,86.889,0.103,-1.995,14.0
1197,-0.879,-0.259,0.000,86.978,0.100,-1.995,14.0
1198,-0.879,-0.259,0.000,87.066,0.097,-1.995,14.0
1199,-0.879,-0.259,0.000,87.155,0.094,-1.996,14.0
1200,-0.879,-0.259,0.000,87.242,0.091,-1.996,14.0
1201,-0.879,-0.259,0.000,87.330,0.088,-1.996,14.0
1202,-0.879,-0.259,0.000,87.417,0.084,-1.996,14.0
1203,-0.879,-0.259,0.000,87.503,0.081,-1.996,14.0
1204,-0.879,-0.259,0.000,87.590,0.078,-1.996,14.0
1205,-0.879,-0.259,0.000,87.675,0.075,-1.996,14.0
1206,-0.879,-0.259,0.000,87.761,0.073,-1.996,14.0
1207,-0.879,-0.259,0.000,87.846,0.070,-1.997,14.0
1208,-0.879,-0.259,0.000,87.930,0.067,-1.997,14.0
1209,-0.879,-0.259,0.000,88.014,0.064,-1.997,14.0
1210,-0.879,-0.259,0.000,88.098,0.061,-1.997,14.0
1211,-0.879,-0.259,0.000,88.181,0.058,-1.997,14.0
1212,-0.879,-0.259,0.000,88.264,0.055,-1.997,14.0
1213,-0.879,-0.259,0.000,88.346,0.052,-1.997,14.0
1214,-0.879,-0.259,0.000,88.427,0.049,-1.997,14.0
1215,-0.879,-0.259,0.000,88.508,0.046,-1.997,14.0
1216,-0.879,-0.259,0.000,88.589,0.044,-1.997,14.0
1217,-0.879,-0.259,0.000,88.668,0.041,-1.997,14.0
1218,-0.879,-0.259,0.000,88.748,0.038,-1.997,14.0
1219,-0.879,-0.259,0.000,88.826,0.035,-1.997,14.0
1220,-0.879,-0.259,0.000,88.904,0.033,-1.998,14.0
1221,-0.879,-0.259,0.000,88.981,0.030,-1.998,14.0
1222,-0.879,-0.259,0.000,89.058,0.027,-1.998,14.0
1223,-0.879,-0.259,0.000,89.134,0.025,-1.998,14.0
1224,-0.879,-0.259,0.000,89.209,0.022,-1.998,14.0
1225,-0.879,-0.259,0.000,89.284,0.019,-1.998,14.0
1226,-0.879,-0.259,0.000,89.357,0.017,-1.998,14.0
1227,-0.879,-0.259,0.000,89.430,0.014,-1.998,14.0
1228,-0.879,-0.259,0.000,89.503,0.012,-1.998,14.0
1229,-0.879,-0.259,0.000,89.574,0.009,-1.998,14.0
1230,-0.879,-0.259,0.000,89.645,0.007,-1.998,14.0
1231,-0.879,-0.259,0.000,89.715,0.004,-1.998,14.0
1232,-0.879,-0.259,0.000,89.784,0.002,-1.998,14.0
1233,-0.879,-0.259,0.000,89.852,-0.000,-1.998,14.0
1234,-0.879,-0.259,0.000,89.920,-0.003,-1.998,14.0
1235,-0.879,-0.259,0.000,89.987,-0.005,-1.998,14.0
1236,-0.879,-0.259,0.000,90.053,-0.007,-1.998,14.0
1237,-0.879,-0.259,0.000,90.118,-0.010,-1.998,14.0
1238,-0.879,-0.259,0.000,90.182,-0.012,-1.998,14.0
1239,-0.879,-0.259,0.000,90.246,-0.014,-1.998,14.0
1240,-0.879,-0.259,0.000,90.309,-0.016,-1.998,14.0
1241,-0.879,-0.259,0.000,90.372,-0.019,-1.998,14.0
1242,-0.879,-0.259,0.000,90.433,-0.021,-1.998,14.0
1243,-0.879,-0.259,0.000,90.494,-0.023,-1.998,14.0
1244,-0.879,-0.259,0.000,90.555,-0.025,-1.998,14.0
1245,-0.879,-0.259,0.000,90.615,-0.027,-1.998,14.0
1246,-0.879,-0.259,0.000,90.674,-0.029,-1.998,14.0
1247,-0.879,-0.259,0.000,90.732,-0.031,-1.998,14.0
1248,-0.879,-0.259,0.000,90.790,-0.033,-1.998,14.0
1249,-0.879,-0.259,0.000,90.847,-0.035,-1.997,14.0
1250,-0.879,-0.259,0.000,90.904,-0.037,-1.997,14.0
1251,-0.879,-0.259,0.000,90.961,-0.039,-1.997,14.0
1252,-0.879,-0.259,0.000,91.016,-0.041,-1.997,14.0
1253,-0.879,-0.259,0.000,91.072,-0.043,-1.997,14.0
1254,-0.879,-0.259,0.000,91.127,-0.045,-1.997,14.0
1255,-0.879,-0.259,0.000,91.181,-0.047,-1.997,14.0
1256,-0.879,-0.259,0.000,91.235,-0.049,-1.997,14.0
1257,-0.879,-0.259,0.000,91.289,-0.051,-1.997,14.0
1258,-0.879,-0.259,0.000,91.342,-0.052,-1.997,14.0
1259,-0.879,-0.259,0.000,91.395,-0.054,-1.997,14.0
1260,-0.879,-0.259,0.000,91.448,-0.056,-1.997,14.0
1261,-0.879,-0.259,0.000,91.500,-0.058,-1.997,14.0
1262,-0.879,-0.259,0.000,91.552,-0.060,-1.997,14.0
1263,-0.879,-0.259,0.000,91.604,-0.062,-1.997,14.0
1264,-0.879,-0.259,0.000,91.656,-0.063,-1.997,14.0
1265,-0.879,-0.259,0.000,91.707,-0.065,-1.997,14.0
1266,-0.879,-0.259,0.000,91.758,-0.067,-1.997,14.0
1267,-0.879,-0.259,0.000,91.809,-0.069,-1.997,14.0
1268,-0.879,-0.259,0.000,91.859,-0.070,-1.997,14.0
1269,-0.879,-0.259,0.000,91.910,-0.072,-1.996,14.0
1270,-0.879,-0.259,0.000,91.960,-0.074,-1.996,14.0
1271,-0.879,-0.259,0.000,92.010,-0.076,-1.996,14.0
1272,-0.879,-0.259,0.000,92.060,-0.077,-1.996,14.0
1273,-0.879,-0.259,0.000,92.110,-0.079,-1.996,14.0
1274,-0.879,-0.259,0.000,92.159,-0.081,-1.996,14.0
1275,-0.879,-0.259,0.000,92.209,-0.083,-1.996,14.0
1276,-0.879,-0.259,0.000,92.258,-0.084,-1.996,14.0
1277,-0.879,-0.259,0.000,92.308,-0.086,-1.996,14.0
1278,-0.879,-0.259,0.000,92.357,-0.088,-1.996,14.0
1279,-0.879,-0.259,0.000,92.406,-0.089,-1.996,14.0
1280,-0.879,-0.259,0.000,92.455,-0.091,-1.996,14.0
1281,-0.879,-0.259,0.000,92.504,-0.093,-1.996,14.0
1282,-0.879,-0.259,0.000,92.553,-0.095,-1.996,14.0
1283,-0.879,-0.259,0.000,92.602,-0.096,-1.995,14.0
1284,-0.879,-0.259,0.000,92.651,-0.098,-1.995,14.0
1285,-0.879,-0.259,0.000,92.700,-0.100,-1.995,14.0
1286,-0.879,-0.259,0.000,92.749,-0.101,-1.995,14.0
1287,-0.878,-0.259,0.000,92.798,-0.103,-1.995,14.0
1288,-0.878,-0.259,0.000,92.847,-0.105,-1.995,14.0
1289,-0.878,-0.259,0.000,92.896,-0.107,-1.995,14.0
1290,-0.878,-0.259,0.000,92.945,-0.108,-1.995,14.0
1291,-0.878,-0.259,0.000,92.994,-0.110,-1.995,14.0
1292,-0.878,-0.259,0.000,93.043,-0.112,-1.995,14.0
1293,-0.878,-0.259,0.000,93.092,-0.113,-1.995,14.0
1294,-0.878,-0.259,0.000,93.140,-0.115,-1.994,14.0
1295,-0.878,-0.259,0.000,93.190,-0.117,-1.994,14.0
1296,-0.878,-0.259,0.000,93.239,-0.118,-1.994,14.0
1297,-0.878,-0.259,0.000,93.288,-0.120,-1.994,14.0
1298,-0.878,-0.259,0.000,93.337,-0.122,-1.994,14.0
1299,-0.878,-0.259,0.000,93.386,-0.124,-1.994,14.0
1300,-0.878,-0.259,0.000,93.435,-0.125,-1.994,14.0
1301,-0.878,-0.259,0.000,93.484,-0.127,-1.994,14.0
1302,-0.878,-0.259,0.000,93.534,-0.129,-1.994,14.0
1303,-0.878,-0.259,0.000,93.583,-0.130,-1.994,14.0
1304,-0.878,-0.259,0.000,93.633,-0.132,-1.993,14.0
1305,-0.878,-0.259,0.000,93.682,-0.134,-1.993,14.0
1306,-0.878,-0.259,0.000,93.732,-0.136,-1.993,14.0
1307,-0.878,-0.259,0.000,93.782,-0.137,-1.993,14.0
1308,-0.878,-0.259,0.000,93.831,-0.139,-1.993,14.0
1309,-0.878,-0.259,0.000,93.881,-0.141,-1.993,14.0
1310,-0.878,-0.259,0.000,93.931,-0.143,-1.993,14.0
1311,-0.878,-0.259,0.000,93.981,-0.144,-1.993,14.0
1312,-0.878,-0.259,0.000,94.032,-0.146,-1.992,14.0
1313,-0.878,-0.259,0.000,94.082,-0.148,-1.992,14.0
1314,-0.878,-0.259,0.000,94.132,-0.150,-1.992,14.0
1315,-0.878,-0.259,0.000,94.183,-0.151,-1.992,14.0
1316,-0.878,-0.259,0.000,94.233,-0.153,-1.992,14.0
1317,-0.878,-0.259,0.000,94.284,-0.155,-1.992,14.0
1318,-0.878,-0.259,0.000,94.335,-0.157,-1.992,14.0
1319,-0.878,-0.259,0.000,94.385,-0.158,-1.991,14.0
1320,-0.878,-0.259,0.000,94.436,-0.160,-1.991,14.0
1321,-0.878,-0.259,0.000,94.487,-0.162,-1.991,14.0
1322,-0.878,-0.259,0.000,94.539,-0.164,-1.991,14.0
1323,-0.878,-0.259,0.000,94.590,-0.166,-1.991,14.0
1324,-0.878,-0.259,0.000,94.641,-0.167,-1.991,14.0
1325,-0.878,-0.259,0.000,94.693,-0.169,-1.991,14.0
1326,-0.878,-0.259,0.000,94.745,-0.171,-1.990,14.0
1327,-0.878,-0.259,0.000,94.797,-0.173,-1.990,14.0
1328,-0.878,-0.259,0.000,94.848,-0.174,-1.990,14.0
1329,-0.878,-0.259,0.000,94.901,-0.176,-1.990,14.0
1330,-0.877,-0.259,0.000,94.953,-0.178,-1.990,14.0
1331,-0.877,-0.259,0.000,95.005,-0.180,-1.990,14.0
1332,-0.877,-0.259,0.000,95.058,-0.182,-1.990,14.0
1333,-0.877,-0.259,0.000,95.110,-0.184,-1.989,14.0
1334,-0.877,-0.259,0.000,95.163,-0.185,-1.989,14.0
1335,-0.877,-0.259,0.000,95.216,-0.187,-1.989,14.0
1336,-0.877,-0.259,0.000,95.269,-0.189,-1.989,14.0
1337,-0.877,-0.259,0.000,95.322,-0.191,-1.989,14.0
1338,-0.877,-0.259,0.000,95.375,-0.193,-1.988,14.0
1339,-0.877,-0.259,0.000,95.429,-0.195,-1.988,14.0
1340,-0.877,-0.259,0.000,95.482,-0.197,-1.988,14.0
1341,-0.877,-0.258,0.000,95.536,-0.198,-1.988,14.0
1342,-0.877,-0.258,0.000,95.590,-0.200,-1.988,14.0
1343,-0.877,-0.258,0.000,95.644,-0.202,-1.988,14.0
1344,-0.877,-0.258,0.000,95.698,-0.204,-1.987,14.0
1345,-0.877,-0.258,0.000,95.752,-0.206,-1.987,14.0
1346,-0.877,-0.258,0.000,95.807,-0.208,-1.987,14.0
1347,-0.877,-0.258,0.000,95.861,-0.210,-1.987,14.0
1348,-0.877,-0.258,0.000,95.916,-0.212,-1.987,14.0
1349,-0.877,-0.258,0.000,95.971,-0.213,-1.986,14.0
1350,-0.877,-0.258,0.000,96.026,-0.215,-1.986,14.0
1351,-0.877,-0.258,0.000,96.081,-0.217,-1.986,14.0
1352,-0.877,-0.258,0.000,96.137,-0.219,-1.986,14.0
1353,-0.877,-0.258,0.000,96.192,-0.221,-1.986,14.0
1354,-0.877,-0.258,0.000,96.248,-0.223,-1.985,14.0
1355,-0.877,-0.258,0.000,96.303,-0.225,-1.985,14.0
1356,-0.877,-0.258,0.000,96.359,-0.227,-1.985,14.0
1357,-0.877,-0.258,0.000,96.415,-0.229,-1.985,14.0
1358,-0.877,-0.258,0.000,96.472,-0.231,-1.984,14.0
1359,-0.877,-0.258,0.000,96.528,-0.233,-1.984,14.0
1360,-0.877,-0.258,0.000,96.584,-0.235,-1.984,14.0
1361,-0.877,-0.258,0.000,96.641,-0.237,-1.984,14.0
1362,-0.877,-0.258,0.000,96.697,-0.239,-1.983,14.0
1363,-0.876,-0.258,0.000,96.754,-0.241,-1.983,14.0
1364,-0.876,-0.258,0.000,96.811,-0.243,-1.983,14.0
1365,-0.876,-0.258,0.000,96.868,-0.245,-1.983,14.0
1366,-0.876,-0.258,0.000,96.926,-0.247,-1.983,14.0
1367,-0.876,-0.258,0.000,96.983,-0.249,-1.982,14.0
1368,-0.876,-0.258,0.000,97.040,-0.251,-1.982,14.0
1369,-0.876,-0.258,0.000,97.098,-0.252,-1.982,14.0
1370,-0.876,-0.258,0.000,97.155,-0.254,-1.982,14.0
1371,-0.876,-0.258,0.000,97.213,-0.256,-1.981,14.0
1372,-0.876,-0.258,0.000,97.271,-0.258,-1.981,14.0
1373,-0.876,-0.258,0.000,97.329,-0.260,-1.981,14.0
1374,-0.876,-0.258,0.000,97.387,-0.263,-1.980,14.0
1375,-0.876,-0.258,0.000,97.445,-0.265,-1.980,14.0
1376,-0.876,-0.258,0.000,97.504,-0.267,-1.980,14.0
1377,-0.876,-0.258,0.000,97.562,-0.269,-1.980,14.0
1378,-0.876,-0.258,0.000,97.621,-0.271,-1.979,14.0
1379,-0.876,-0.258,0.000,97.679,-0.273,-1.979,14.0
1380,-0.876,-0.258,0.000,97.738,-0.275,-1.979,14.0
1381,-0.876,-0.258,0.000,97.797,-0.277,-1.979,14.0
1382,-0.876,-0.258,0.000,97.856,-0.279,-1.978,14.0
1383,-0.876,-0.258,0.000,97.914,-0.281,-1.978,14.0
1384,-0.876,-0.258,0.000,97.974,-0.283,-1.978,14.0
1385,-0.876,-0.258,0.000,98.033,-0.285,-1.977,14.0
1386,-0.876,-0.258,0.000,98.092,-0.287,-1.977,14.0
1387,-0.876,-0.258,0.000,98.151,-0.289,-1.977,14.0
1388,-0.876,-0.258,0.000,98.210,-0.291,-1.976,14.0
1389,-0.876,-0.258,0.000,98.270,-0.293,-1.976,14.0
1390,-0.875,-0.258,0.000,98.329,-0.295,-1.976,14.0
1391,-0.875,-0.258,0.000,98.389,-0.297,-1.976,14.0
1392,-0.875,-0.258,0.000,98.448,-0.299,-1.975,14.0
1393,-0.875,-0.258,0.000,98.508,-0.301,-1.975,14.0
1394,-0.875,-0.258,0.000,98.568,-0.303,-1.975,14.0
1395,-0.875,-0.258,0.000,98.627,-0.305,-1.974,14.0
1396,-0.875,-0.258,0.000,98.687,-0.307,-1.974,14.0
1397,-0.875,-0.258,0.000,98.747,-0.309,-1.974,14.0
1398,-0.875,-0.258,0.000,98.807,-0.312,-1.973,14.0
1399,-0.875,-0.259,0.000,98.867,-0.314,-1.973,14.0
1400,-0.875,-0.259,0.000,98.927,-0.316,-1.973,14.0
1401,-0.875,-0.259,0.000,98.987,-0.318,-1.972,14.0
1402,-0.875,-0.259,0.000,99.047,-0.320,-1.972,14.0
1403,-0.875,-0.259,0.000,99.107,-0.322,-1.972,14.0
1404,-0.875,-0.259,0.000,99.167,-0.324,-1.971,14.0
1405,-0.875,-0.259,0.000,99.227,-0.326,-1.971,14.0
1406,-0.875,-0.259,0.000,99.287,-0.328,-1.971,14.0
1407,-0.875,-0.259,0.000,99.347,-0.330,-1.970,14.0
1408,-0.875,-0.259,0.000,99.407,-0.332,-1.970,14.0
1409,-0.875,-0.259,0.000,99.467,-0.334,-1.970,14.0
1410,-0.875,-0.259,0.000,99.528,-0.336,-1.969,14.0
1411,-0.875,-0.259,0.000,99.588,-0.338,-1.969,14.0
1412,-0.875,-0.259,0.000,99.648,-0.340,-1.969,14.0
1413,-0.875,-0.259,0.000,99.708,-0.343,-1.968,14.0
1414,-0.874,-0.259,0.000,99.768,-0.345,-1.968,14.0
1415,-0.874,-0.259,0.000,99.828,-0.347,-1.967,14.0
1416,-0.874,-0.259,0.000,99.889,-0.349,-1.967,14.0
1417,-0.874,-0.259,0.000,99.949,-0.351,-1.967,14.0
1418,-0.874,-0.259,0.000,100.009,-0.353,-1.966,14.0
1419,-0.874,-0.259,0.000,100.069,-0.355,-1.966,14.0
1420,-0.874,-0.259,0.000,100.129,-0.357,-1.966,14.0
1421,-0.874,-0.259,0.000,100.189,-0.359,-1.965,14.0
1422,-0.874,-0.259,0.000,100.249,-0.361,-1.965,14.0
1423,-0.874,-0.259,0.000,100.309,-0.363,-1.965,14.0
1424,-0.874,-0.259,0.000,100.369,-0.365,-1.964,14.0
1425,-0.874,-0.259,0.000,100.429,-0.367,-1.964,14.0
1426,-0.874,-0.259,0.000,100.489,-0.369,-1.963,14.0
1427,-0.874,-0.259,0.000,100.549,-0.371,-1.963,14.0
1428,-0.874,-0.259,0.000,100.609,-0.373,-1.963,14.0
1429,-0.874,-0.259,0.000,100.669,-0.375,-1.962,14.0
1430,-0.874,-0.259,0.000,100.728,-0.378,-1.962,14.0
1431,-0.874,-0.259,0.000,100.788,-0.380,-1.961,14.0
1432,-0.874,-0.259,0.000,100.848,-0.382,-1.961,14.0
1433,-0.874,-0.259,0.000,100.907,-0.384,-1.961,14.0
1434,-0.874,-0.259,0.000,100.967,-0.386,-1.960,14.0
1435,-0.873,-0.259,0.000,101.026,-0.388,-1.960,14.0
1436,-0.873,-0.259,0.000,101.086,-0.390,-1.959,14.0
1437,-0.873,-0.259,0.000,101.145,-0.392,-1.959,14.0
1438,-0.873,-0.259,0.000,101.204,-0.394,-1.959,14.0
1439,-0.873,-0.259,0.000,101.264,-0.396,-1.958,14.0
1440,-0.873,-0.259,0.000,101.323,-0.398,-1.958,14.0
1441,-0.873,-0.259,0.000,101.382,-0.400,-1.957,14.0
1442,-0.873,-0.259,0.000,101.441,-0.402,-1.957,14.0
1443,-0.873,-0.259,0.000,101.500,-0.404,-1.957,14.0
1444,-0.873,-0.259,0.000,101.559,-0.406,-1.956,14.0
1445,-0.873,-0.259,0.000,101.617,-0.408,-1.956,14.0
1446,-0.873,-0.259,0.000,101.676,-0.410,-1.955,14.0
1447,-0.873,-0.259,0.000,101.735,-0.412,-1.955,14.0
1448,-0.873,-0.259,0.000,101.793,-0.414,-1.954,14.0
1449,-0.873,-0.259,0.000,101.851,-0.416,-1.954,14.0
1450,-0.873,-0.259,0.000,101.910,-0.418,-1.954,14.0
1451,-0.873,-0.259,0.000,101.968,-0.420,-1.953,14.0
1452,-0.873,-0.259,0.000,102.026,-0.422,-1.953,14.0
1453,-0.873,-0.259,0.000,102.084,-0.424,-1.952,14.0
1454,-0.873,-0.259,0.000,102.142,-0.426,-1.952,14.0
1455,-0.872,-0.259,0.000,102.199,-0.428,-1.951,14.0
1456,-0.872,-0.259,0.000,102.257,-0.430,-1.951,14.0
1457,-0.872,-0.259,0.000,102.314,-0.432,-1.951,14.0
1458,-0.872,-0.259,0.000,102.372,-0.434,-1.950,14.0
1459,-0.872,-0.259,0.000,102.429,-0.436,-1.950,14.0
1460,-0.872,-0.259,0.000,102.486,-0.438,-1.949,14.0
1461,-0.872,-0.259,0.000,102.543,-0.439,-1.949,14.0
1462,-0.872,-0.260,0.000,102.600,-0.441,-1.948,14.0
1463,-0.872,-0.260,0.000,102.657,-0.443,-1.948,14.0
1464,-0.872,-0.260,0.000,102.714,-0.445,-1.948,14.0
1465,-0.872,-0.260,0.000,102.770,-0.447,-1.947,14.0
1466,-0.872,-0.260,0.000,102.826,-0.449,-1.947,14.0
1467,-0.872,-0.260,0.000,102.883,-0.451,-1.946,14.0
1468,-0.872,-0.260,0.000,102.939,-0.453,-1.946,14.0
1469,-0.872,-0.260,0.000,102.995,-0.455,-1.945,14.0
1470,-0.872,-0.260,0.000,103.050,-0.457,-1.945,14.0
1471,-0.872,-0.260,0.000,103.106,-0.459,-1.944,14.0
1472,-0.872,-0.260,0.000,103.162,-0.461,-1.944,14.0
1473,-0.872,-0.260,0.000,103.217,-0.462,-1.944,14.0
1474,-0.871,-0.260,0.000,103.272,-0.464,-1.943,14.0
1475,-0.871,-0.260,0.000,103.327,-0.466,-1.943,14.0
1476,-0.871,-0.260,0.000,103.382,-0.468,-1.942,14.0
1477,-0.871,-0.260,0.000,103.437,-0.470,-1.942,14.0
1478,-0.871,-0.260,0.000,103.491,-0.472,-1.941,14.0
1479,-0.871,-0.260,0.000,103.546,-0.474,-1.941,14.0
1480,-0.871,-0.260,0.000,103.600,-0.475,-1.940,14.0
1481,-0.871,-0.260,0.000,103.654,-0.477,-1.940,14.0
1482,-0.871,-0.260,0.000,103.708,-0.479,-1.940,14.0
1483,-0.871,-0.260,0.000,103.762,-0.481,-1.939,14.0
1484,-0.871,-0.260,0.000,103.815,-0.483,-1.939,14.0
1485,-0.871,-0.260,0.000,103.869,-0.484,-1.938,14.0
1486,-0.871,-0.260,0.000,103.922,-0.486,-1.938,14.0
1487,-0.871,-0.260,0.000,103.975,-0.488,-1.937,14.0
1488,-0.871,-0.260,0.000,104.028,-0.490,-1.937,14.0
1489,-0.871,-0.260,0.000,104.080,-0.492,-1.936,14.0
1490,-0.871,-0.260,0.000,104.133,-0.493,-1.936,14.0
1491,-0.871,-0.260,0.000,104.185,-0.495,-1.935,14.0
1492,-0.870,-0.260,0.000,104.237,-0.497,-1.935,14.0
1493,-0.870,-0.260,0.000,104.289,-0.499,-1.935,14.0
1494,-0.870,-0.260,0.000,104.341,-0.500,-1.934,14.0
1495,-0.870,-0.260,0.000,104.392,-0.502,-1.934,14.0
1496,-0.870,-0.260,0.000,104.444,-0.504,-1.933,14.0
1497,-0.870,-0.260,0.000,104.495,-0.506,-1.933,14.0
1498,-0.870,-0.260,0.000,104.546,-0.507,-1.932,14.0
1499,-0.870,-0.260,0.000,104.597,-0.509,-1.932,14.0
1500,-0.870,-0.260,0.000,104.647,-0.511,-1.931,14.0
1501,-0.870,-0.260,0.000,104.698,-0.512,-1.931,14.0
1502,-0.870,-0.260,0.000,104.748,-0.514,-1.931,14.0
1503,-0.870,-0.260,0.000,104.798,-0.516,-1.930,14.0
1504,-0.870,-0.260,0.000,104.848,-0.518,-1.930,14.0
1505,-0.870,-0.260,0.000,104.897,-0.519,-1.929,14.0
1506,-0.870,-0.260,0.000,104.946,-0.521,-1.929,14.0
1507,-0.870,-0.260,0.000,104.996,-0.523,-1.928,14.0
1508,-0.870,-0.261,0.000,105.044,-0.524,-1.928,14.0
1509,-0.870,-0.261,0.000,105.093,-0.526,-1.927,14.0
1510,-0.869,-0.261,0.000,105.142,-0.527,-1.927,14.0
1511,-0.869,-0.261,0.000,105.190,-0.529,-1.926,14.0
1512,-0.869,-0.261,0.000,105.238,-0.531,-1.926,14.0
1513,-0.869,-0.261,0.000,105.286,-0.532,-1.926,14.0
1514,-0.869,-0.261,0.000,105.334,-0.534,-1.925,14.0
1515,-0.869,-0.261,0.000,105.381,-0.535,-1.925,14.0
1516,-0.869,-0.261,0.000,105.428,-0.537,-1.924,14.0
1517,-0.869,-0.261,0.000,105.475,-0.539,-1.924,14.0
1518,-0.869,-0.261,0.000,105.522,-0.540,-1.923,14.0
1519,-0.869,-0.261,0.000,105.568,-0.542,-1.923,14.0
1520,-0.869,-0.261,0.000,105.615,-0.543,-1.923,14.0
1521,-0.869,-0.261,0.000,105.661,-0.545,-1.922,14.0
1522,-0.869,-0.261,0.000,105.707,-0.546,-1.922,14.0
1523,-0.869,-0.261,0.000,105.752,-0.548,-1.921,14.0
1524,-0.869,-0.261,0.000,105.798,-0.549,-1.921,14.0
1525,-0.869,-0.261,0.000,105.843,-0.551,-1.920,14.0
1526,-0.869,-0.261,0.000,105.888,-0.552,-1.920,14.0
1527,-0.869,-0.261,0.000,105.932,-0.554,-1.919,14.0
1528,-0.868,-0.261,0.000,105.977,-0.555,-1.919,14.0
1529,-0.868,-0.261,0.000,106.021,-0.557,-1.919,14.0
1530,-0.868,-0.261,0.000,106.065,-0.558,-1.918,14.0
1531,-0.868,-0.261,0.000,106.109,-0.560,-1.918,14.0
1532,-0.868,-0.261,0.000,106.152,-0.561,-1.917,14.0
1533,-0.868,-0.261,0.000,106.196,-0.563,-1.917,14.0
1534,-0.868,-0.261,0.000,106.239,-0.564,-1.916,14.0
1535,-0.868,-0.261,0.000,106.282,-0.566,-1.916,14.0
1536,-0.868,-0.261,0.000,106.324,-0.567,-1.916,14.0
1537,-0.868,-0.261,0.000,106.366,-0.569,-1.915,14.0
1538,-0.868,-0.261,0.000,106.409,-0.570,-1.915,14.0
1539,-0.868,-0.261,0.000,106.450,-0.571,-1.914,14.0
1540,-0.868,-0.261,0.000,106.492,-0.573,-1.914,14.0
1541,-0.868,-0.261,0.000,106.533,-0.574,-1.914,14.0
1542,-0.868,-0.261,0.000,106.575,-0.575,-1.913,14.0
1543,-0.868,-0.261,0.000,106.615,-0.577,-1.913,14.0
1544,-0.868,-0.261,0.000,106.656,-0.578,-1.912,14.0
1545,-0.868,-0.261,0.000,106.696,-0.580,-1.912,14.0
1546,-0.867,-0.261,0.000,106.737,-0.581,-1.912,14.0
1547,-0.867,-0.261,0.000,106.776,-0.582,-1.911,14.0
1548,-0.867,-0.261,0.000,106.816,-0.584,-1.911,14.0
1549,-0.867,-0.261,0.000,106.856,-0.585,-1.910,14.0
1550,-0.867,-0.261,0.000,106.895,-0.586,-1.910,14.0
1551,-0.867,-0.261,0.000,106.934,-0.587,-1.909,14.0
1552,-0.867,-0.262,0.000,106.972,-0.589,-1.909,14.0
1553,-0.867,-0.262,0.000,107.011,-0.590,-1.909,14.0
1554,-0.867,-0.262,0.000,107.049,-0.591,-1.908,14.0
1555,-0.867,-0.262,0.000,107.087,-0.593,-1.908,14.0
1556,-0.867,-0.262,0.000,107.124,-0.594,-1.908,14.0
1557,-0.867,-0.262,0.000,107.162,-0.595,-1.907,14.0
1558,-0.867,-0.262,0.000,107.199,-0.596,-1.907,14.0
1559,-0.867,-0.262,0.000,107.236,-0.598,-1.906,14.0
1560,-0.867,-0.262,0.000,107.273,-0.599,-1.906,14.0
1561,-0.867,-0.262,0.000,107.309,-0.600,-1.906,14.0
1562,-0.867,-0.262,0.000,107.345,-0.601,-1.905,14.0
1563,-0.867,-0.262,0.000,107.381,-0.602,-1.905,14.0
1564,-0.867,-0.262,0.000,107.417,-0.604,-1.904,14.0
1565,-0.866,-0.262,0.000,107.452,-0.605,-1.904,14.0
1566,-0.866,-0.262,0.000,107.487,-0.606,-1.904,14.0
1567,-0.866,-0.262,0.000,107.522,-0.607,-1.903,14.0
1568,-0.866,-0.262,0.000,107.557,-0.608,-1.903,14.0
1569,-0.866,-0.262,0.000,107.591,-0.609,-1.903,14.0
1570,-0.866,-0.262,0.000,107.626,-0.610,-1.902,14.0
1571,-0.866,-0.262,0.000,107.659,-0.612,-1.902,14.0
1572,-0.866,-0.262,0.000,107.693,-0.613,-1.902,14.0
1573,-0.866,-0.262,0.000,107.727,-0.614,-1.901,14.0
1574,-0.866,-0.262,0.000,107.760,-0.615,-1.901,14.0
1575,-0.866,-0.262,0.000,107.793,-0.616,-1.900,14.0
1576,-0.866,-0.262,0.000,107.825,-0.617,-1.900,14.0
1577,-0.866,-0.262,0.000,107.858,-0.618,-1.900,14.0
1578,-0.866,-0.262,0.000,107.890,-0.619,-1.899,14.0
1579,-0.866,-0.262,0.000,107.922,-0.620,-1.899,14.0
1580,-0.866,-0.262,0.000,107.953,-0.621,-1.899,14.0
1581,-0.866,-0.262,0.000,107.985,-0.622,-1.898,14.0
1582,-0.866,-0.262,0.000,108.016,-0.623,-1.898,14.0
1583,-0.866,-0.262,0.000,108.047,-0.624,-1.898,14.0
1584,-0.866,-0.262,0.000,108.077,-0.625,-1.897,14.0
1585,-0.865,-0.262,0.000,108.108,-0.626,-1.897,14.0
1586,-0.865,-0.262,0.000,108.138,-0.627,-1.897,14.0
1587,-0.865,-0.262,0.000,108.168,-0.628,-1.896,14.0
1588,-0.865,-0.262,0.000,108.197,-0.629,-1.896,14.0
1589,-0.865,-0.262,0.000,108.227,-0.630,-1.896,14.0
1590,-0.865,-0.262,0.000,108.256,-0.631,-1.895,14.0
1591,-0.865,-0.262,0.000,108.285,-0.632,-1.895,14.0
1592,-0.865,-0.262,0.000,108.313,-0.633,-1.895,14.0
1593,-0.865,-0.262,0.000,108.342,-0.634,-1.894,14.0
1594,-0.865,-0.262,0.000,108.370,-0.635,-1.894,14.0
1595,-0.865,-0.262,0.000,108.398,-0.636,-1.894,14.0
1596,-0.865,-0.262,0.000,108.425,-0.637,-1.894,14.0
1597,-0.865,-0.263,0.000,108.453,-0.638,-1.893,14.0
1598,-0.865,-0.263,0.000,108.480,-0.639,-1.893,14.0
1599,-0.865,-0.263,0.000,108.507,-0.640,-1.893,14.0
1600,-0.865,-0.263,0.000,108.534,-0.641,-1.892,14.0
1601,-0.865,-0.263,0.000,108.560,-0.641,-1.892,14.0
1602,-0.865,-0.263,0.000,108.586,-0.642,-1.892,14.0
1603,-0.865,-0.263,0.000,108.612,-0.643,-1.891,14.0
1604,-0.865,-0.263,0.000,108.638,-0.644,-1.891,14.0
1605,-0.864,-0.263,0.000,108.663,-0.645,-1.891,14.0
1606,-0.864,-0.263,0.000,108.688,-0.646,-1.891,14.0
1607,-0.864,-0.263,0.000,108.713,-0.646,-1.890,14.0
1608,-0.864,-0.263,0.000,108.738,-0.647,-1.890,14.0
1609,-0.864,-0.263,0.000,108.763,-0.648,-1.890,14.0
1610,-0.864,-0.263,0.000,108.787,-0.649,-1.890,14.0
1611,-0.864,-0.263,0.000,108.811,-0.650,-1.889,14.0
1612,-0.864,-0.263,0.000,108.835,-0.650,-1.889,14.0
1613,-0.864,-0.263,0.000,108.858,-0.651,-1.889,14.0
1614,-0.864,-0.263,0.000,108.881,-0.652,-1.888,14.0
1615,-0.864,-0.263,0.000,108.904,-0.653,-1.888,14.0
1616,-0.864,-0.263,0.000,108.927,-0.654,-1.888,14.0
1617,-0.864,-0.263,0.000,108.950,-0.654,-1.888,14.0
1618,-0.864,-0.263,0.000,108.972,-0.655,-1.887,14.0
1619,-0.864,-0.263,0.000,108.994,-0.656,-1.887,14.0
1620,-0.864,-0.263,0.000,109.016,-0.656,-1.887,14.0
1621,-0.864,-0.263,0.000,109.038,-0.657,-1.887,14.0
1622,-0.864,-0.263,0.000,109.059,-0.658,-1.886,14.0
1623,-0.864,-0.263,0.000,109.080,-0.659,-1.886,14.0
1624,-0.864,-0.263,0.000,109.101,-0.659,-1.886,14.0
1625,-0.864,-0.263,0.000,109.122,-0.660,-1.886,14.0
1626,-0.864,-0.263,0.000,109.142,-0.661,-1.885,14.0
1627,-0.863,-0.263,0.000,109.163,-0.661,-1.885,14.0
1628,-0.863,-0.263,0.000,109.183,-0.662,-1.885,14.0
1629,-0.863,-0.263,0.000,109.202,-0.663,-1.885,14.0
1630,-0.863,-0.263,0.000,109.222,-0.663,-1.885,14.0
1631,-0.863,-0.263,0.000,109.241,-0.664,-1.884,14.0
1632,-0.863,-0.263,0.000,109.260,-0.664,-1.884,14.0
1633,-0.863,-0.263,0.000,109.279,-0.665,-1.884,14.0
1634,-0.863,-0.263,0.000,109.298,-0.666,-1.884,14.0
1635,-0.863,-0.263,0.000,109.316,-0.666,-1.883,14.0
1636,-0.863,-0.263,0.000,109.334,-0.667,-1.883,14.0
1637,-0.863,-0.263,0.000,109.352,-0.668,-1.883,14.0
1638,-0.863,-0.263,0.000,109.370,-0.668,-1.883,14.0
1639,-0.863,-0.263,0.000,109.388,-0.669,-1.883,14.0
1640,-0.863,-0.263,0.000,109.405,-0.669,-1.882,14.0
1641,-0.863,-0.263,0.000,109.422,-0.670,-1.882,14.0
1642,-0.863,-0.263,0.000,109.439,-0.670,-1.882,14.0
1643,-0.863,-0.263,0.000,109.456,-0.671,-1.882,14.0
1644,-0.863,-0.263,0.000,109.472,-0.671,-1.882,14.0
1645,-0.863,-0.263,0.000,109.489,-0.672,-1.881,14.0
1646,-0.863,-0.263,0.000,109.505,-0.673,-1.881,14.0
1647,-0.863,-0.264,0.000,109.520,-0.673,-1.881,14.0
1648,-0.863,-0.264,0.000,109.536,-0.674,-1.881,14.0
1649,-0.863,-0.264,0.000,109.551,-0.674,-1.881,14.0
1650,-0.863,-0.264,0.000,109.567,-0.675,-1.880,14.0
1651,-0.862,-0.264,0.000,109.582,-0.675,-1.880,14.0
1652,-0.862,-0.264,0.000,109.596,-0.676,-1.880,14.0
1653,-0.862,-0.264,0.000,109.611,-0.676,-1.880,14.0
1654,-0.862,-0.264,0.000,109.625,-0.676,-1.880,14.0
1655,-0.862,-0.264,0.000,109.640,-0.677,-1.880,14.0
1656,-0.862,-0.264,0.000,109.654,-0.677,-1.879,14.0
1657,-0.862,-0.264,0.000,109.667,-0.678,-1.879,14.0
1658,-0.862,-0.264,0.000,109.681,-0.678,-1.879,14.0
1659,-0.862,-0.264,0.000,109.694,-0.679,-1.879,14.0
1660,-0.862,-0.264,0.000,109.707,-0.679,-1.879,14.0
1661,-0.862,-0.264,0.000,109.720,-0.680,-1.879,14.0
1662,-0.862,-0.264,0.000,109.733,-0.680,-1.879,14.0
1663,-0.862,-0.264,0.000,109.746,-0.680,-1.878,14.0
1664,-0.862,-0.264,0.000,109.758,-0.681,-1.878,14.0
1665,-0.862,-0.264,0.000,109.770,-0.681,-1.878,14.0
1666,-0.862,-0.264,0.000,109.782,-0.682,-1.878,14.0
1667,-0.862,-0.264,0.000,109.794,-0.682,-1.878,14.0
1668,-0.862,-0.264,0.000,109.806,-0.682,-1.878,14.0
1669,-0.862,-0.264,0.000,109.817,-0.683,-1.878,14.0
1670,-0.862,-0.264,0.000,109.828,-0.683,-1.877,14.0
1671,-0.862,-0.264,0.000,109.839,-0.684,-1.877,14.0
1672,-0.862,-0.264,0.000,109.850,-0.684,-1.877,14.0
1673,-0.862,-0.264,0.000,109.861,-0.684,-1.877,14.0
1674,-0.862,-0.264,0.000,109.871,-0.685,-1.877,14.0
1675,-0.862,-0.264,0.000,109.882,-0.685,-1.877,14.0
1676,-0.862,-0.264,0.000,109.892,-0.685,-1.877,14.0
1677,-0.862,-0.264,0.000,109.902,-0.686,-1.877,14.0
1678,-0.861,-0.264,0.000,109.911,-0.686,-1.876,14.0
1679,-0.861,-0.264,0.000,109.921,-0.686,-1.876,14.0
1680,-0.861,-0.264,0.000,109.930,-0.686,-1.876,14.0
1681,-0.861,-0.264,0.000,109.940,-0.687,-1.876,14.0
1682,-0.861,-0.264,0.000,109.949,-0.687,-1.876,14.0
1683,-0.861,-0.264,0.000,109.958,-0.687,-1.876,14.0
1684,-0.861,-0.264,0.000,109.966,-0.688,-1.876,14.0
1685,-0.861,-0.264,0.000,109.975,-0.688,-1.876,14.0
1686,-0.861,-0.264,0.000,109.983,-0.688,-1.876,14.0
1687,-0.861,-0.264,0.000,109.991,-0.688,-1.875,14.0
1688,-0.861,-0.264,0.000,109.999,-0.689,-1.875,14.0
1689,-0.861,-0.264,0.000,110.007,-0.689,-1.875,14.0
1690,-0.861,-0.264,0.000,110.015,-0.689,-1.875,14.0
1691,-0.861,-0.264,0.000,110.022,-0.690,-1.875,14.0
1692,-0.861,-0.264,0.000,110.030,-0.690,-1.875,14.0
1693,-0.861,-0.264,0.000,110.037,-0.690,-1.875,14.0
1694,-0.861,-0.264,0.000,110.044,-0.690,-1.875,14.0
1695,-0.861,-0.264,0.000,110.051,-0.690,-1.875,14.0
1696,-0.861,-0.264,0.000,110.057,-0.691,-1.875,14.0
1697,-0.861,-0.264,0.000,110.064,-0.691,-1.875,14.0
1698,-0.861,-0.264,0.000,110.070,-0.691,-1.874,14.0
1699,-0.861,-0.264,0.000,110.077,-0.691,-1.874,14.0
1700,-0.861,-0.264,0.000,110.083,-0.691,-1.874,14.0
1701,-0.861,-0.264,0.000,110.089,-0.692,-1.874,14.0
1702,-0.861,-0.265,0.000,110.094,-0.692,-1.874,14.0
1703,-0.861,-0.265,0.000,110.100,-0.692,-1.874,14.0
1704,-0.861,-0.265,0.000,110.105,-0.692,-1.874,14.0
1705,-0.861,-0.265,0.000,110.111,-0.692,-1.874,14.0
1706,-0.861,-0.265,0.000,110.116,-0.693,-1.874,14.0
1707,-0.861,-0.265,0.000,110.121,-0.693,-1.874,14.0
1708,-0.861,-0.265,0.000,110.126,-0.693,-1.874,14.0
1709,-0.860,-0.265,0.000,110.131,-0.693,-1.874,14.0
1710,-0.860,-0.265,0.000,110.135,-0.693,-1.874,14.0
1711,-0.860,-0.265,0.000,110.140,-0.693,-1.874,14.0
1712,-0.860,-0.265,0.000,110.144,-0.693,-1.874,14.0
1713,-0.860,-0.265,0.000,110.148,-0.694,-1.874,14.0
1714,-0.860,-0.265,0.000,110.152,-0.694,-1.874,14.0
1715,-0.860,-0.265,0.000,110.156,-0.694,-1.873,14.0
1716,-0.860,-0.265,0.000,110.160,-0.694,-1.873,14.0
1717,-0.860,-0.265,0.000,110.163,-0.694,-1.873,14.0
1718,-0.860,-0.265,0.000,110.167,-0.694,-1.873,14.0
1719,-0.860,-0.265,0.000,110.170,-0.694,-1.873,14.0
1720,-0.860,-0.265,0.000,110.173,-0.694,-1.873,14.0
1721,-0.860,-0.265,0.000,110.176,-0.695,-1.873,14.0
1722,-0.860,-0.265,0.000,110.179,-0.695,-1.873,14.0
1723,-0.860,-0.265,0.000,110.182,-0.695,-1.873,14.0
1724,-0.860,-0.265,0.000,110.185,-0.695,-1.873,14.0
1725,-0.860,-0.265,0.000,110.187,-0.695,-1.873,14.0
1726,-0.860,-0.265,0.000,110.190,-0.695,-1.873,14.0
1727,-0.860,-0.265,0.000,110.192,-0.695,-1.873,14.0
1728,-0.860,-0.265,0.000,110.194,-0.695,-1.873,14.0
1729,-0.860,-0.265,0.000,110.196,-0.695,-1.873,14.0
1730,-0.860,-0.265,0.000,110.198,-0.695,-1.873,14.0
1731,-0.860,-0.265,0.000,110.200,-0.695,-1.873,14.0
1732,-0.860,-0.265,0.000,110.202,-0.695,-1.873,14.0
1733,-0.860,-0.265,0.000,110.203,-0.695,-1.873,14.0
1734,-0.860,-0.265,0.000,110.205,-0.695,-1.873,14.0
1735,-0.860,-0.265,0.000,110.206,-0.696,-1.873,14.0
1736,-0.860,-0.265,0.000,110.207,-0.696,-1.873,14.0
1737,-0.860,-0.265,0.000,110.208,-0.696,-1.873,14.0
1738,-0.860,-0.265,0.000,110.209,-0.696,-1.873,14.0
1739,-0.860,-0.265,0.000,110.210,-0.696,-1.873,14.0
1740,-0.860,-0.265,0.000,110.211,-0.696,-1.873,14.0
1741,-0.860,-0.265,0.000,110.212,-0.696,-1.873,14.0
1742,-0.860,-0.265,0.000,110.212,-0.696,-1.873,14.0
1743,-0.860,-0.265,0.000,110.213,-0.696,-1.873,14.0
1744,-0.860,-0.265,0.000,110.213,-0.696,-1.873,14.0
1745,-0.859,-0.265,0.000,110.213,-0.696,-1.873,14.0
1746,-0.859,-0.265,0.000,110.213,-0.696,-1.873,14.0
1747,-0.859,-0.265,0.000,110.213,-0.696,-1.873,14.0
1748,-0.859,-0.265,0.000,110.213,-0.696,-1.873,14.0
1749,-0.859,-0.265,0.000,110.213,-0.696,-1.873,14.0
1750,-0.859,-0.265,0.000,110.213,-0.696,-1.873,14.0
1751,-0.859,-0.265,0.000,110.212,-0.696,-1.873,14.0
1752,-0.859,-0.265,0.000,110.212,-0.696,-1.873,14.0
1753,-0.859,-0.265,0.000,110.211,-0.696,-1.873,14.0
1754,-0.859,-0.265,0.000,110.211,-0.696,-1.873,14.0
1755,-0.859,-0.265,0.000,110.210,-0.696,-1.873,14.0
1756,-0.859,-0.265,0.000,110.209,-0.696,-1.873,14.0
1757,-0.859,-0.265,0.000,110.208,-0.696,-1.873,14.0
1758,-0.859,-0.265,0.000,110.207,-0.696,-1.873,14.0
1759,-0.859,-0.265,0.000,110.206,-0.696,-1.873,14.0
1760,-0.859,-0.265,0.000,110.204,-0.695,-1.873,14.0
1761,-0.859,-0.265,0.000,110.203,-0.695,-1.873,14.0
1762,-0.859,-0.266,0.000,110.202,-0.695,-1.873,14.0
1763,-0.859,-0.266,0.000,110.200,-0.695,-1.873,14.0
1764,-0.859,-0.266,0.000,110.199,-0.695,-1.873,14.0
1765,-0.859,-0.266,0.000,110.197,-0.695,-1.873,14.0
1766,-0.859,-0.266,0.000,110.195,-0.695,-1.873,14.0
1767,-0.859,-0.266,0.000,110.193,-0.695,-1.873,14.0
1768,-0.859,-0.266,0.000,110.191,-0.695,-1.873,14.0
1769,-0.859,-0.266,0.000,110.189,-0.695,-1.873,14.0
1770,-0.859,-0.266,0.000,110.187,-0.695,-1.873,14.0
1771,-0.859,-0.266,0.000,110.185,-0.695,-1.873,14.0
1772,-0.859,-0.266,0.000,110.183,-0.695,-1.873,14.0
1773,-0.859,-0.266,0.000,110.181,-0.695,-1.873,14.0
1774,-0.859,-0.266,0.000,110.178,-0.695,-1.873,14.0
1775,-0.859,-0.266,0.000,110.176,-0.695,-1.873,14.0
1776,-0.859,-0.266,0.000,110.173,-0.694,-1.873,14.0
1777,-0.859,-0.266,0.000,110.171,-0.694,-1.873,14.0
1778,-0.859,-0.266,0.000,110.168,-0.694,-1.873,14.0
1779,-0.859,-0.266,0.000,110.165,-0.694,-1.873,14.0
1780,-0.859,-0.266,0.000,110.162,-0.694,-1.873,14.0
1781,-0.859,-0.266,0.000,110.159,-0.694,-1.873,14.0
1782,-0.859,-0.266,0.000,110.156,-0.694,-1.873,14.0
1783,-0.859,-0.266,0.000,110.153,-0.694,-1.873,14.0
1784,-0.859,-0.266,0.000,110.150,-0.694,-1.874,14.0
1785,-0.859,-0.266,0.000,110.147,-0.694,-1.874,14.0
1786,-0.859,-0.266,0.000,110.144,-0.693,-1.874,14.0
1787,-0.859,-0.266,0.000,110.141,-0.693,-1.874,14.0
1788,-0.859,-0.266,0.000,110.137,-0.693,-1.874,14.0
1789,-0.859,-0.266,0.000,110.134,-0.693,-1.874,14.0
1790,-0.859,-0.266,0.000,110.130,-0.693,-1.874,14.0
1791,-0.858,-0.266,0.000,110.127,-0.693,-1.874,14.0
1792,-0.858,-0.266,0.000,110.123,-0.693,-1.874,14.0
1793,-0.858,-0.266,0.000,110.119,-0.693,-1.874,14.0
1794,-0.858,-0.266,0.000,110.116,-0.693,-1.874,14.0
1795,-0.858,-0.266,0.000,110.112,-0.692,-1.874,14.0
1796,-0.858,-0.266,0.000,110.108,-0.692,-1.874,14.0
1797,-0.858,-0.266,0.000,110.104,-0.692,-1.874,14.0
1798,-0.858,-0.266,0.000,110.100,-0.692,-1.874,14.0
1799,-0.858,-0.266,0.000,110.096,-0.692,-1.874,14.0
1800,-0.858,-0.266,0.000,110.092,-0.692,-1.874,14.0
1801,-0.858,-0.266,0.000,110.088,-0.692,-1.874,14.0
1802,-0.858,-0.266,0.000,110.084,-0.692,-1.874,14.0
1803,-0.858,-0.266,0.000,110.079,-0.691,-1.874,14.0
1804,-0.858,-0.266,0.000,110.075,-0.691,-1.874,14.0
1805,-0.858,-0.266,0.000,110.071,-0.691,-1.874,14.0
1806,-0.858,-0.266,0.000,110.066,-0.691,-1.875,14.0
1807,-0.858,-0.266,0.000,110.062,-0.691,-1.875,14.0
1808,-0.858,-0.266,0.000,110.058,-0.691,-1.875,14.0
1809,-0.858,-0.266,0.000,110.053,-0.691,-1.875,14.0
1810,-0.858,-0.266,0.000,110.048,-0.690,-1.875,14.0
1811,-0.858,-0.266,0.000,110.044,-0.690,-1.875,14.0
1812,-0.858,-0.266,0.000,110.039,-0.690,-1.875,14.0
1813,-0.858,-0.266,0.000,110.034,-0.690,-1.875,14.0
1814,-0.858,-0.266,0.000,110.030,-0.690,-1.875,14.0
1815,-0.858,-0.266,0.000,110.025,-0.690,-1.875,14.0
1816,-0.858,-0.266,0.000,110.020,-0.689,-1.875,14.0
1817,-0.858,-0.266,0.000,110.015,-0.689,-1.875,14.0
1818,-0.858,-0.266,0.000,110.010,-0.689,-1.875,14.0
1819,-0.858,-0.266,0.000,110.005,-0.689,-1.875,14.0
1820,-0.858,-0.266,0.000,110.000,-0.689,-1.875,14.0
1821,-0.858,-0.266,0.000,109.995,-0.689,-1.875,14.0
1822,-0.858,-0.266,0.000,109.990,-0.688,-1.875,14.0
1823,-0.858,-0.266,0.000,109.985,-0.688,-1.876,14.0
1824,-0.858,-0.266,0.000,109.980,-0.688,-1.876,14.0
1825,-0.858,-0.266,0.000,109.975,-0.688,-1.876,14.0
1826,-0.858,-0.266,0.000,109.970,-0.688,-1.876,14.0
1827,-0.858,-0.266,0.000,109.965,-0.688,-1.876,14.0
1828,-0.858,-0.266,0.000,109.959,-0.687,-1.876,14.0
1829,-0.858,-0.266,0.000,109.954,-0.687,-1.876,14.0
1830,-0.858,-0.267,0.000,109.949,-0.687,-1.876,14.0
1831,-0.858,-0.267,0.000,109.943,-0.687,-1.876,14.0
1832,-0.858,-0.267,0.000,109.938,-0.687,-1.876,14.0
1833,-0.858,-0.267,0.000,109.932,-0.687,-1.876,14.0
1834,-0.858,-0.267,0.000,109.927,-0.686,-1.876,14.0
1835,-0.858,-0.267,0.000,109.922,-0.686,-1.876,14.0
1836,-0.858,-0.267,0.000,109.916,-0.686,-1.876,14.0
1837,-0.858,-0.267,0.000,109.911,-0.686,-1.876,14.0
1838,-0.858,-0.267,0.000,109.905,-0.686,-1.876,14.0
1839,-0.858,-0.267,0.000,109.899,-0.685,-1.877,14.0
1840,-0.858,-0.267,0.000,109.894,-0.685,-1.877,14.0
1841,-0.858,-0.267,0.000,109.888,-0.685,-1.877,14.0
1842,-0.858,-0.267,0.000,109.883,-0.685,-1.877,14.0
1843,-0.858,-0.267,0.000,109.877,-0.685,-1.877,14.0
1844,-0.858,-0.267,0.000,109.871,-0.685,-1.877,14.0
1845,-0.858,-0.267,0.000,109.865,-0.684,-1.877,14.0
1846,-0.858,-0.267,0.000,109.860,-0.684,-1.877,14.0
1847,-0.858,-0.267,0.000,109.854,-0.684,-1.877,14.0
1848,-0.858,-0.267,0.000,109.848,-0.684,-1.877,14.0
1849,-0.858,-0.267,0.000,109.842,-0.684,-1.877,14.0
1850,-0.858,-0.267,0.000,109.837,-0.683,-1.877,14.0
1851,-0.858,-0.267,0.000,109.831,-0.683,-1.877,14.0
1852,-0.858,-0.267,0.000,109.825,-0.683,-1.877,14.0
1853,-0.858,-0.267,0.000,109.819,-0.683,-1.878,14.0
1854,-0.858,-0.267,0.000,109.813,-0.683,-1.878,14.0
1855,-0.858,-0.267,0.000,109.807,-0.682,-1.878,14.0
1856,-0.857,-0.267,0.000,109.801,-0.682,-1.878,14.0
1857,-0.857,-0.267,0.000,109.795,-0.682,-1.878,14.0
1858,-0.857,-0.267,0.000,109.789,-0.682,-1.878,14.0
1859,-0.857,-0.267,0.000,109.783,-0.682,-1.878,14.0
1860,-0.857,-0.267,0.000,109.777,-0.681,-1.878,14.0
1861,-0.857,-0.267,0.000,109.771,-0.681,-1.878,14.0
1862,-0.857,-0.267,0.000,109.765,-0.681,-1.878,14.0
1863,-0.857,-0.267,0.000,109.759,-0.681,-1.878,14.0
1864,-0.857,-0.267,0.000,109.753,-0.681,-1.878,14.0
1865,-0.857,-0.267,0.000,109.747,-0.680,-1.878,14.0
1866,-0.857,-0.267,0.000,109.741,-0.680,-1.878,14.0
1867,-0.857,-0.267,0.000,109.735,-0.680,-1.879,14.0
1868,-0.857,-0.267,0.000,109.729,-0.680,-1.879,14.0
1869,-0.857,-0.267,0.000,109.723,-0.680,-1.879,14.0
1870,-0.857,-0.267,0.000,109.717,-0.679,-1.879,14.0
1871,-0.857,-0.267,0.000,109.711,-0.679,-1.879,14.0
1872,-0.857,-0.267,0.000,109.705,-0.679,-1.879,14.0
1873,-0.857,-0.267,0.000,109.699,-0.679,-1.879,14.0
1874,-0.857,-0.267,0.000,109.693,-0.679,-1.879,14.0
1875,-0.857,-0.267,0.000,109.686,-0.678,-1.879,14.0
1876,-0.857,-0.267,0.000,109.680,-0.678,-1.879,14.0
1877,-0.857,-0.267,0.000,109.674,-0.678,-1.879,14.0
1878,-0.857,-0.267,0.000,109.668,-0.678,-1.879,14.0
1879,-0.857,-0.267,0.000,109.662,-0.678,-1.879,14.0
1880,-0.857,-0.267,0.000,109.656,-0.677,-1.879,14.0
1881,-0.857,-0.267,0.000,109.650,-0.677,-1.880,14.0
1882,-0.857,-0.267,0.000,109.643,-0.677,-1.880,14.0
1883,-0.857,-0.267,0.000,109.637,-0.677,-1.880,14.0
1884,-0.857,-0.267,0.000,109.631,-0.677,-1.880,14.0
1885,-0.857,-0.267,0.000,109.625,-0.676,-1.880,14.0
1886,-0.857,-0.267,0.000,109.619,-0.676,-1.880,14.0
1887,-0.857,-0.267,0.000,109.613,-0.676,-1.880,14.0
1888,-0.857,-0.267,0.000,109.606,-0.676,-1.880,14.0
1889,-0.857,-0.267,0.000,109.600,-0.676,-1.880,14.0
1890,-0.857,-0.267,0.000,109.594,-0.675,-1.880,14.0
1891,-0.857,-0.267,0.000,109.588,-0.675,-1.880,14.0
1892,-0.857,-0.267,0.000,109.582,-0.675,-1.880,14.0
1893,-0.857,-0.267,0.000,109.576,-0.675,-1.880,14.0
1894,-0.857,-0.267,0.000,109.569,-0.675,-1.880,14.0
1895,-0.857,-0.267,0.000,109.563,-0.674,-1.881,14.0
1896,-0.857,-0.267,0.000,109.557,-0.674,-1.881,14.0
1897,-0.857,-0.267,0.000,109.551,-0.674,-1.881,14.0
1898,-0.857,-0.267,0.000,109.545,-0.674,-1.881,14.0
1899,-0.857,-0.267,0.000,109.539,-0.674,-1.881,14.0
1900,-0.857,-0.267,0.000,109.532,-0.673,-1.881,14.0
1901,-0.857,-0.267,0.000,109.526,-0.673,-1.881,14.0
1902,-0.857,-0.267,0.000,109.520,-0.673,-1.881,14.0
1903,-0.857,-0.267,0.000,109.514,-0.673,-1.881,14.0
1904,-0.857,-0.267,0.000,109.508,-0.673,-1.881,14.0
1905,-0.857,-0.267,0.000,109.502,-0.672,-1.881,14.0
1906,-0.857,-0.267,0.000,109.496,-0.672,-1.881,14.0
1907,-0.857,-0.267,0.000,109.490,-0.672,-1.881,14.0
1908,-0.857,-0.267,0.000,109.483,-0.672,-1.881,14.0
1909,-0.857,-0.267,0.000,109.477,-0.672,-1.882,14.0
1910,-0.857,-0.267,0.000,109.471,-0.671,-1.882,14.0
1911,-0.857,-0.267,0.000,109.465,-0.671,-1.882,14.0
1912,-0.857,-0.267,0.000,109.459,-0.671,-1.882,14.0
1913,-0.857,-0.267,0.000,109.453,-0.671,-1.882,14.0
1914,-0.857,-0.267,0.000,109.447,-0.671,-1.882,14.0
1915,-0.857,-0.267,0.000,109.441,-0.670,-1.882,14.0
1916,-0.857,-0.268,0.000,109.435,-0.670,-1.882,14.0
1917,-0.857,-0.268,0.000,109.429,-0.670,-1.882,14.0
1918,-0.857,-0.268,0.000,109.423,-0.670,-1.882,14.0
1919,-0.857,-0.268,0.000,109.417,-0.670,-1.882,14.0
1920,-0.857,-0.268,0.000,109.411,-0.669,-1.882,14.0
1921,-0.857,-0.268,0.000,109.405,-0.669,-1.882,14.0
1922,-0.857,-0.268,0.000,109.399,-0.669,-1.882,14.0
1923,-0.857,-0.268,0.000,109.393,-0.669,-1.883,14.0
1924,-0.857,-0.268,0.000,109.387,-0.669,-1.883,14.0
1925,-0.857,-0.268,0.000,109.381,-0.668,-1.883,14.0
1926,-0.857,-0.268,0.000,109.375,-0.668,-1.883,14.0
1927,-0.857,-0.268,0.000,109.369,-0.668,-1.883,14.0
1928,-0.857,-0.268,0.000,109.363,-0.668,-1.883,14.0
1929,-0.857,-0.268,0.000,109.357,-0.668,-1.883,14.0
1930,-0.857,-0.268,0.000,109.351,-0.667,-1.883,14.0
1931,-0.857,-0.268,0.000,109.345,-0.667,-1.883,14.0
1932,-0.857,-0.268,0.000,109.339,-0.667,-1.883,14.0
1933,-0.857,-0.268,0.000,109.333,-0.667,-1.883,14.0
1934,-0.857,-0.268,0.000,109.328,-0.667,-1.883,14.0
1935,-0.857,-0.268,0.000,109.322,-0.667,-1.883,14.0
1936,-0.857,-0.268,0.000,109.316,-0.666,-1.883,14.0
1937,-0.857,-0.268,0.000,109.310,-0.666,-1.883,14.0
1938,-0.857,-0.268,0.000,109.304,-0.666,-1.884,14.0
1939,-0.857,-0.268,0.000,109.298,-0.666,-1.884,14.0
1940,-0.857,-0.268,0.000,109.293,-0.666,-1.884,14.0
1941,-0.857,-0.268,0.000,109.287,-0.665,-1.884,14.0
1942,-0.857,-0.268,0.000,109.281,-0.665,-1.884,14.0
1943,-0.857,-0.268,0.000,109.275,-0.665,-1.884,14.0
1944,-0.857,-0.268,0.000,109.270,-0.665,-1.884,14.0
1945,-0.857,-0.268,0.000,109.264,-0.665,-1.884,14.0
1946,-0.857,-0.268,0.000,109.258,-0.664,-1.884,14.0
1947,-0.857,-0.268,0.000,109.253,-0.664,-1.884,14.0
1948,-0.857,-0.268,0.000,109.247,-0.664,-1.884,14.0
1949,-0.857,-0.268,0.000,109.241,-0.664,-1.884,14.0
1950,-0.857,-0.268,0.000,109.236,-0.664,-1.884,14.0
1951,-0.857,-0.268,0.000,109.230,-0.664,-1.884,14.0
1952,-0.857,-0.268,0.000,109.225,-0.663,-1.884,14.0
1953,-0.857,-0.268,0.000,109.219,-0.663,-1.885,14.0
1954,-0.857,-0.268,0.000,109.213,-0.663,-1.885,14.0
1955,-0.857,-0.268,0.000,109.208,-0.663,-1.885,14.0
1956,-0.857,-0.268,0.000,109.202,-0.663,-1.885,14.0
1957,-0.857,-0.268,0.000,109.197,-0.662,-1.885,14.0
1958,-0.857,-0.268,0.000,109.191,-0.662,-1.885,14.0
1959,-0.857,-0.268,0.000,109.186,-0.662,-1.885,14.0
1960,-0.857,-0.268,0.000,109.180,-0.662,-1.885,14.0
1961,-0.857,-0.268,0.000,109.175,-0.662,-1.885,14.0
1962,-0.857,-0.268,0.000,109.169,-0.662,-1.885,14.0
1963,-0.857,-0.268,0.000,109.164,-0.661,-1.885,14.0
1964,-0.857,-0.268,0.000,109.159,-0.661,-1.885,14.0
1965,-0.857,-0.268,0.000,109.153,-0.661,-1.885,14.0
1966,-0.857,-0.268,0.000,109.148,-0.661,-1.885,14.0
1967,-0.857,-0.268,0.000,109.143,-0.661,-1.885,14.0
1968,-0.857,-0.268,0.000,109.137,-0.660,-1.885,14.0
1969,-0.857,-0.268,0.000,109.132,-0.660,-1.886,14.0
1970,-0.857,-0.268,0.000,109.127,-0.660,-1.886,14.0
1971,-0.857,-0.268,0.000,109.121,-0.660,-1.886,14.0
1972,-0.857,-0.268,0.000,109.116,-0.660,-1.886,14.0
1973,-0.856,-0.268,0.000,109.111,-0.660,-1.886,14.0
1974,-0.856,-0.268,0.000,109.106,-0.659,-1.886,14.0
1975,-0.856,-0.268,0.000,109.101,-0.659,-1.886,14.0
1976,-0.856,-0.268,0.000,109.095,-0.659,-1.886,14.0
1977,-0.856,-0.268,0.000,109.090,-0.659,-1.886,14.0
1978,-0.856,-0.268,0.000,109.085,-0.659,-1.886,14.0
1979,-0.856,-0.268,0.000,109.080,-0.659,-1.886,14.0
1980,-0.856,-0.268,0.000,109.075,-0.658,-1.886,14.0
1981,-0.856,-0.268,0.000,109.070,-0.658,-1.886,14.0
1982,-0.856,-0.268,0.000,109.065,-0.658,-1.886,14.0
1983,-0.856,-0.268,0.000,109.060,-0.658,-1.886,14.0
1984,-0.856,-0.268,0.000,109.055,-0.658,-1.886,14.0
1985,-0.856,-0.268,0.000,109.050,-0.658,-1.887,14.0
1986,-0.856,-0.268,0.000,109.045,-0.657,-1.887,14.0
1987,-0.856,-0.268,0.000,109.040,-0.657,-1.887,14.0
1988,-0.856,-0.268,0.000,109.035,-0.657,-1.887,14.0
1989,-0.856,-0.268,0.000,109.030,-0.657,-1.887,14.0
1990,-0.856,-0.268,0.000,109.025,-0.657,-1.887,14.0
1991,-0.856,-0.268,0.000,109.020,-0.657,-1.887,14.0
1992,-0.856,-0.268,0.000,109.015,-0.656,-1.887,14.0
1993,-0.856,-0.268,0.000,109.010,-0.656,-1.887,14.0
1994,-0.856,-0.268,0.000,109.006,-0.656,-1.887,14.0
1995,-0.856,-0.268,0.000,109.001,-0.656,-1.887,14.0
1996,-0.856,-0.268,0.000,108.996,-0.656,-1.887,14.0
1997,-0.856,-0.268,0.000,108.991,-0.656,-1.887,14.0
1998,-0.856,-0.268,0.000,108.987,-0.655,-1.887,14.0
1999,-0.856,-0.268,0.000,108.982,-0.655,-1.887,14.0
2000,-0.856,-0.268,0.000,108.977,-0.655,-1.887,14.0
2001,-0.856,-0.268,0.000,108.973,-0.655,-1.887,14.0
2002,-0.856,-0.268,0.000,108.968,-0.655,-1.887,14.0
2003,-0.856,-0.268,0.000,108.963,-0.655,-1.887,14.0
2004,-0.856,-0.268,0.000,108.959,-0.655,-1.888,14.0
2005,-0.856,-0.268,0.000,108.954,-0.654,-1.888,14.0
2006,-0.856,-0.268,0.000,108.950,-0.654,-1.888,14.0
2007,-0.856,-0.268,0.000,108.945,-0.654,-1.888,14.0
2008,-0.856,-0.268,0.000,108.940,-0.654,-1.888,14.0
2009,-0.856,-0.268,0.000,108.936,-0.654,-1.888,14.0
2010,-0.856,-0.268,0.000,108.931,-0.654,-1.888,14.0
2011,-0.856,-0.268,0.000,108.927,-0.654,-1.888,14.0
2012,-0.856,-0.268,0.000,108.923,-0.653,-1.888,14.0
2013,-0.856,-0.268,0.000,108.918,-0.653,-1.888,14.0
2014,-0.856,-0.268,0.000,108.914,-0.653,-1.888,14.0
2015,-0.856,-0.268,0.000,108.909,-0.653,-1.888,14.0
2016,-0.856,-0.268,0.000,108.905,-0.653,-1.888,14.0
2017,-0.856,-0.268,0.000,108.901,-0.653,-1.888,14.0
2018,-0.856,-0.268,0.000,108.896,-0.653,-1.888,14.0
2019,-0.856,-0.268,0.000,108.892,-0.652,-1.888,14.0
2020,-0.856,-0.268,0.000,108.888,-0.652,-1.888,14.0
2021,-0.856,-0.268,0.000,108.884,-0.652,-1.888,14.0
2022,-0.856,-0.268,0.000,108.879,-0.652,-1.888,14.0
2023,-0.856,-0.268,0.000,108.875,-0.652,-1.888,14.0
2024,-0.856,-0.268,0.000,108.871,-0.652,-1.889,14.0
2025,-0.856,-0.268,0.000,108.867,-0.652,-1.889,14.0
2026,-0.856,-0.268,0.000,108.863,-0.651,-1.889,14.0
2027,-0.856,-0.268,0.000,108.858,-0.651,-1.889,14.0
2028,-0.856,-0.268,0.000,108.854,-0.651,-1.889,14.0
2029,-0.856,-0.268,0.000,108.850,-0.651,-1.889,14.0
2030,-0.856,-0.268,0.000,108.846,-0.651,-1.889,14.0
2031,-0.856,-0.268,0.000,108.842,-0.651,-1.889,14.0
2032,-0.856,-0.268,0.000,108.838,-0.651,-1.889,14.0
2033,-0.856,-0.268,0.000,108.834,-0.650,-1.889,14.0
2034,-0.856,-0.268,0.000,108.830,-0.650,-1.889,14.0
2035,-0.856,-0.268,0.000,108.826,-0.650,-1.889,14.0
2036,-0.856,-0.268,0.000,108.822,-0.650,-1.889,14.0
2037,-0.856,-0.268,0.000,108.818,-0.650,-1.889,14.0
2038,-0.856,-0.268,0.000,108.815,-0.650,-1.889,14.0
2039,-0.856,-0.268,0.000,108.811,-0.650,-1.889,14.0
2040,-0.856,-0.268,0.000,108.807,-0.650,-1.889,14.0
2041,-0.856,-0.268,0.000,108.803,-0.649,-1.889,14.0
2042,-0.856,-0.268,0.000,108.799,-0.649,-1.889,14.0
2043,-0.856,-0.268,0.000,108.795,-0.649,-1.889,14.0
2044,-0.856,-0.268,0.000,108.792,-0.649,-1.889,14.0
2045,-0.856,-0.268,0.000,108.788,-0.649,-1.889,14.0
2046,-0.856,-0.268,0.000,108.784,-0.649,-1.890,14.0
2047,-0.856,-0.268,0.000,108.780,-0.649,-1.890,14.0
2048,-0.856,-0.268,0.000,108.777,-0.649,-1.890,14.0
2049,-0.856,-0.268,0.000,108.773,-0.648,-1.890,14.0
2050,-0.856,-0.268,0.000,108.769,-0.648,-1.890,14.0
2051,-0.856,-0.268,0.000,108.766,-0.648,-1.890,14.0
2052,-0.856,-0.268,0.000,108.762,-0.648,-1.890,14.0
2053,-0.856,-0.268,0.000,108.759,-0.648,-1.890,14.0
2054,-0.856,-0.268,0.000,108.755,-0.648,-1.890,14.0
2055,-0.856,-0.268,0.000,108.752,-0.648,-1.890,14.0
2056,-0.856,-0.268,0.000,108.748,-0.648,-1.890,14.0
2057,-0.856,-0.268,0.000,108.745,-0.648,-1.890,14.0
2058,-0.856,-0.268,0.000,108.741,-0.647,-1.890,14.0
2059,-0.856,-0.269,0.000,108.738,-0.647,-1.890,14.0
2060,-0.856,-0.269,0.000,108.734,-0.647,-1.890,14.0
2061,-0.856,-0.269,0.000,108.731,-0.647,-1.890,14.0
2062,-0.856,-0.269,0.000,108.727,-0.647,-1.890,14.0
2063,-0.856,-0.269,0.000,108.724,-0.647,-1.890,14.0
2064,-0.856,-0.269,0.000,108.721,-0.647,-1.890,14.0
2065,-0.856,-0.269,0.000,108.717,-0.647,-1.890,14.0
2066,-0.856,-0.269,0.000,108.714,-0.647,-1.890,14.0
2067,-0.856,-0.269,0.000,108.711,-0.646,-1.890,14.0
2068,-0.856,-0.269,0.000,108.707,-0.646,-1.890,14.0
2069,-0.856,-0.269,0.000,108.704,-0.646,-1.890,14.0
2070,-0.856,-0.269,0.000,108.701,-0.646,-1.890,14.0
2071,-0.856,-0.269,0.000,108.698,-0.646,-1.891,14.0
2072,-0.856,-0.269,0.000,108.695,-0.646,-1.891,14.0
2073,-0.856,-0.269,0.000,108.691,-0.646,-1.891,14.0
2074,-0.856,-0.269,0.000,108.688,-0.646,-1.891,14.0
2075,-0.856,-0.269,0.000,108.685,-0.646,-1.891,14.0
2076,-0.856,-0.269,0.000,108.682,-0.645,-1.891,14.0
2077,-0.856,-0.269,0.000,108.679,-0.645,-1.891,14.0
2078,-0.856,-0.269,0.000,108.676,-0.645,-1.891,14.0
2079,-0.856,-0.269,0.000,108.673,-0.645,-1.891,14.0
2080,-0.856,-0.269,0.000,108.670,-0.645,-1.891,14.0
2081,-0.856,-0.269,0.000,108.667,-0.645,-1.891,14.0
2082,-0.856,-0.269,0.000,108.664,-0.645,-1.891,14.0
2083,-0.856,-0.269,0.000,108.661,-0.645,-1.891,14.0
2084,-0.856,-0.269,0.000,108.658,-0.645,-1.891,14.0
2085,-0.856,-0.269,0.000,108.655,-0.645,-1.891,14.0
2086,-0.856,-0.269,0.000,108.652,-0.644,-1.891,14.0
2087,-0.856,-0.269,0.000,108.649,-0.644,-1.891,14.0
2088,-0.856,-0.269,0.000,108.646,-0.644,-1.891,14.0
2089,-0.856,-0.269,0.000,108.643,-0.644,-1.891,14.0
2090,-0.856,-0.269,0.000,108.640,-0.644,-1.891,14.0
2091,-0.856,-0.269,0.000,108.638,-0.644,-1.891,14.0
2092,-0.856,-0.269,0.000,108.635,-0.644,-1.891,14.0
2093,-0.856,-0.269,0.000,108.632,-0.644,-1.891,14.0
2094,-0.856,-0.269,0.000,108.629,-0.644,-1.891,14.0
2095,-0.856,-0.269,0.000,108.626,-0.644,-1.891,14.0
2096,-0.856,-0.269,0.000,108.624,-0.644,-1.891,14.0
2097,-0.856,-0.269,0.000,108.621,-0.643,-1.891,14.0
2098,-0.856,-0.269,0.000,108.618,-0.643,-1.891,14.0
2099,-0.856,-0.269,0.000,108.616,-0.643,-1.891,14.0
2100,-0.856,-0.269,0.000,108.613,-0.643,-1.891,14.0
2101,-0.856,-0.269,0.000,108.610,-0.643,-1.891,14.0
2102,-0.856,-0.269,0.000,108.608,-0.643,-1.892,14.0
2103,-0.856,-0.269,0.000,108.605,-0.643,-1.892,14.0
2104,-0.856,-0.269,0.000,108.602,-0.643,-1.892,14.0
2105,-0.856,-0.269,0.000,108.600,-0.643,-1.892,14.0
2106,-0.856,-0.269,0.000,108.597,-0.643,-1.892,14.0
2107,-0.856,-0.269,0.000,108.595,-0.643,-1.892,14.0
2108,-0.856,-0.269,0.000,108.592,-0.642,-1.892,14.0
2109,-0.856,-0.269,0.000,108.590,-0.642,-1.892,14.0
2110,-0.856,-0.269,0.000,108.587,-0.642,-1.892,14.0
2111,-0.856,-0.269,0.000,108.585,-0.642,-1.892,14.0
2112,-0.856,-0.269,0.000,108.582,-0.642,-1.892,14.0
2113,-0.856,-0.269,0.000,108.580,-0.642,-1.892,14.0
2114,-0.856,-0.269,0.000,108.578,-0.642,-1.892,14.0
2115,-0.856,-0.269,0.000,108.575,-0.642,-1.892,14.0
2116,-0.856,-0.269,0.000,108.573,-0.642,-1.892,14.0
2117,-0.856,-0.269,0.000,108.570,-0.642,-1.892,14.0
2118,-0.856,-0.269,0.000,108.568,-0.642,-1.892,14.0
2119,-0.856,-0.269,0.000,108.566,-0.642,-1.892,14.0
2120,-0.856,-0.269,0.000,108.563,-0.642,-1.892,14.0
2121,-0.856,-0.269,0.000,108.561,-0.641,-1.892,14.0
2122,-0.856,-0.269,0.000,108.559,-0.641,-1.892,14.0
2123,-0.856,-0.269,0.000,108.557,-0.641,-1.892,14.0
2124,-0.856,-0.269,0.000,108.554,-0.641,-1.892,14.0
2125,-0.856,-0.269,0.000,108.552,-0.641,-1.892,14.0
2126,-0.856,-0.269,0.000,108.550,-0.641,-1.892,14.0
2127,-0.856,-0.269,0.000,108.548,-0.641,-1.892,14.0
2128,-0.856,-0.269,0.000,108.546,-0.641,-1.892,14.0
2129,-0.856,-0.269,0.000,108.543,-0.641,-1.892,14.0
2130,-0.856,-0.269,0.000,108.541,-0.641,-1.892,14.0
2131,-0.856,-0.269,0.000,108.539,-0.641,-1.892,14.0
2132,-0.856,-0.269,0.000,108.537,-0.641,-1.892,14.0
2133,-0.856,-0.269,0.000,108.535,-0.641,-1.892,14.0
2134,-0.856,-0.269,0.000,108.533,-0.641,-1.892,14.0
2135,-0.856,-0.269,0.000,108.531,-0.640,-1.892,14.0
2136,-0.856,-0.269,0.000,108.529,-0.640,-1.892,14.0
2137,-0.856,-0.269,0.000,108.527,-0.640,-1.892,14.0
2138,-0.856,-0.269,0.000,108.525,-0.640,-1.892,14.0
2139,-0.856,-0.269,0.000,108.523,-0.640,-1.892,14.0
2140,-0.856,-0.269,0.000,108.521,-0.640,-1.892,14.0
2141,-0.856,-0.269,0.000,108.519,-0.640,-1.893,14.0
2142,-0.856,-0.269,0.000,108.517,-0.640,-1.893,14.0
2143,-0.856,-0.269,0.000,108.515,-0.640,-1.893,14.0
2144,-0.856,-0.269,0.000,108.513,-0.640,-1.893,14.0
2145,-0.856,-0.269,0.000,108.511,-0.640,-1.893,14.0
2146,-0.856,-0.269,0.000,108.509,-0.640,-1.893,14.0
2147,-0.856,-0.269,0.000,108.507,-0.640,-1.893,14.0
2148,-0.856,-0.269,0.000,108.505,-0.640,-1.893,14.0
2149,-0.856,-0.269,0.000,108.503,-0.640,-1.893,14.0
2150,-0.856,-0.269,0.000,108.502,-0.639,-1.893,14.0
2151,-0.856,-0.269,0.000,108.500,-0.639,-1.893,14.0
2152,-0.856,-0.269,0.000,108.498,-0.639,-1.893,14.0
2153,-0.856,-0.269,0.000,108.496,-0.639,-1.893,14.0
2154,-0.856,-0.269,0.000,108.494,-0.639,-1.893,14.0
2155,-0.856,-0.269,0.000,108.493,-0.639,-1.893,14.0
2156,-0.856,-0.269,0.000,108.491,-0.639,-1.893,14.0
2157,-0.856,-0.269,0.000,108.489,-0.639,-1.893,14.0
2158,-0.856,-0.269,0.000,108.487,-0.639,-1.893,14.0
2159,-0.856,-0.269,0.000,108.486,-0.639,-1.893,14.0
2160,-0.856,-0.269,0.000,108.484,-0.639,-1.893,14.0
2161,-0.856,-0.269,0.000,108.482,-0.639,-1.893,14.0
2162,-0.856,-0.269,0.000,108.481,-0.639,-1.893,14.0
2163,-0.856,-0.269,0.000,108.479,-0.639,-1.893,14.0
2164,-0.856,-0.269,0.000,108.477,-0.639,-1.893,14.0
2165,-0.856,-0.269,0.000,108.476,-0.639,-1.893,14.0
2166,-0.856,-0.269,0.000,108.474,-0.639,-1.893,14.0
2167,-0.856,-0.269,0.000,108.472,-0.639,-1.893,14.0
2168,-0.856,-0.269,0.000,108.471,-0.638,-1.893,14.0
2169,-0.856,-0.269,0.000,108.469,-0.638,-1.893,14.0
2170,-0.856,-0.269,0.000,108.468,-0.638,-1.893,14.0
2171,-0.856,-0.269,0.000,108.466,-0.638,-1.893,14.0
2172,-0.856,-0.269,0.000,108.465,-0.638,-1.893,14.0
2173,-0.856,-0.269,0.000,108.463,-0.638,-1.893,14.0
2174,-0.856,-0.269,0.000,108.461,-0.638,-1.893,14.0
2175,-0.856,-0.269,0.000,108.460,-0.638,-1.893,14.0
2176,-0.856,-0.269,0.000,108.459,-0.638,-1.893,14.0
2177,-0.856,-0.269,0.000,108.457,-0.638,-1.893,14.0
2178,-0.856,-0.269,0.000,108.456,-0.638,-1.893,14.0
2179,-0.856,-0.269,0.000,108.454,-0.638,-1.893,14.0
2180,-0.856,-0.269,0.000,108.453,-0.638,-1.893,14.0
2181,-0.856,-0.269,0.000,108.451,-0.638,-1.893,14.0
2182,-0.856,-0.269,0.000,108.450,-0.638,-1.893,14.0
2183,-0.856,-0.269,0.000,108.448,-0.638,-1.893,14.0
2184,-0.856,-0.269,0.000,108.447,-0.638,-1.893,14.0
2185,-0.856,-0.269,0.000,108.446,-0.638,-1.893,14.0
2186,-0.856,-0.269,0.000,108.444,-0.638,-1.893,14.0
2187,-0.856,-0.269,0.000,108.443,-0.638,-1.893,14.0
2188,-0.856,-0.269,0.000,108.442,-0.638,-1.893,14.0
2189,-0.856,-0.269,0.000,108.440,-0.637,-1.893,14.0
2190,-0.856,-0.269,0.000,108.439,-0.637,-1.893,14.0
2191,-0.856,-0.269,0.000,108.438,-0.637,-1.893,14.0
2192,-0.856,-0.269,0.000,108.436,-0.637,-1.893,14.0
2193,-0.856,-0.269,0.000,108.435,-0.637,-1.893,14.0
2194,-0.856,-0.269,0.000,108.434,-0.637,-1.893,14.0
2195,-0.856,-0.269,0.000,108.432,-0.637,-1.893,14.0
2196,-0.856,-0.269,0.000,108.431,-0.637,-1.893,14.0
2197,-0.856,-0.269,0.000,108.430,-0.637,-1.894,14.0
2198,-0.856,-0.269,0.000,108.429,-0.637,-1.894,14.0
2199,-0.856,-0.269,0.000,108.428,-0.637,-1.894,14.0
2200,-0.856,-0.269,0.000,108.426,-0.637,-1.894,14.0
2201,-0.856,-0.269,0.000,108.425,-0.637,-1.894,14.0
2202,-0.856,-0.269,0.000,108.424,-0.637,-1.894,14.0
2203,-0.856,-0.269,0.000,108.423,-0.637,-1.894,14.0
2204,-0.856,-0.269,0.000,108.422,-0.637,-1.894,14.0
2205,-0.856,-0.269,0.000,108.420,-0.637,-1.894,14.0
2206,-0.856,-0.269,0.000,108.419,-0.637,-1.894,14.0
2207,-0.856,-0.269,0.000,108.418,-0.637,-1.894,14.0
2208,-0.856,-0.269,0.000,108.417,-0.637,-1.894,14.0
2209,-0.856,-0.269,0.000,108.416,-0.637,-1.894,14.0
2210,-0.856,-0.269,0.000,108.415,-0.637,-1.894,14.0
2211,-0.856,-0.269,0.000,108.414,-0.637,-1.894,14.0
2212,-0.856,-0.269,0.000,108.413,-0.637,-1.894,14.0
2213,-0.856,-0.269,0.000,108.411,-0.637,-1.894,14.0
2214,-0.856,-0.269,0.000,108.410,-0.636,-1.894,14.0
2215,-0.856,-0.269,0.000,108.409,-0.636,-1.894,14.0
2216,-0.856,-0.269,0.000,108.408,-0.636,-1.894,14.0
2217,-0.856,-0.269,0.000,108.407,-0.636,-1.894,14.0
2218,-0.856,-0.269,0.000,108.406,-0.636,-1.894,14.0
2219,-0.856,-0.269,0.000,108.405,-0.636,-1.894,14.0
2220,-0.856,-0.269,0.000,108.404,-0.636,-1.894,14.0
2221,-0.856,-0.269,0.000,108.403,-0.636,-1.894,14.0
2222,-0.856,-0.269,0.000,108.402,-0.636,-1.894,14.0
2223,-0.856,-0.269,0.000,108.401,-0.636,-1.894,14.0
2224,-0.856,-0.269,0.000,108.400,-0.636,-1.894,14.0
2225,-0.856,-0.269,0.000,108.399,-0.636,-1.894,14.0
2226,-0.856,-0.269,0.000,108.398,-0.636,-1.894,14.0
2227,-0.856,-0.269,0.000,108.397,-0.636,-1.894,14.0
2228,-0.856,-0.269,0.000,108.396,-0.636,-1.894,14.0
2229,-0.856,-0.269,0.000,108.395,-0.636,-1.894,14.0
2230,-0.856,-0.269,0.000,108.395,-0.636,-1.894,14.0
2231,-0.856,-0.269,0.000,108.394,-0.636,-1.894,14.0
2232,-0.856,-0.269,0.000,108.393,-0.636,-1.894,14.0
2233,-0.856,-0.269,0.000,108.392,-0.636,-1.894,14.0
2234,-0.856,-0.269,0.000,108.391,-0.636,-1.894,14.0
2235,-0.856,-0.269,0.000,108.390,-0.636,-1.894,14.0
2236,-0.856,-0.269,0.000,108.389,-0.636,-1.894,14.0
2237,-0.856,-0.269,0.000,108.388,-0.636,-1.894,14.0
2238,-0.856,-0.269,0.000,108.387,-0.636,-1.894,14.0
2239,-0.856,-0.269,0.000,108.387,-0.636,-1.894,14.0
2240,-0.856,-0.269,0.000,108.386,-0.636,-1.894,14.0
2241,-0.856,-0.269,0.000,108.385,-0.636,-1.894,14.0
2242,-0.856,-0.269,0.000,108.384,-0.636,-1.894,14.0
2243,-0.856,-0.269,0.000,108.383,-0.636,-1.894,14.0
2244,-0.856,-0.269,0.000,108.383,-0.636,-1.894,14.0
2245,-0.856,-0.269,0.000,108.382,-0.636,-1.894,14.0
2246,-0.856,-0.269,0.000,108.381,-0.635,-1.894,14.0
2247,-0.856,-0.269,0.000,108.380,-0.635,-1.894,14.0
2248,-0.856,-0.269,0.000,108.379,-0.635,-1.894,14.0
2249,-0.856,-0.269,0.000,108.379,-0.635,-1.894,14.0
2250,-0.856,-0.269,0.000,108.378,-0.635,-1.894,14.0
2251,-0.856,-0.269,0.000,108.377,-0.635,-1.894,14.0
2252,-0.856,-0.269,0.000,108.376,-0.635,-1.894,14.0
2253,-0.856,-0.269,0.000,108.376,-0.635,-1.894,14.0
2254,-0.856,-0.269,0.000,108.375,-0.635,-1.894,14.0
2255,-0.856,-0.269,0.000,108.374,-0.635,-1.894,14.0
2256,-0.856,-0.269,0.000,108.373,-0.635,-1.894,14.0
2257,-0.856,-0.269,0.000,108.373,-0.635,-1.894,14.0
2258,-0.856,-0.269,0.000,108.372,-0.635,-1.894,14.0
2259,-0.856,-0.269,0.000,108.371,-0.635,-1.894,14.0
2260,-0.856,-0.269,0.000,108.371,-0.635,-1.894,14.0
2261,-0.856,-0.269,0.000,108.370,-0.635,-1.894,14.0
2262,-0.856,-0.269,0.000,108.369,-0.635,-1.894,14.0
2263,-0.856,-0.269,0.000,108.369,-0.635,-1.894,14.0
2264,-0.856,-0.269,0.000,108.368,-0.635,-1.894,14.0
2265,-0.856,-0.269,0.000,108.367,-0.635,-1.894,14.0
2266,-0.856,-0.269,0.000,108.367,-0.635,-1.894,14.0
2267,-0.856,-0.269,0.000,108.366,-0.635,-1.894,14.0
2268,-0.856,-0.269,0.000,108.365,-0.635,-1.894,14.0
2269,-0.856,-0.269,0.000,108.365,-0.635,-1.894,14.0
2270,-0.856,-0.269,0.000,108.364,-0.635,-1.894,14.0
2271,-0.856,-0.269,0.000,108.363,-0.635,-1.894,14.0
2272,-0.856,-0.269,0.000,108.363,-0.635,-1.894,14.0
2273,-0.856,-0.269,0.000,108.362,-0.635,-1.894,14.0
2274,-0.856,-0.269,0.000,108.362,-0.635,-1.894,14.0
2275,-0.856,-0.269,0.000,108.361,-0.635,-1.894,14.0
2276,-0.856,-0.269,0.000,108.360,-0.635,-1.894,14.0
2277,-0.856,-0.269,0.000,108.360,-0.635,-1.894,14.0
2278,-0.856,-0.269,0.000,108.359,-0.635,-1.894,14.0
2279,-0.856,-0.269,0.000,108.359,-0.635,-1.894,14.0
2280,-0.856,-0.269,0.000,108.358,-0.635,-1.894,14.0
2281,-0.856,-0.269,0.000,108.358,-0.635,-1.894,14.0
2282,-0.856,-0.269,0.000,108.357,-0.635,-1.894,14.0
2283,-0.856,-0.269,0.000,108.356,-0.635,-1.894,14.0
2284,-0.856,-0.269,0.000,108.356,-0.635,-1.894,14.0
2285,-0.856,-0.269,0.000,108.355,-0.635,-1.894,14.0
2286,-0.856,-0.269,0.000,108.355,-0.635,-1.894,14.0
2287,-0.856,-0.269,0.000,108.354,-0.635,-1.894,14.0
2288,-0.856,-0.269,0.000,108.354,-0.635,-1.894,14.0
2289,-0.856,-0.269,0.000,108.353,-0.635,-1.894,14.0
2290,-0.856,-0.269,0.000,108.353,-0.635,-1.894,14.0
2291,-0.856,-0.269,0.000,108.352,-0.635,-1.894,14.0
2292,-0.856,-0.269,0.000,108.352,-0.635,-1.894,14.0
2293,-0.856,-0.269,0.000,108.351,-0.635,-1.894,14.0
2294,-0.856,-0.269,0.000,108.351,-0.635,-1.894,14.0
2295,-0.856,-0.269,0.000,108.350,-0.634,-1.894,14.0
2296,-0.856,-0.269,0.000,108.350,-0.634,-1.894,14.0
2297,-0.856,-0.269,0.000,108.349,-0.634,-1.894,14.0
2298,-0.856,-0.269,0.000,108.349,-0.634,-1.894,14.0
2299,-0.856,-0.269,0.000,108.348,-0.634,-1.894,14.0
2300,-0.856,-0.269,0.000,108.348,-0.634,-1.894,14.0
2301,-0.856,-0.269,0.000,108.347,-0.634,-1.894,14.0
2302,-0.856,-0.269,0.000,108.347,-0.634,-1.894,14.0
2303,-0.856,-0.269,0.000,108.347,-0.634,-1.894,14.0
2304,-0.856,-0.269,0.000,108.346,-0.634,-1.894,14.0
2305,-0.856,-0.269,0.000,108.346,-0.634,-1.894,14.0
2306,-0.856,-0.269,0.000,108.345,-0.634,-1.894,14.0
2307,-0.856,-0.269,0.000,108.345,-0.634,-1.894,14.0
2308,-0.856,-0.269,0.000,108.344,-0.634,-1.894,14.0
2309,-0.856,-0.269,0.000,108.344,-0.634,-1.894,14.0
2310,-0.856,-0.269,0.000,108.344,-0.634,-1.894,14.0
2311,-0.856,-0.269,0.000,108.343,-0.634,-1.894,14.0
2312,-0.856,-0.269,0.000,108.343,-0.634,-1.894,14.0
2313,-0.856,-0.269,0.000,108.342,-0.634,-1.894,14.0
2314,-0.856,-0.269,0.000,108.342,-0.634,-1.894,14.0
2315,-0.856,-0.269,0.000,108.342,-0.634,-1.894,14.0
2316,-0.856,-0.269,0.000,108.341,-0.634,-1.894,14.0
2317,-0.856,-0.269,0.000,108.341,-0.634,-1.894,14.0
2318,-0.856,-0.269,0.000,108.340,-0.634,-1.894,14.0
2319,-0.856,-0.269,0.000,108.340,-0.634,-1.895,14.0
2320,-0.856,-0.269,0.000,108.340,-0.634,-1.895,14.0
2321,-0.856,-0.269,0.000,108.339,-0.634,-1.895,14.0
2322,-0.856,-0.269,0.000,108.339,-0.634,-1.895,14.0
2323,-0.856,-0.269,0.000,108.339,-0.634,-1.895,14.0
2324,-0.856,-0.269,0.000,108.338,-0.634,-1.895,14.0
2325,-0.856,-0.269,0.000,108.338,-0.634,-1.895,14.0
2326,-0.856,-0.269,0.000,108.337,-0.634,-1.895,14.0
2327,-0.856,-0.269,0.000,108.337,-0.634,-1.895,14.0
2328,-0.856,-0.269,0.000,108.337,-0.634,-1.895,14.0
2329,-0.856,-0.269,0.000,108.336,-0.634,-1.895,14.0
2330,-0.856,-0.269,0.000,108.336,-0.634,-1.895,14.0
2331,-0.856,-0.269,0.000,108.336,-0.634,-1.895,14.0
2332,-0.856,-0.269,0.000,108.335,-0.634,-1.895,14.0
2333,-0.856,-0.269,0.000,108.335,-0.634,-1.895,14.0
2334,-0.856,-0.269,0.000,108.335,-0.634,-1.895,14.0
2335,-0.856,-0.269,0.000,108.334,-0.634,-1.895,14.0
2336,-0.856,-0.269,0.000,108.334,-0.634,-1.895,14.0
2337,-0.856,-0.269,0.000,108.334,-0.634,-1.895,14.0
2338,-0.856,-0.269,0.000,108.333,-0.634,-1.895,14.0
2339,-0.856,-0.269,0.000,108.333,-0.634,-1.895,14.0
2340,-0.856,-0.269,0.000,108.333,-0.634,-1.895,14.0
2341,-0.856,-0.269,0.000,108.333,-0.634,-1.895,14.0
2342,-0.856,-0.269,0.000,108.332,-0.634,-1.895,14.0
2343,-0.856,-0.269,0.000,108.332,-0.634,-1.895,14.0
2344,-0.856,-0.269,0.000,108.332,-0.634,-1.895,14.0
2345,-0.856,-0.269,0.000,108.331,-0.634,-1.895,14.0
2346,-0.856,-0.269,0.000,108.331,-0.634,-1.895,14.0
2347,-0.856,-0.269,0.000,108.331,-0.634,-1.895,14.0
2348,-0.856,-0.269,0.000,108.330,-0.634,-1.895,14.0
2349,-0.856,-0.269,0.000,108.330,-0.634,-1.895,14.0
2350,-0.856,-0.269,0.000,108.330,-0.634,-1.895,14.0
2351,-0.856,-0.269,0.000,108.330,-0.634,-1.895,14.0
2352,-0.856,-0.269,0.000,108.329,-0.634,-1.895,14.0
2353,-0.856,-0.269,0.000,108.329,-0.634,-1.895,14.0
2354,-0.856,-0.269,0.000,108.329,-0.634,-1.895,14.0
2355,-0.856,-0.269,0.000,108.329,-0.634,-1.895,14.0
2356,-0.856,-0.269,0.000,108.328,-0.634,-1.895,14.0
2357,-0.856,-0.269,0.000,108.328,-0.634,-1.895,14.0
2358,-0.856,-0.269,0.000,108.328,-0.634,-1.895,14.0
2359,-0.856,-0.269,0.000,108.328,-0.634,-1.895,14.0
2360,-0.856,-0.269,0.000,108.327,-0.634,-1.895,14.0
2361,-0.856,-0.269,0.000,108.327,-0.634,-1.895,14.0
2362,-0.856,-0.269,0.000,108.327,-0.634,-1.895,14.0
2363,-0.856,-0.269,0.000,108.327,-0.634,-1.895,14.0
2364,-0.856,-0.269,0.000,108.326,-0.634,-1.895,14.0
2365,-0.856,-0.269,0.000,108.326,-0.634,-1.895,14.0
2366,-0.856,-0.269,0.000,108.326,-0.634,-1.895,14.0
2367,-0.856,-0.269,0.000,108.326,-0.634,-1.895,14.0
2368,-0.856,-0.269,0.000,108.325,-0.634,-1.895,14.0
2369,-0.856,-0.269,0.000,108.325,-0.634,-1.895,14.0
2370,-0.856,-0.269,0.000,108.325,-0.634,-1.895,14.0
2371,-0.856,-0.269,0.000,108.325,-0.634,-1.895,14.0
2372,-0.856,-0.269,0.000,108.324,-0.634,-1.895,14.0
2373,-0.856,-0.269,0.000,108.324,-0.634,-1.895,14.0
2374,-0.856,-0.269,0.000,108.324,-0.634,-1.895,14.0
2375,-0.856,-0.269,0.000,108.324,-0.634,-1.895,14.0
2376,-0.856,-0.269,0.000,108.324,-0.634,-1.895,14.0
2377,-0.856,-0.269,0.000,108.323,-0.634,-1.895,14.0
2378,-0.856,-0.269,0.000,108.323,-0.634,-1.895,14.0
2379,-0.856,-0.269,0.000,108.323,-0.634,-1.895,14.0
2380,-0.856,-0.269,0.000,108.323,-0.634,-1.895,14.0
2381,-0.856,-0.269,0.000,108.323,-0.634,-1.895,14.0
2382,-0.856,-0.269,0.000,108.322,-0.634,-1.895,14.0
2383,-0.856,-0.269,0.000,108.322,-0.634,-1.895,14.0
2384,-0.856,-0.269,0.000,108.322,-0.634,-1.895,14.0
2385,-0.856,-0.269,0.000,108.322,-0.634,-1.895,14.0
2386,-0.856,-0.269,0.000,108.322,-0.634,-1.895,14.0
2387,-0.856,-0.269,0.000,108.321,-0.634,-1.895,14.0
2388,-0.856,-0.269,0.000,108.321,-0.634,-1.895,14.0
2389,-0.856,-0.269,0.000,108.321,-0.634,-1.895,14.0
2390,-0.856,-0.269,0.000,108.321,-0.634,-1.895,14.0
2391,-0.856,-0.269,0.000,108.321,-0.634,-1.895,14.0
2392,-0.856,-0.269,0.000,108.320,-0.633,-1.895,14.0
2393,-0.856,-0.269,0.000,108.320,-0.633,-1.895,14.0
2394,-0.856,-0.269,0.000,108.320,-0.633,-1.895,14.0
2395,-0.856,-0.269,0.000,108.320,-0.633,-1.895,14.0
2396,-0.856,-0.269,0.000,108.320,-0.633,-1.895,14.0
2397,-0.856,-0.269,0.000,108.320,-0.633,-1.895,14.0
2398,-0.856,-0.269,0.000,108.319,-0.633,-1.895,14.0
2399,-0.856,-0.269,0.000,108.319,-0.633,-1.895,14.0
2400,-0.856,-0.269,0.000,108.319,-0.633,-1.895,14.0
2401,-0.856,-0.269,0.000,108.319,-0.633,-1.895,14.0
2402,-0.856,-0.269,0.000,108.319,-0.633,-1.895,14.0
2403,-0.856,-0.269,0.000,108.319,-0.633,-1.895,14.0
2404,-0.856,-0.269,0.000,108.318,-0.633,-1.895,14.0
2405,-0.856,-0.269,0.000,108.318,-0.633,-1.895,14.0
2406,-0.856,-0.269,0.000,108.318,-0.633,-1.895,14.0
2407,-0.856,-0.269,0.000,108.318,-0.633,-1.895,14.0
2408,-0.856,-0.269,0.000,108.318,-0.633,-1.895,14.0
2409,-0.856,-0.269,0.000,108.318,-0.633,-1.895,14.0
2410,-0.856,-0.269,0.000,108.317,-0.633,-1.895,14.0
2411,-0.856,-0.269,0.000,108.317,-0.633,-1.895,14.0
2412,-0.856,-0.269,0.000,108.317,-0.633,-1.895,14.0
2413,-0.856,-0.269,0.000,108.317,-0.633,-1.895,14.0
2414,-0.856,-0.269,0.000,108.317,-0.633,-1.895,14.0
2415,-0.856,-0.269,0.000,108.317,-0.633,-1.895,14.0
2416,-0.856,-0.269,0.000,108.316,-0.633,-1.895,14.0
2417,-0.856,-0.269,0.000,108.316,-0.633,-1.895,14.0
2418,-0.856,-0.269,0.000,108.316,-0.633,-1.895,14.0
2419,-0.856,-0.269,0.000,108.316,-0.633,-1.895,14.0
2420,-0.856,-0.269,0.000,108.316,-0.633,-1.895,14.0
2421,-0.856,-0.269,0.000,108.316,-0.633,-1.895,14.0
2422,-0.856,-0.269,0.000,108.316,-0.633,-1.895,14.0
2423,-0.856,-0.269,0.000,108.315,-0.633,-1.895,14.0
2424,-0.856,-0.269,0.000,108.315,-0.633,-1.895,14.0
2425,-0.856,-0.269,0.000,108.315,-0.633,-1.895,14.0
2426,-0.856,-0.269,0.000,108.315,-0.633,-1.895,14.0
2427,-0.856,-0.269,0.000,108.315,-0.633,-1.895,14.0
2428,-0.856,-0.269,0.000,108.315,-0.633,-1.895,14.0
2429,-0.856,-0.269,0.000,108.315,-0.633,-1.895,14.0
2430,-0.856,-0.269,0.000,108.315,-0.633,-1.895,14.0
2431,-0.856,-0.269,0.000,108.314,-0.633,-1.895,14.0
2432,-0.856,-0.269,0.000,108.314,-0.633,-1.895,14.0
2433,-0.856,-0.269,0.000,108.314,-0.633,-1.895,14.0
2434,-0.856,-0.269,0.000,108.314,-0.633,-1.895,14.0
2435,-0.856,-0.269,0.000,108.314,-0.633,-1.895,14.0
2436,-0.856,-0.269,0.000,108.314,-0.633,-1.895,14.0
2437,-0.856,-0.269,0.000,108.314,-0.633,-1.895,14.0
2438,-0.856,-0.269,0.000,108.313,-0.633,-1.895,14.0
2439,-0.856,-0.269,0.000,108.313,-0.633,-1.895,14.0
2440,-0.856,-0.269,0.000,108.313,-0.633,-1.895,14.0
2441,-0.856,-0.269,0.000,108.313,-0.633,-1.895,14.0
2442,-0.856,-0.269,0.000,108.313,-0.633,-1.895,14.0
2443,-0.856,-0.269,0.000,108.313,-0.633,-1.895,14.0
2444,-0.856,-0.269,0.000,108.313,-0.633,-1.895,14.0
2445,-0.856,-0.269,0.000,108.313,-0.633,-1.895,14.0
2446,-0.856,-0.269,0.000,108.312,-0.633,-1.895,14.0
2447,-0.856,-0.269,0.000,108.312,-0.633,-1.895,14.0
2448,-0.856,-0.269,0.000,108.312,-0.633,-1.895,14.0
2449,-0.856,-0.269,0.000,108.312,-0.633,-1.895,14.0
2450,-0.856,-0.269,0.000,108.312,-0.633,-1.895,14.0
2451,-0.856,-0.269,0.000,108.312,-0.633,-1.895,14.0
2452,-0.856,-0.269,0.000,108.312,-0.633,-1.895,14.0
2453,-0.856,-0.269,0.000,108.312,-0.633,-1.895,14.0
2454,-0.856,-0.269,0.000,108.312,-0.633,-1.895,14.0
2455,-0.856,-0.269,0.000,108.311,-0.633,-1.895,14.0
2456,-0.856,-0.269,0.000,108.311,-0.633,-1.895,14.0
2457,-0.856,-0.269,0.000,108.311,-0.633,-1.895,14.0
2458,-0.856,-0.269,0.000,108.311,-0.633,-1.895,14.0
2459,-0.856,-0.269,0.000,108.311,-0.633,-1.895,14.0
2460,-0.856,-0.269,0.000,108.311,-0.633,-1.895,14.0
2461,-0.856,-0.269,0.000,108.311,-0.633,-1.895,14.0
2462,-0.856,-0.269,0.000,108.311,-0.633,-1.895,14.0
2463,-0.856,-0.269,0.000,108.311,-0.633,-1.895,14.0
2464,-0.856,-0.269,0.000,108.310,-0.633,-1.895,14.0
2465,-0.856,-0.269,0.000,108.310,-0.633,-1.895,14.0
2466,-0.856,-0.269,0.000,108.310,-0.633,-1.895,14.0
2467,-0.856,-0.269,0.000,108.310,-0.633,-1.895,14.0
2468,-0.856,-0.269,0.000,108.310,-0.633,-1.895,14.0
2469,-0.856,-0.269,0.000,108.310,-0.633,-1.895,14.0
2470,-0.856,-0.269,0.000,108.310,-0.633,-1.895,14.0
2471,-0.856,-0.269,0.000,108.310,-0.633,-1.895,14.0
2472,-0.856,-0.269,0.000,108.310,-0.633,-1.895,14.0
2473,-0.856,-0.269,0.000,108.310,-0.633,-1.895,14.0
2474,-0.856,-0.269,0.000,108.309,-0.633,-1.895,14.0
2475,-0.856,-0.269,0.000,108.309,-0.633,-1.895,14.0
2476,-0.856,-0.269,0.000,108.309,-0.633,-1.895,14.0
2477,-0.856,-0.269,0.000,108.309,-0.633,-1.895,14.0
2478,-0.856,-0.269,0.000,108.309,-0.633,-1.895,14.0
2479,-0.856,-0.269,0.000,108.309,-0.633,-1.895,14.0
2480,-0.856,-0.269,0.000,108.309,-0.633,-1.895,14.0
2481,-0.856,-0.269,0.000,108.309,-0.633,-1.895,14.0
2482,-0.856,-0.269,0.000,108.309,-0.633,-1.895,14.0
2483,-0.856,-0.269,0.000,108.309,-0.633,-1.895,14.0
2484,-0.856,-0.269,0.000,108.308,-0.633,-1.895,14.0
2485,-0.856,-0.269,0.000,108.308,-0.633,-1.895,14.0
2486,-0.856,-0.269,0.000,108.308,-0.633,-1.895,14.0
2487,-0.856,-0.269,0.000,108.308,-0.633,-1.895,14.0
2488,-0.856,-0.269,0.000,108.308,-0.633,-1.895,14.0
2489,-0.856,-0.269,0.000,108.308,-0.633,-1.895,14.0
2490,-0.856,-0.269,0.000,108.308,-0.633,-1.895,14.0
2491,-0.856,-0.269,0.000,108.308,-0.633,-1.895,14.0
2492,-0.856,-0.269,0.000,108.308,-0.633,-1.895,14.0
2493,-0.856,-0.269,0.000,108.308,-0.633,-1.895,14.0
2494,-0.856,-0.269,0.000,108.307,-0.633,-1.895,14.0
2495,-0.856,-0.269,0.000,108.307,-0.633,-1.895,14.0
2496,-0.856,-0.269,0.000,108.307,-0.633,-1.895,14.0
2497,-0.856,-0.269,0.000,108.307,-0.633,-1.895,14.0
2498,-0.856,-0.269,0.000,108.307,-0.633,-1.895,14.0
2499,-0.856,-0.269,0.000,108.307,-0.633,-1.895,14.0
2500,-0.856,-0.269,0.000,108.307,-0.633,-1.895,14.0
